10 0.618486 0.595986 0.607035
20 0.307118 0.321268 0.311785
30 0.122784 0.126257 0.123681
40 0.0525817 0.0517638 0.0516085
50 0.0256862 0.025062 0.0250746
60 0.0105425 0.00989135 0.0100755
70 0.00535765 0.00499356 0.00510648
80 0.00215579 0.00211144 0.0020965
90 0.000879145 0.000829421 0.000842639
100 0.000400859 0.000379586 0.000384921
110 0.000185166 0.000177251 0.000178138
120 7.81919e-05 7.52696e-05 7.53991e-05
130 3.55249e-05 3.47715e-05 3.45191e-05
140 1.56382e-05 1.49725e-05 1.5048e-05
150 6.59753e-06 6.1071e-06 6.24864e-06
160 2.781e-06 2.55111e-06 2.61171e-06
170 1.25068e-06 1.14538e-06 1.17131e-06
180 6.64574e-07 6.00504e-07 6.18691e-07
190 2.79399e-07 2.59285e-07 2.6259e-07
200 1.38721e-07 1.29338e-07 1.31268e-07
210 6.50967e-08 6.12525e-08 6.22291e-08
220 2.9825e-08 2.86063e-08 2.88053e-08
230 1.29407e-08 1.15368e-08 1.20835e-08
