10 0.805524 0.840132 0.820537
20 0.573571 0.595385 0.582763
30 0.423974 0.446118 0.433552
40 0.289173 0.303676 0.295775
50 0.200102 0.212824 0.205518
60 0.128303 0.133631 0.130526
70 0.0859958 0.0892182 0.0874864
80 0.0566453 0.0602632 0.0582243
90 0.0360305 0.0378976 0.0368208
100 0.0240161 0.0251005 0.0244622
110 0.0166575 0.0174904 0.0170483
120 0.0116678 0.0117818 0.0117281
130 0.0086737 0.00883551 0.00874691
140 0.00556719 0.00560257 0.00557515
150 0.00393244 0.00394308 0.0039211
160 0.00279 0.00288242 0.00282315
170 0.00172226 0.00182162 0.00176363
180 0.00127002 0.00128744 0.0012787
190 0.000887285 0.000897359 0.000892852
200 0.000514465 0.000536429 0.000523708
210 0.000360082 0.000377405 0.000366989
220 0.000265183 0.000274613 0.000268849
230 0.00017857 0.000187799 0.00018241
240 0.000114285 0.000123247 0.000118346
250 8.21885e-05 8.80938e-05 8.48316e-05
260 5.47473e-05 5.99007e-05 5.70242e-05
270 3.39475e-05 3.72611e-05 3.53994e-05
280 2.41635e-05 2.59592e-05 2.49894e-05
290 1.69223e-05 1.85701e-05 1.76404e-05
300 1.01704e-05 1.10348e-05 1.05369e-05
310 7.2999e-06 7.91962e-06 7.56457e-06
320 4.99418e-06 5.59354e-06 5.26657e-06
330 3.40147e-06 3.7731e-06 3.56303e-06
340 2.17362e-06 2.40591e-06 2.27201e-06
350 1.56613e-06 1.74205e-06 1.64388e-06
360 9.93562e-07 1.07641e-06 1.02931e-06
370 6.96875e-07 7.64409e-07 7.25758e-07
380 5.11906e-07 5.60621e-07 5.32518e-07
390 3.53672e-07 3.89304e-07 3.6913e-07
400 2.5642e-07 2.80942e-07 2.67034e-07
410 1.91823e-07 2.05288e-07 1.97799e-07
420 1.20474e-07 1.30857e-07 1.24924e-07
430 8.43981e-08 9.23338e-08 8.75857e-08
440 5.88154e-08 6.45078e-08 6.11624e-08
450 4.11353e-08 4.49104e-08 4.26309e-08
460 3.07588e-08 3.32357e-08 3.18461e-08
470 2.29027e-08 2.4289e-08 2.35022e-08
480 1.89978e-08 1.95321e-08 1.92394e-08
