10 0.705198 0.730719 0.715739
20 0.456491 0.472171 0.463084
30 0.276892 0.291708 0.28348
40 0.145676 0.156712 0.150444
50 0.083239 0.0872666 0.084974
60 0.0518637 0.0540039 0.052749
70 0.0296525 0.0304393 0.0299612
80 0.0176516 0.0181163 0.0178319
90 0.0106131 0.0108246 0.0106193
100 0.00721237 0.00700539 0.0070614
110 0.00393031 0.00384803 0.00385518
120 0.00230403 0.00228431 0.00227408
130 0.00142056 0.00145601 0.00143006
140 0.000819565 0.000856858 0.000833513
150 0.000455257 0.000469042 0.000459081
160 0.000266644 0.000270082 0.000266093
170 0.000141907 0.000147162 0.000143419
180 9.5781e-05 9.56883e-05 9.51703e-05
190 5.85948e-05 5.8696e-05 5.82442e-05
200 3.72633e-05 3.82168e-05 3.7508e-05
210 1.98364e-05 2.06094e-05 2.015e-05
220 1.24098e-05 1.30539e-05 1.2698e-05
230 7.04589e-06 7.59462e-06 7.29403e-06
240 4.20289e-06 4.48675e-06 4.3335e-06
250 2.32526e-06 2.45505e-06 2.37659e-06
260 1.30929e-06 1.38122e-06 1.34272e-06
270 8.75292e-07 9.20615e-07 8.94013e-07
280 4.78799e-07 5.05589e-07 4.89736e-07
290 2.79804e-07 3.0344e-07 2.90476e-07
300 1.71066e-07 1.81627e-07 1.75433e-07
310 9.73371e-08 1.0185e-07 9.93555e-08
320 6.22485e-08 6.63374e-08 6.39199e-08
330 3.94249e-08 4.15191e-08 4.03226e-08
340 2.21104e-08 2.42163e-08 2.31091e-08
350 1.35562e-08 1.51705e-08 1.43205e-08
360 7.87858e-09 8.62573e-09 8.23377e-09
370 5.09866e-09 5.49874e-09 5.29986e-09
380 3.16149e-09 3.40981e-09 3.29239e-09
390 2.06814e-09 2.16672e-09 2.12595e-09
