%%MatrixMarket matrix array real general
1000 1
-9.05176040526607293e-04
-2.81566907880398225e-03
3.61763858618723661e-03
-2.77788135319081151e-03
-3.41992237864925924e-03
-2.64541551221659328e-03
-3.70990697009876760e-03
-4.51238318413210888e-03
-4.03686536669027509e-03
2.25074937831281811e-04
-3.77806086566935236e-03
-1.43634007056540132e-03
1.08721759514433737e-03
2.50655888368727818e-03
-2.74613775306404868e-03
2.30022711558802658e-04
-3.53117778258106498e-03
-1.57563035025639524e-03
-2.85191217430404674e-03
-5.10019868066510936e-04
-1.19616301966638753e-03
-2.70475086830680505e-03
-2.55283023008726030e-03
-2.32337124423553790e-03
-3.29158926648387418e-03
-4.61539706240482982e-03
-6.24387896072852241e-05
-2.15757215154613411e-03
-3.36161437288558544e-03
-5.49716530854645188e-04
-1.03385936836644242e-03
3.19615486129654980e-03
-2.84388461277619792e-03
7.22517147028680935e-03
-2.76231763200854687e-03
-7.67705745792895901e-04
-1.35382034670111589e-03
5.02195674211772941e-03
-1.76047089684642989e-03
-5.22411458239620870e-03
-1.13427507705174250e-03
-3.95913734514801406e-03
1.82749052880910499e-03
-4.58664619044095966e-03
-3.46496054403594607e-03
6.22228185895058912e-03
4.60651570539988200e-03
-7.14659853549668448e-05
-2.58306141138378575e-03
-3.53185396761632100e-03
-3.17170066241501949e-03
-1.76203016518814717e-03
-1.05995530540232558e-02
-2.61702923940184068e-03
-6.20524264703887964e-03
-3.97454609285001741e-03
-2.08783676508859321e-03
-4.30815452036689694e-03
-3.89749784273038654e-03
-4.24637887852969548e-03
-7.96502254730774815e-04
-1.08344424440945386e-03
-9.65360259123357713e-04
-4.42040353334237791e-03
-1.43785504397597004e-03
-3.33489315783397095e-03
-2.25709729893978006e-03
-3.16149420225567655e-03
-1.80634436412555380e-03
-2.46922033705833420e-03
-1.29175948112890751e-03
-4.16580383305684837e-03
-3.61533933299303112e-03
-2.05789290222138177e-03
-3.07497738506364244e-04
-5.41824750930543111e-04
-2.81991207972442058e-03
-1.90678878154441184e-03
-3.25929278914157978e-03
-2.61877245490697678e-03
-3.20371783029721338e-03
6.67112846141286117e-03
-4.01383589199707982e-03
-7.62476885704341028e-04
1.31742115254835142e-02
-2.70578820494362564e-03
-1.63346681191912598e-03
-4.19990335865149094e-03
-2.45884332845589318e-03
-1.92044429808501099e-03
-2.08448831511972438e-03
-2.37598157514771601e-03
-1.38754991874902333e-03
-3.42939109575707236e-03
-2.49508056181306330e-03
7.16749169094045953e-05
-3.76659692358139201e-03
-3.61488966167125472e-03
-2.80387217281814023e-03
2.83435115329956720e-03
2.00830376564492086e-04
-2.02762952175590495e-03
3.23701714113176948e-03
-4.39202958193469204e-04
5.51577468638689305e-04
-4.22116840501117301e-03
-3.55016567351199280e-03
-3.40443603902879609e-03
-3.03652751497961605e-03
-2.82348868345454456e-03
-5.18744872606591041e-03
-3.20814709723873373e-03
-3.34026704417008042e-03
-2.45514305114257316e-03
-1.14821147209375916e-03
-2.25610122338366047e-03
-7.40891772999322353e-04
-5.64085663340423908e-04
-5.13181875144579861e-03
-2.74166370503217812e-03
2.90789850509964127e-03
1.15581247716143730e-03
-3.54470101038446709e-03
-1.01544617979541741e-03
-2.87605599307411272e-03
-3.20128458256217297e-03
-8.38982910231242211e-05
-4.32249608681312114e-04
2.80855571746178932e-04
1.22811474816966358e-03
-2.49936121624738270e-03
-3.86658237388070236e-03
-6.19781936580455031e-04
-4.88435721006494610e-03
-3.12794461013948767e-03
-1.24515193367913807e-02
-3.12605661141575255e-03
-3.30359838710493235e-03
9.22627153782963551e-04
6.38644645900448248e-03
-2.59319022282723192e-03
-3.08211658444347125e-03
-1.64667995099285094e-03
-2.60527929220555300e-03
-2.90431151333675908e-03
-4.61988173067518632e-03
-2.57750022551393211e-03
1.58649577131391144e-03
-2.42723749636313555e-03
7.47246188075608819e-04
-5.49221010833070202e-03
-3.99874394327037579e-03
-2.12156797730274089e-03
1.36459374139201381e-02
-3.12779259810365331e-03
-3.17831610123886499e-03
-3.64801533644680933e-03
-2.30162290262631020e-03
-4.89253818954535780e-03
-3.31653721210753861e-03
-4.12318256805852511e-03
3.64215442888987889e-04
-1.30527770074504671e-03
-2.69840228846000927e-03
-1.63146982166718262e-03
-4.60701676419710601e-03
3.98419612589883017e-03
7.84875501985108845e-04
1.50569522608705562e-02
1.45384462448107247e-03
-2.79646612402456693e-04
3.82398390213607806e-03
-5.56225812739240179e-03
5.29203692618859423e-05
-1.25008112618734237e-03
-2.58528810095653159e-03
-2.71251194936330186e-03
8.89591176343549998e-03
-4.56961131397080281e-03
-1.46444842641492369e-03
-2.85963278694386118e-03
-1.60332987653581519e-03
4.85994395459885280e-04
4.31557478406753917e-03
-2.49984296412257209e-03
-1.14574204578730531e-03
-5.47469221630835900e-03
-1.41313422330740981e-03
-2.30487856850037113e-03
-3.16033540123171952e-03
-5.59632013592443762e-03
-3.17486111269111703e-03
-2.56844045405776747e-03
2.41498085275155226e-03
-9.20270981646575492e-04
7.37978841149610626e-03
2.07917253777583841e-02
-3.81469426127985277e-03
4.66712555267152800e-05
-2.39703035597985071e-03
-6.31617732290627124e-04
-2.36969678970447555e-03
-2.22135605890581541e-03
5.40414784808293525e-03
-2.96915990426878233e-04
9.47109921545015165e-02
-4.78585173669498608e-03
-2.49974715186679526e-03
-2.69850069916460147e-05
-5.53658134178549948e-04
5.28713656607200308e-03
-3.17133740502984407e-03
-3.49190935836618706e-03
-2.80976250974011204e-03
-4.22596013984530890e-03
-2.87540724835699769e-03
-5.87210755871026262e-03
-4.57322194883559314e-03
-2.82969789425145885e-03
-3.22283117153593552e-04
-1.89052326010514279e-03
-5.49902187937531192e-03
-3.31374516552571455e-03
9.69548691604260271e-01
2.00156110281916053e-03
-4.20648892658927968e-03
-2.39055014903648581e-03
-1.69669101454834772e-03
-3.38392272306121088e-03
1.14802465139295373e-02
-3.52772330270515692e-03
-1.32836271098869699e-03
1.48591314705198772e-03
-3.14484194485401903e-03
-1.15078326746783158e-03
-1.33169255688454086e-03
1.15426857082468457e-03
-8.97146062330407361e-04
-1.14554300907820862e-03
2.63329098007467370e-03
2.05386469845510004e-03
-2.53296650086689591e-03
-4.03960848719347749e-03
-1.27907919668608151e-03
-1.95146054315836238e-03
-2.98622194144380817e-03
-2.78099987626222308e-03
-2.89393501916179611e-03
-5.24853731636585122e-04
-4.02367814952948877e-03
-2.47532424800824989e-03
-2.90666433141604239e-03
-4.04665177844287360e-03
3.11881068360488796e-02
-6.42307298658628678e-03
2.61929303096390953e-02
-3.20163362437643787e-03
-2.65952603739016101e-03
-6.38963703428707197e-04
-1.31895688845734007e-03
-3.98605353579672712e-03
1.23003249449936511e-03
1.75557943303370260e-03
-2.73872007953853552e-03
-3.61262223227076969e-03
-3.38456160516109085e-03
-1.97257026268908824e-03
-2.54102841064867942e-03
1.29385023239634699e-03
-1.72497713135394632e-03
-3.96043043490186108e-03
-3.02739010640167179e-03
-5.68275959065601792e-03
-1.90507851975836346e-03
-2.39942454605468394e-03
-3.68398618122627941e-03
-2.07786488753623939e-03
-4.75006475547168697e-03
-3.13683826880891380e-03
-2.59389678886717736e-03
3.39392211251349999e-03
-3.18335194189930341e-03
-2.47496361123756246e-03
-8.27490241235254815e-04
1.17906007955201793e-02
-2.52476911226219656e-03
-3.67189699864349517e-03
-3.28313699989939188e-03
6.62106702213941271e-04
-3.60095391293527561e-03
2.12764291323983652e-03
5.27043717328862368e-04
-2.25494397343041714e-03
-2.46756512467964477e-03
-2.81759820062737294e-03
3.35791846015564676e-03
-2.67343603843390185e-03
-2.88262452102719825e-03
-1.92681147353591860e-04
3.43761328766668773e-04
2.90377762918269820e-04
-3.26601972697243515e-03
-1.57199997593265904e-03
-1.74080424935082285e-03
-3.26414132755566870e-03
-2.68395639179469080e-03
-2.43641575206949342e-03
-4.67305051788767089e-03
-7.53014729270644594e-03
7.58515588716493386e-04
-2.90076467863084305e-03
-3.50542731200170028e-03
1.12627864893428704e-03
-9.06902492588444872e-04
-1.46355181691904934e-03
-3.66141741509311671e-03
-2.17166941427180283e-03
5.15281993148272305e-02
-1.44934427879370728e-03
-2.10900515498232532e-03
-2.61950057227984014e-03
-4.39539483490971640e-03
-3.37607159038910655e-03
-2.31707678622637345e-03
-2.30932604072421393e-03
3.04513729504923836e-03
-5.60936331608513205e-03
-1.47804304630901897e-03
-3.20738425613035193e-03
-4.26607811887155797e-03
-3.05990497781734056e-03
-1.53632209654188875e-03
-4.26196919682859682e-03
-3.24232894128616755e-03
-4.14044474757564295e-03
-1.94484990945235697e-03
-5.11665281654895710e-03
-1.47096719585166182e-03
1.06378215627653799e-02
1.71682663835349752e-03
-4.14261329995440492e-03
-4.37602920918586744e-03
-2.42357345253646928e-03
1.04503937376670096e-02
-1.20073297226291946e-04
-7.70093812592846996e-03
-1.40966693147495680e-03
-3.98656555930057555e-03
-4.27105115132030404e-03
2.50865420143298306e-03
-2.95906115459628047e-03
-2.47866246366294514e-04
-4.87160899850752095e-03
2.39342311467059220e-02
-6.18288920970770065e-04
-5.30048663683806934e-03
-6.46951427476209805e-04
-3.69004928774592815e-03
4.43378590992274876e-02
3.66237258517170992e-04
7.33095910140504122e-03
-4.26127394069673870e-03
-2.98595758999654513e-03
-3.47260760235255125e-04
1.08915398978207505e-02
-1.54922654252968601e-03
-1.59635892257313354e-03
-1.42235659090957632e-03
-2.50699845501363948e-03
-2.96274751640165966e-03
-4.45610121958096329e-03
-3.77217143684218780e-03
-1.61818318296812983e-03
-2.27773480827327216e-04
-1.84855342280565416e-03
-2.73633257004342366e-03
-2.70599544407056254e-03
-1.88784253685746808e-04
-3.71022551259080156e-03
-4.97702248689306276e-04
8.52512049128810630e-03
-4.70873676405891058e-03
-2.98800072897521416e-03
-3.32249153724422600e-03
-3.04958254974411124e-03
-1.91241899927527444e-03
-1.10861671917731512e-03
-4.23304812472869666e-03
2.50519326762498312e-03
-1.51566690224527192e-03
-1.40148722536065124e-03
4.47190252371454378e-03
6.42741956496445258e-04
-5.49933658264669615e-03
-2.52722570549533459e-03
7.14152234779764743e-03
-3.28877973379122258e-03
-1.52183057311647794e-03
-3.04245630620862467e-03
-3.04515006536640017e-03
-3.66671213518647175e-03
-5.26611894139743654e-04
-1.07051625327960983e-03
-2.57818513145491660e-03
-5.23538582489751873e-03
2.79787000927717629e-04
-5.61686884426679245e-03
-3.36543687813455018e-03
-2.87821146416857541e-03
-2.63603891591348682e-03
-2.49202299649598771e-03
-3.51334633355838760e-03
-2.43817041993618254e-03
-5.37346013512405673e-04
-1.83806402418697961e-03
-3.53200465916354779e-04
-3.24825792682550529e-03
-4.07904256246765292e-04
-3.94877070219689340e-03
-1.82265676874093460e-03
-2.96838186396094876e-03
-2.72269192758107939e-03
-3.76814294952180703e-03
-2.63112548978278096e-03
-3.34126745067257237e-03
-2.43544822953563897e-03
-2.78799415738168648e-03
-3.16188689831546372e-03
-3.97735305244882511e-03
-2.46795790916555123e-03
-3.45288652195596159e-03
1.31594740915501893e-03
-2.85115251154256311e-03
-2.54134115162400450e-03
-3.19819122561691357e-03
-2.78438825257481268e-03
-1.78904180303050223e-03
5.40604444794667545e-04
-8.64812917813791724e-04
-1.25827198297296110e-03
2.72877004826476116e-04
-2.18125859980945660e-03
-2.28383512495478492e-03
-9.29126419328727944e-04
-2.75467108852574206e-03
-1.19202374355078774e-03
-2.36562060180077688e-03
-1.12599258069272365e-03
-2.29226601548820430e-03
-4.83417284355720615e-03
-4.47996559120879181e-03
3.82771077697482520e-04
-3.32477720366074160e-03
-2.17426090056561938e-03
1.49814644171953094e-02
-1.80350710531911994e-03
-5.28422221232841363e-04
6.08051155294822825e-03
-2.79831787082936113e-03
-2.87366173726482429e-03
-3.49178368451508007e-03
1.64921910937083048e-03
-2.76643639711068043e-03
-6.71608004352869728e-03
-1.61229452366562086e-03
-1.75514316555904767e-04
-4.47611517329074473e-03
-1.74410002540952838e-03
2.50650535746522931e-03
-1.22255000124971949e-03
-3.57009741736716898e-03
5.96465488197465326e-04
3.70863868392325039e-04
-2.34684679612433191e-03
-5.51814210425962759e-04
-2.92886569940056535e-03
-2.92649329557045446e-03
-3.44449372582600289e-03
1.49609679851139257e-03
4.85003790024995799e-04
-8.20202824999513060e-04
-2.44040878388341329e-03
-3.50714110127575262e-03
-4.85532636664331042e-03
-4.31238844089570049e-03
-1.63973752855967026e-03
-3.66096578125606632e-03
-4.53985870037014287e-03
1.55717544202285847e-03
-1.58567513319708480e-03
-3.48598205904395841e-03
-4.07893321576445304e-03
-2.84579832719593796e-03
-2.55390796630072543e-03
3.00549245170127688e-04
-2.04832625444232837e-03
-4.06743753511979236e-03
2.48983778103803368e-03
-1.73428013022640794e-03
-2.91028825857703307e-03
-6.74391150253107578e-03
-5.19089726846920507e-03
-1.05347459486722947e-03
-3.34237708399895460e-03
-3.30767014338765371e-03
-2.36533923331218787e-03
-3.43774195269526623e-03
2.52932178400868818e-02
-5.07841892316674521e-04
-2.68671019584871109e-03
-3.53297418908727224e-03
-2.51575787308528590e-03
-3.70950042739330013e-03
8.68913232912271413e-04
2.60212615334051408e-03
-3.01056712108543380e-03
-1.94294358364452803e-03
-3.97151448687867777e-03
-1.90935526027029572e-03
-5.33226120380092755e-04
8.50405905195363368e-03
-2.29612040356056606e-03
-1.84025526063321342e-03
-4.82081232222953716e-03
-2.24322730642865717e-03
-3.97153229292873406e-03
-6.41744198932416628e-04
1.00041791031998148e-03
8.18194430384222896e-04
-3.27044320535572293e-03
1.13649810112688654e-01
-5.71895591588040663e-03
-3.65409514567834786e-03
-4.09541697230507776e-03
8.77755349488165459e-05
2.13821759143468767e-03
9.06391028203079076e-04
-5.29733258928457955e-03
-4.58983722092682624e-04
-2.61077293100288018e-03
-3.85737512355241886e-03
-2.84688677422648010e-03
-6.02100803592308959e-04
-2.80170847864871352e-03
-5.75514093624579395e-04
2.17638103393165902e-02
-1.56256488063299080e-03
-5.83938208421647727e-03
-4.79763644997127398e-04
-4.01356290468222153e-03
-3.77959507831831165e-03
-3.56470643524246789e-03
-3.41422192713995406e-03
-2.07331704179485087e-03
-4.60948864479675778e-03
2.29635962983726653e-03
2.92183993793535815e-03
-4.61542709492042316e-03
-5.73844538097176629e-03
-3.90889895492897797e-03
2.19168223373529932e-04
-4.15618281670438632e-04
-3.42075745511706509e-03
-3.47117117742913291e-03
-2.02295449803940354e-03
1.09081971572234362e-03
-7.57045148818548657e-03
-4.99125811671463464e-03
-5.14059291246506383e-03
-3.85649874169295215e-03
-6.88291728477825968e-04
4.48877791525599979e-04
-5.38359254758680184e-03
-4.42463564013448503e-03
-2.78785539536481261e-03
-5.55595958800214119e-04
-1.81077130261249114e-03
-1.63100436460645584e-03
-3.71905408466560250e-03
1.83902179724161380e-03
-3.23520413888171796e-03
-3.59891849655905125e-03
-3.08190787200504418e-03
4.92994240437918604e-02
-4.12822124866578290e-03
1.53641629127684474e-03
-1.58381742373341116e-03
-3.79272864491369535e-03
-5.64452404578415484e-03
5.97564675652437829e-02
-9.88265603776351071e-04
-1.86600576456830603e-03
2.14634637710671926e-04
1.53879007717213885e-03
-3.50086807030745937e-03
-1.92718195674540819e-03
-8.62881427709151646e-04
-3.14312413421074296e-03
-3.89623302090165782e-03
3.30683805913897539e-04
-3.75203138017717605e-03
-5.87080699084031616e-03
-4.02440770397217377e-03
-4.70342517374854226e-04
-1.85971234657815411e-03
-4.16301765685865056e-03
-3.52556060670641564e-03
4.67205911960475503e-03
-1.44514275652571356e-03
-2.13074515311454217e-03
-1.71863141791902532e-03
-3.44163906327701581e-03
-3.61603573116269558e-03
-6.90741069277150694e-03
1.62992917242354225e-03
2.09614686243711490e-03
-1.12311539306360884e-03
-1.21875258214160990e-03
-1.61236669481816205e-03
-2.96294577644473037e-03
-3.67729557186974223e-03
1.55610204720770673e-04
1.90311065472517009e-03
-3.04360046132280552e-03
6.92188353977555540e-04
-1.79160954877870000e-03
-2.64137148998961138e-03
-2.55922997346276428e-04
5.85279647699599105e-04
5.17879397099711681e-04
-1.59778034234323344e-03
-3.52016232235024011e-03
-4.49898421982761632e-03
-4.47478796861576662e-03
-9.04427936282139241e-04
3.62247541370264202e-03
4.94325057237517303e-03
-3.82000870650609121e-03
-3.23077082878980935e-03
-6.54753990066359037e-03
-3.39210501530304688e-03
-4.09887857212160554e-03
7.35254744734421730e-03
-2.79168604323954544e-03
1.05870065939560738e-04
-3.19519347761153694e-03
-7.03175418793849753e-04
-2.13842212951610103e-03
-1.77251804191309197e-03
-1.78020314126550424e-03
-5.86552159962951212e-03
-3.07271495781230586e-03
-1.67842379138501011e-03
-2.70260475656081741e-03
-2.74309329174534343e-03
-2.45661728894824806e-03
4.14718407167248993e-03
-3.35282919599521473e-03
-3.27614803606679971e-03
-7.31214782803851792e-04
-1.31731691163381088e-04
-3.61665133808486980e-03
-1.52507872694281413e-03
-2.75227602946022387e-03
-3.01902246519866746e-03
-3.69730504269062850e-03
-4.80339615274136440e-03
-3.36079938727506036e-03
-8.96706092478030377e-04
-3.18294153026974424e-03
-3.36141434196482068e-03
-4.37053935303972213e-03
8.85084851617293895e-04
6.27790255587425128e-03
6.13684984277529464e-04
-3.36817066831011014e-03
1.47320699716434861e-03
-2.75626558232413763e-03
-5.22590260017800033e-03
-3.98296581705731220e-03
-3.15880378261204327e-03
-2.16447931572812547e-03
-1.75830001406552280e-03
2.66492878258039871e-04
-3.54082970447317825e-03
-3.23891101606720456e-03
-3.69290048581283770e-03
4.47734465708228471e-03
3.89750914985949977e-03
-3.29094835137624551e-03
-1.38806166011338377e-03
-3.79657724103448771e-03
-2.64145384006068224e-03
-1.00196738350088847e-03
-4.37579480251976041e-03
-1.56200903771913542e-02
-4.24427752198216091e-03
1.53077889674729517e-02
-2.76289968411015923e-03
-3.18174539902262672e-03
-3.19343273448469437e-03
-2.17765790106362427e-03
-3.45735913721444436e-03
-2.09046230954577266e-03
7.93307791298658756e-03
-2.38824333129821712e-03
-2.51659342615105164e-03
-6.18318535989453204e-04
-4.26571817105109684e-03
-4.45053675710730540e-03
-3.09498404213703285e-03
1.81692421017731471e-03
-4.77834414848858201e-03
-3.26731910431005525e-03
-4.29496784303159441e-03
-8.45739760001093500e-04
-2.17102094210802100e-03
-2.36363770680599137e-03
-3.36725245895119719e-03
-3.20249190466210740e-03
-2.22307511362162657e-03
-1.91698616033837222e-03
-3.37294775280297865e-03
-7.22701792731970092e-04
3.06790308928294462e-03
-3.35460414629981662e-03
-5.05724208344191569e-03
3.51157968891252850e-03
2.34499785321556388e-02
-2.97511327485851153e-03
-2.86245294206593755e-03
-2.85047722171685985e-03
-3.17704649786792592e-03
-2.15477921439066831e-03
-2.11582593722134307e-03
-4.64920173599555914e-03
4.64850538417267073e-06
-3.90222659685211066e-03
4.38438255554221101e-04
-1.80728005941477960e-03
-5.44459900712228285e-04
-1.94460922306180896e-03
-4.28660426503633257e-03
-2.80146476905126065e-03
-7.52465205787849583e-05
-7.65424598278571658e-04
-1.87696776557161305e-03
-2.39553141581942295e-03
-1.94000347941399726e-03
1.70166129097493949e-04
-1.37142830144556193e-03
5.39425703027830565e-04
-6.03059820456612562e-04
-9.20901190908255253e-04
1.96339949214913113e-03
-1.88862642181560157e-03
-4.38030692122969630e-03
1.02651884102115173e-03
2.79589487188102695e-04
-2.87460534211621743e-03
-3.14145602535767770e-03
-1.75262517045477839e-03
-4.16995325435502110e-03
-1.77140982586983155e-03
-3.13555102302075532e-03
-3.10841363293647675e-04
-6.39889254788676091e-03
-5.78538323492661533e-03
-3.94721143143773705e-03
-4.06801958290603245e-03
-3.01498607476951988e-03
-2.46705084867363455e-03
-3.33695940293625599e-03
-3.71699915749722871e-03
2.15866759135506028e-02
-3.62515646863041706e-03
3.35885891580435829e-03
-1.88959815641713763e-03
-2.72791931694912676e-03
-4.82542697083964030e-03
9.68625408381542166e-03
-2.22076364063830169e-03
-6.41974359149522530e-04
-1.34552830182643052e-03
-2.36332289251955582e-03
-2.27474860718838642e-03
-3.33799976651414200e-03
-2.13031093274643982e-03
-5.96433227706870493e-03
-2.54614514919106714e-03
-1.82980960311202555e-03
-2.92093710465420216e-03
-3.30039138073858537e-03
2.63148361880346420e-03
-2.17775420796171735e-03
-2.85494250977120275e-03
-2.35825562678256342e-03
-5.47019691743329001e-03
-2.46227500770232867e-03
-5.69731195943420053e-03
-2.15015511541999209e-03
3.67514107860247808e-03
-1.92119217054918844e-03
-2.67922730616422565e-03
-1.39531524327282208e-03
-3.89774249953123066e-03
-3.07290152812898093e-03
-5.75214944838967155e-03
-2.10971279675662522e-03
-2.64224576880050990e-03
-5.40612177763389809e-03
-2.27768524172570694e-03
-2.39904165914395619e-03
8.35227763829003572e-02
-8.33572335884539563e-04
6.06362035932613529e-03
-3.03365320573782942e-03
-3.36484042926932063e-03
-4.43552411947928729e-03
-2.56089231056952967e-03
-1.63783388333688844e-03
-3.72588522626686935e-03
1.99396622578567489e-04
-2.59881618153649883e-03
2.95477217998893742e-03
1.18686163609840463e-03
-3.59545085541931918e-03
-3.96755434520543702e-03
1.43988095712633008e-02
-3.15314062083663343e-03
-1.96207114394283044e-03
-3.96355420677361320e-03
-3.19463292677815269e-03
-3.41879849057079863e-03
-4.27610794928367632e-03
-2.96768223915188983e-03
-1.26278208462229057e-03
-2.74410030930932834e-03
-1.58075214034584639e-05
-1.92903116112399186e-03
-1.40451784651139016e-03
-2.26050807345739213e-03
3.64236193642706457e-03
-2.67835194135622543e-03
-1.89862794694502322e-04
1.40851669770396541e-03
-4.13178917370035127e-03
-3.27045258134612844e-03
-4.04691599765682249e-03
-5.47717911145502098e-03
-1.69527981967070691e-04
3.35915961294408006e-03
7.00399306699419147e-03
2.76779964667738529e-03
-3.00604420530554192e-03
-2.45809875061007294e-03
-3.26331724697917838e-03
6.56632385815970020e-03
-2.90940111430475646e-03
-2.29614082360892272e-03
-3.41684308968674732e-03
-1.62036930038657453e-03
-2.33878677674370780e-03
-3.92957119758534628e-03
-4.25036649102738390e-03
9.42705371284832964e-05
3.02067692720666412e-04
-1.81465577882135277e-03
7.61179909053696750e-04
-3.98335948443522426e-03
-4.76599711215636767e-06
-4.61505817175046542e-03
-1.86936841489542742e-03
-2.69717726947663354e-03
-1.70135821971808816e-03
7.07676913185423338e-03
-4.73332097234856024e-03
1.51024262213772208e-02
2.15594946819070874e-03
-3.40381992552403435e-03
-1.37541853104632627e-03
-1.80277306500423304e-03
4.49083113640870620e-03
-3.29453550977221871e-03
-3.32945025829591446e-03
-2.38563105532264445e-04
-3.50100213575823497e-03
-5.34736089975329770e-03
-1.57953482897215075e-03
-1.54619522304087743e-03
-1.10698546125812588e-03
8.03696989290403514e-03
-3.52851789529354991e-03
-2.63679358585594461e-03
-1.92334251165612868e-03
-4.98996235728782749e-03
-2.09366375232924919e-03
-3.25408865018498444e-03
-1.84064343217469565e-03
8.39863266604401172e-05
-7.25928437301028451e-03
3.39437761492347072e-03
-4.04877619687683560e-03
-6.02199872266856017e-03
-2.71087627329938017e-03
-1.43799586999155478e-03
-5.02933104359467881e-03
-2.98651105367293270e-03
-4.37300997842710211e-03
-1.78408784082012637e-03
-8.53355695501137844e-03
-6.43882708210626216e-03
-3.74717031047447054e-03
6.02857929635419905e-03
-1.32376062715994724e-03
4.54813818044465037e-02
-3.75234949877163455e-03
2.05676276755891417e-03
-3.12659183845755270e-03
-5.75952194761794058e-04
-1.39138418131961152e-03
-3.83830396570065653e-03
-2.34957328389994715e-03
-1.64941344956295193e-03
-2.87060085230997309e-03
-4.22394671798557043e-03
-3.14964288115867795e-03
-3.52587758507225341e-03
-3.13621046718446034e-03
-1.86001621181854072e-03
-4.69383170253945790e-03
-6.43531791420012735e-03
-6.30224691517710799e-04
-1.02546748929980961e-03
-4.36688786078310784e-03
-3.55807822381650884e-03
-3.24879686845111568e-03
-6.63010665903320776e-04
2.36452290837148686e-02
-2.13234439749834283e-03
-3.24198449532979958e-03
-3.98254599335779412e-03
-5.33193887209499132e-03
-1.02556753631756915e-03
-3.58590392424205191e-03
1.10423380039098332e-04
4.25417636679581380e-04
-2.19970284048324593e-03
-4.46672073227264918e-03
-4.33417073403734830e-03
-5.28121826341922899e-03
-2.08336800310367004e-03
-2.38304138173929753e-03
-4.97026626357485041e-03
-2.57005391460563438e-03
-3.47242236281469861e-03
4.34621535993791330e-03
-2.94984827787759347e-03
1.33300829808983383e-02
-2.05072591343226796e-03
-3.47593879869250192e-03
-5.81239514672973506e-04
-3.37996985797122274e-03
-1.42770336053502176e-03
-3.69320038766105798e-03
-7.79566416265408953e-04
-3.00978303351592856e-03
-1.15236321003200849e-03
-3.09504494883286116e-03
2.23197381957570282e-03
-2.17890890080490703e-03
-1.83940439610506129e-03
-1.00289535783250616e-02
2.11781961618397793e-03
-1.88912067508569415e-03
1.13620702784197614e-02
-3.34654136485751375e-03
-3.24140454099044236e-03
7.64900396523466078e-04
-1.80356649124568990e-03
-3.86875676111058525e-03
-2.56840521777014106e-03
-1.33851237000645867e-03
-2.12137311662582376e-03
-1.48007601667284137e-03
-3.48454385743665824e-03
-2.17036722341582390e-03
-3.68097252234662929e-03
-2.06404332855426257e-03
-4.94751644295786906e-03
-2.95640796532744892e-03
-1.93007599414476614e-03
1.29644947257311766e-02
-1.90193009276795177e-03
-3.28813161468177653e-03
1.45018611184945159e-03
-1.93326728442161149e-03
-3.44558609569089319e-03
-7.60482084782099395e-03
-4.85060164083357063e-03
