%%MatrixMarket matrix array real general
1000 1
-1.52630158888354163e-03
-4.74776175720311149e-03
6.10003720258840525e-03
-4.68404435521560178e-03
-5.76664949875825127e-03
-4.46068136890183636e-03
-6.25561951438485114e-03
-7.60874936502448085e-03
-6.80693450492090082e-03
3.79519805926240711e-04
-6.37054014246230677e-03
-2.42194670840562096e-03
1.83325880120016062e-03
4.22654228074385938e-03
-4.63051851588594261e-03
3.87862707818986685e-04
-5.95424759259884431e-03
-2.65681701615783647e-03
-4.80887461456023547e-03
-8.59991979614483770e-04
-2.01696182371149078e-03
-4.56073223660352287e-03
-4.30456470551883203e-03
-3.91765254809439169e-03
-5.55025509122349624e-03
-7.78245065521021746e-03
-1.05283855867533164e-04
-3.63808326291962733e-03
-5.66833094208286578e-03
-9.26928218284318395e-04
-1.74328652767011608e-03
5.38933425621462587e-03
-4.79533859574594358e-03
1.21830342401010473e-02
-4.65780091603264397e-03
-1.29450012719848837e-03
-2.28280251986192435e-03
8.46798877966255074e-03
-2.96849386940981931e-03
-8.80886593394826500e-03
-1.91260680223908470e-03
-6.67587005174376247e-03
3.08150191002428808e-03
-7.73397113344259646e-03
-5.84259254222425136e-03
1.04919687028749587e-02
7.76747497235829969e-03
-1.20505451000402306e-04
-4.35554031466094897e-03
-5.95538777113597227e-03
-5.34809975492793552e-03
-2.97112309692017544e-03
-1.78728931649572119e-02
-4.41281663170169265e-03
-1.04632373014129504e-02
-6.70185217571442511e-03
-3.52049593582951436e-03
-7.26438040247538979e-03
-6.57193394841593288e-03
-7.16021474179844714e-03
-1.34305660171649068e-03
-1.82689620324773434e-03
-1.62778380268194830e-03
-7.45365391302416601e-03
-2.42450124610894607e-03
-5.62327381378494202e-03
-3.80590187918837704e-03
-5.33088969228753991e-03
-3.04584539315875440e-03
-4.16358228125781812e-03
-2.17815591689259850e-03
-7.02434965652948533e-03
-6.09616021772971597e-03
-3.47000480103882951e-03
-5.18500563257627686e-04
-9.13621153472665877e-04
-4.75491627605529113e-03
-3.21521407619601313e-03
-5.49579699415081360e-03
-4.41575602964873644e-03
-5.40208688231778172e-03
1.12488107444568587e-02
-6.76810236372229340e-03
-1.28568325942482920e-03
2.22142645003452176e-02
-4.56248138647719938e-03
-2.75434045842644056e-03
-7.08184804111442780e-03
-4.14608464101032248e-03
-3.23823991388922337e-03
-3.51484980261453084e-03
-4.00636372478017228e-03
-2.33967709133106735e-03
-5.78261558415955196e-03
-4.20718761366265653e-03
1.20857749944721759e-04
-6.35120972247733666e-03
-6.09540198505206712e-03
-4.72786989579278109e-03
4.77926334220931878e-03
3.38638794137946638e-04
-3.41897489788033603e-03
5.45823595030010822e-03
-7.40580995209562561e-04
9.30066118725175750e-04
-7.11770501544133419e-03
-5.98626484316656330e-03
-5.74053653983044171e-03
-5.12017172715441542e-03
-4.76094712056694506e-03
-8.74704022019855837e-03
-5.40955548164846322e-03
-5.63233522381576673e-03
-4.13984525895668906e-03
-1.93610625532182916e-03
-3.80422230346406367e-03
-1.24928659143667574e-03
-9.51157350256457627e-04
-8.65323734114432051e-03
-4.62297440698985346e-03
4.90327837893666033e-03
1.94892301757857854e-03
-5.97705036593690689e-03
-1.71223833625315297e-03
-4.84958575504638740e-03
-5.39798395678962352e-03
-1.41468718967359777e-04
-7.28856305278126728e-04
4.73576725642917791e-04
2.07083860767252057e-03
-4.21440562360989208e-03
-6.51980449832699569e-03
-1.04507202158568178e-03
-8.23596939890251789e-03
-5.27431860173640382e-03
-2.09956659222909278e-02
-5.27113507132591797e-03
-5.57050478748627367e-03
1.55572753554852113e-03
1.07687819178546515e-02
-4.37261944657282853e-03
-5.19704370127114720e-03
-2.77662036228979413e-03
-4.39300395187804203e-03
-4.89723001819593502e-03
-7.79001267187904699e-03
-4.34616308144972641e-03
2.67513821411433659e-03
-4.09279110518817081e-03
1.26000136225810910e-03
-9.26092675845740024e-03
-6.74265442399609588e-03
-3.57737327293566713e-03
2.30096854359451396e-02
-5.27406228009128820e-03
-5.35925466219010563e-03
-6.15125826911080368e-03
-3.88098064465506026e-03
-8.24976411000899815e-03
-5.59232214485722370e-03
-6.95248197380850252e-03
6.14137564726034008e-04
-2.20095024545984919e-03
-4.55002730510562295e-03
-2.75097314725372428e-03
-7.76831985424211550e-03
6.71812399480349251e-03
1.32345165152481826e-03
2.53889289271734230e-02
2.45146276634132868e-03
-4.71538186745950596e-04
6.44797524943303141e-03
-9.37904124448578347e-03
8.92339612101708426e-05
-2.10787816259809871e-03
-4.35929494324222358e-03
-4.57381891788713295e-03
1.50002249851864146e-02
-7.70524704237218055e-03
-2.46934282393812283e-03
-4.82189305827921029e-03
-2.70352376609235513e-03
8.19480393612025712e-04
7.27689239988716079e-03
-4.21521794355032148e-03
-1.93194232573643291e-03
-9.23138820989833839e-03
-2.38281716900614303e-03
-3.88647032597004430e-03
-5.32893573000293996e-03
-9.43647636805882740e-03
-5.35342888435914183e-03
-4.33088655738216814e-03
4.07212403736799226e-03
-1.55175457436263192e-03
1.24437482586678191e-02
3.50588637556519256e-02
-6.43231112117047081e-03
7.86967487829182176e-05
-4.04185603366793555e-03
-1.06502945858065641e-03
-3.99576636296512713e-03
-3.74563524705263766e-03
9.11243678333753873e-03
-5.00657692717767534e-04
1.59701020948424532e-01
-8.06987014993120269e-03
-4.21505638558626865e-03
-4.55019324455603093e-05
-9.33574522590562787e-04
8.91513316762688156e-03
-5.34748723283349613e-03
-5.88803344685404854e-03
-4.73780214123516261e-03
-7.12578480562951755e-03
-4.84849184618419901e-03
-9.90150721592263604e-03
-7.71133526994812347e-03
-4.77141704893527252e-03
-5.43431566632802130e-04
-3.18778726626600282e-03
-9.27241271975443905e-03
-5.58761421519129737e-03
1.63484630860822699e+00
3.37501850988348702e-03
-7.09295258029479878e-03
-4.03092915346877061e-03
-2.86094867230794574e-03
-5.70594712809966743e-03
1.93579123954621089e-02
-5.94842267248685275e-03
-2.23987603032022291e-03
2.50553648765263273e-03
-5.30281077084827565e-03
-1.94044279892217919e-03
-2.24549079347564472e-03
1.94631969337487939e-03
-1.51276149509976614e-03
-1.93160671141194302e-03
4.44023706652948991e-03
3.46321247166473441e-03
-4.27107062247551825e-03
-6.81155993577095900e-03
-2.15677450882821370e-03
-3.29053929215062475e-03
-5.03534681644127961e-03
-4.68930278728380955e-03
-4.87973324537251032e-03
-8.85004737931813310e-04
-6.78469831040814930e-03
-4.17387465375126075e-03
-4.90119732379395209e-03
-6.82343628483857677e-03
5.25891703788768095e-02
-1.08305413157402212e-02
4.41663382140114191e-02
-5.39857250868653726e-03
-4.48447443900989052e-03
-1.07741618438639427e-03
-2.22401599731931587e-03
-6.72125594654702282e-03
2.07407229829075640e-03
2.96024591690659082e-03
-4.61801088600957612e-03
-6.09157866125466067e-03
-5.70702440668473861e-03
-3.32613435545110574e-03
-4.28466455907842818e-03
2.18168132724212097e-03
-2.90864452713702169e-03
-6.67805045075728874e-03
-5.10476429190828782e-03
-9.58222997972344413e-03
-3.21233024458251028e-03
-4.04589310043912583e-03
-6.21191205918288601e-03
-3.50368142476111368e-03
-8.00952638931786559e-03
-5.28931502757003843e-03
-4.37381085335022349e-03
5.72280802954378172e-03
-5.36774606193696387e-03
-4.17326655051886673e-03
-1.39530833057424359e-03
1.98812296419427041e-02
-4.25724824241701261e-03
-6.19152736299310048e-03
-5.53600293767548494e-03
1.11643974912509778e-03
-6.07190362176619064e-03
3.58761678796256289e-03
8.88697476683207588e-04
-3.80227095658416427e-03
-4.16079127357486724e-03
-4.75101462910027406e-03
5.66209891955956300e-03
-4.50792938671493084e-03
-4.86066156152206892e-03
-3.24897620116638801e-04
5.79647978738001644e-04
4.89632978642223836e-04
-5.50713991026861339e-03
-2.65069550404255271e-03
-2.93533210420989822e-03
-5.50397256614328090e-03
-4.52566873390408252e-03
-4.10826741658018926e-03
-7.87966551372204331e-03
-1.26972823658681871e-02
1.27900374779846390e-03
-4.89124937000733409e-03
-5.91082732692663811e-03
1.89912328036644660e-03
-1.52921272042828198e-03
-2.46783096719762219e-03
-6.17385676157674191e-03
-3.66185396997967564e-03
8.68864938589991864e-02
-2.44387431452024705e-03
-3.55618992869094963e-03
-4.41698377613488399e-03
-7.41148441842346024e-03
-5.69270860240361082e-03
-3.90703887646538101e-03
-3.89396962292208344e-03
5.13468947885339574e-03
-9.45846968837668611e-03
-2.49226597812646396e-03
-5.40826918423931852e-03
-7.19343146483069577e-03
-5.15959064355940578e-03
-2.59053571018580224e-03
-7.18650302885580957e-03
-5.46719267104006732e-03
-6.98158934170709129e-03
-3.27939248724503588e-03
-8.62766464644894662e-03
-2.48033472794727348e-03
1.79374212601366434e-02
2.89490122212252357e-03
-6.98524593975329185e-03
-7.37883023405639174e-03
-4.08661281978955904e-03
1.76213817557302199e-02
-2.02466764622220461e-04
-1.29852686894587725e-02
-2.37697064546149974e-03
-6.72211931704347603e-03
-7.20181695780469470e-03
4.23007539105758716e-03
-4.98954848521658816e-03
-4.17950352993618976e-04
-8.21447345260659274e-03
4.03577352828189684e-02
-1.04255450897454329e-03
-8.93764396476430870e-03
-1.09088502951640905e-03
-6.22213562752781113e-03
7.47621918400258462e-02
6.17546736276764451e-04
1.23614126131808538e-02
-7.18533069276735149e-03
-5.03490106885630482e-03
-5.85548695915136795e-04
1.83652393646665281e-02
-2.61229509789930904e-03
-2.69176939165809495e-03
-2.39836786157226426e-03
-4.22728348287891922e-03
-4.99576440303678426e-03
-7.51384710505087310e-03
-6.36060942824313684e-03
-2.72856930882968418e-03
-3.84070070491511256e-04
-3.11701801643240453e-03
-4.61398508398572563e-03
-4.56283083166197923e-03
-3.18326704923723033e-04
-6.25615663853521659e-03
-8.39222094879443423e-04
1.43749993025739081e-02
-7.93983941558623618e-03
-5.03834619569339375e-03
-5.60236228678535723e-03
-5.14218503662340187e-03
-3.22470771045460340e-03
-1.86934185637390457e-03
-7.13773651679410186e-03
4.22423958836984012e-03
-2.55570706419637646e-03
-2.36317808149612806e-03
7.54049115496575884e-03
1.08378704861859104e-03
-9.27294337023748874e-03
-4.26139053296274110e-03
1.20419856673950592e-02
-5.54551767659823037e-03
-2.56610020345648948e-03
-5.13016881398380489e-03
-5.13471101207402421e-03
-6.18278468203572757e-03
-8.87969339403696075e-04
-1.80509711387821944e-03
-4.34731796511781884e-03
-8.82787142522088036e-03
4.71774908907748869e-04
-9.47112545816748697e-03
-5.67477642403746083e-03
-4.85322029552125948e-03
-4.44487061696516826e-03
-4.20203196813882709e-03
-5.92418032639102036e-03
-4.11122612542020975e-03
-9.06069137365922688e-04
-3.09933086491562693e-03
-5.95564186618231751e-04
-5.47719008551416676e-03
-6.87805340118789353e-04
-6.65838988998594498e-03
-3.07335125717665171e-03
-5.00526500098355705e-03
-4.59098432686057441e-03
-6.35381662074198730e-03
-4.43658563175303167e-03
-5.63402210235203725e-03
-4.10663598676479138e-03
-4.70109649580875873e-03
-5.33155185367177598e-03
-6.70658525160664366e-03
-4.16145358406263058e-03
-5.82223340956957748e-03
2.21894143410154366e-03
-4.80759367645763359e-03
-4.28519190075137175e-03
-5.39276795966960737e-03
-4.69501624402380181e-03
-3.01666993412231339e-03
9.11563481693062607e-04
-1.45824157009088952e-03
-2.12168952874843518e-03
4.60123321198506268e-04
-3.67802318841553566e-03
-3.85098701677802661e-03
-1.56668655223139025e-03
-4.64490736721481431e-03
-2.00998220490894658e-03
-3.98889312306982373e-03
-1.89864091407293935e-03
-3.86520312617634476e-03
-8.15134886664304649e-03
-7.55408704369541720e-03
6.45425948005052858e-04
-5.60621636171330755e-03
-3.66622371627291742e-03
2.52616418464461021e-02
-3.04106122695193843e-03
-8.91021900446925226e-04
1.02529165918822471e-02
-4.71850427013430131e-03
-4.84554857743407438e-03
-5.88782153647417900e-03
2.78090187361266106e-03
-4.66474594930595468e-03
-1.13246077918094101e-02
-2.71863989217765480e-03
-2.95951028570314435e-04
-7.54759449559085777e-03
-2.94088941904126471e-03
4.22645202519786756e-03
-2.06145536984324394e-03
-6.01987361201740921e-03
1.00575598733294771e-03
6.25348093899371314e-04
-3.95723686157986500e-03
-9.30465311092046766e-04
-4.93863311717892065e-03
-4.93463278622309053e-03
-5.80808153469131692e-03
2.52270809042079349e-03
8.17810041568282214e-04
-1.38302033964046332e-03
-4.11500043925111438e-03
-5.91371710656606910e-03
-8.18701779119610125e-03
-7.27151961003393715e-03
-2.76491409752357411e-03
-6.17309521971944053e-03
-7.65507839077410237e-03
2.62569847733393766e-03
-2.67375445978862382e-03
-5.87803887566761430e-03
-6.87786902153219443e-03
-4.79856548778543994e-03
-4.30638197687974178e-03
5.06784061776600686e-04
-3.45387358561584021e-03
-6.85848508421207318e-03
4.19834727292352390e-03
-2.92433117959435898e-03
-4.90730796474794524e-03
-1.13715370057903692e-02
-8.75285512858517065e-03
-1.77636158714372140e-03
-5.63589315840442966e-03
-5.57737055481290038e-03
-3.98841868146735268e-03
-5.79669674146231998e-03
4.26492492607764700e-02
-8.56319491945106313e-04
-4.53031217928368240e-03
-5.95727668084461860e-03
-4.24205355314357952e-03
-6.25493400488225191e-03
1.46515549309541963e-03
4.38768715089768360e-03
-5.07639749023839834e-03
-3.27617805383189535e-03
-6.69674030266018214e-03
-3.21954165490089244e-03
-8.99122202015837247e-04
1.43394856490069687e-02
-3.87170236872766416e-03
-3.10302571267980030e-03
-8.12882044784079411e-03
-3.78251439359473304e-03
-6.69677032709881971e-03
-1.08210463670412298e-03
1.68689777204067588e-03
1.37963379850897000e-03
-5.51459874897235712e-03
1.91635525008364116e-01
-9.64326397336470915e-03
-6.16151000145320933e-03
-6.90566381798317537e-03
1.48006500900706660e-04
3.60544773731175452e-03
1.52835029271358247e-03
-8.93232563155975379e-03
-7.73935182701281305e-04
-4.40226728768201760e-03
-6.50427929640369495e-03
-4.80040081965210988e-03
-1.01525821723740450e-03
-4.72422148962557686e-03
-9.70427890483039680e-04
3.66979867051423145e-02
-2.63478611150185643e-03
-9.84632574681552734e-03
-8.08974145207893625e-04
-6.76764205439704235e-03
-6.37312712123651575e-03
-6.01078337518594005e-03
-5.75703743678745040e-03
-3.49601287867691308e-03
-7.77248792223979388e-03
3.87210575042345800e-03
4.92678632671234538e-03
-7.78250129583061157e-03
-9.67612697481815172e-03
-6.59115842507535313e-03
3.69559944796148912e-04
-7.00812676519295755e-04
-5.76805759893171503e-03
-5.85306486936460445e-03
-3.41109190517277592e-03
1.83933267204451460e-03
-1.27652430219661744e-02
-8.41622496949580301e-03
-8.66803227086547327e-03
-6.50280154736406976e-03
-1.16059275959175430e-03
7.56894632365100314e-04
-9.07777657758469109e-03
-7.46079006227237402e-03
-4.70086251625408645e-03
-9.36842069086011231e-04
-3.05331006626542029e-03
-2.75018829677209885e-03
-6.27104331580244888e-03
3.10094585522654011e-03
-5.45517887842569306e-03
-6.06847151672802818e-03
-5.19669177179868640e-03
8.31283483876866097e-02
-6.96097816225412641e-03
2.59069454069742189e-03
-2.67062200291928427e-03
-6.39527285053639958e-03
-9.51775746799431686e-03
1.00760942962915379e-01
-1.66640663666404033e-03
-3.14644603459620286e-03
3.61915443957877981e-04
2.59469720208196745e-03
-5.90313956506546486e-03
-3.24960090739584602e-03
-1.45498470481431573e-03
-5.29991421040382736e-03
-6.56980121458253415e-03
5.57596750009853098e-04
-6.32664940377083897e-03
-9.89931420736134618e-03
-6.78592848007149481e-03
-7.93088304868395564e-04
-3.13583411664011477e-03
-7.01965162546391679e-03
-5.94477594942820296e-03
7.87799382478347396e-03
-2.43678973668537673e-03
-3.59284776341697171e-03
-2.89794442896313146e-03
-5.80326802241396683e-03
-6.09733447951443797e-03
-1.16472282113375143e-02
2.74837531513795691e-03
3.53450836459362570e-03
-1.89378942016104820e-03
-2.05505218796601637e-03
-2.71876158667670167e-03
-4.99609870775236282e-03
-6.20063039988761125e-03
2.62388852640892307e-04
3.20901204415254297e-03
-5.13209808043644383e-03
1.16716322260141032e-03
-3.02099964927146289e-03
-4.45386236654848368e-03
-4.31535590860496632e-04
9.86894500328816884e-04
8.73244663196676737e-04
-2.69416617985886696e-03
-5.93567339962438635e-03
-7.58615612394017425e-03
-7.54535657223285878e-03
-1.52504014067249630e-03
6.10819302774438105e-03
8.33527497974452351e-03
-6.44127230201228373e-03
-5.44770346156277750e-03
-1.10404165667566650e-02
-5.71974405277542262e-03
-6.91150074368983899e-03
1.23978147330261763e-02
-4.70732172824813583e-03
1.78517374106308430e-04
-5.38771317768368951e-03
-1.18568953542394929e-03
-3.60579262801227112e-03
-2.98880768223023369e-03
-3.00176624368918895e-03
-9.89040201719972555e-03
-5.18119074336816955e-03
-2.83014660675343175e-03
-4.55711347779729631e-03
-4.62538496623367875e-03
-4.14233110856433544e-03
6.99295314346109163e-03
-5.65351743747596197e-03
-5.52421819512289441e-03
-1.23296931739306647e-03
-2.22125067972433338e-04
-6.09837251165558716e-03
-2.57157721800842232e-03
-4.64086883515751111e-03
-5.09065483309416571e-03
-6.23437023141126898e-03
-8.09945342311646499e-03
-5.66695671897420299e-03
-1.51201962097288235e-03
-5.36705402868126701e-03
-5.66799365132557905e-03
-7.36957327653268730e-03
1.49242396488344559e-03
1.05857559379414698e-02
1.03479138271469128e-03
-5.67938612215347031e-03
2.48411146545386664e-03
-4.64759599164693039e-03
-8.81188087718481894e-03
-6.71604945653075935e-03
-5.32635312526299424e-03
-3.64973007546618919e-03
-2.96483334185567186e-03
4.49358451064101722e-04
-5.97052259664243232e-03
-5.46142938913821152e-03
-6.22694329801943246e-03
7.54966764266999310e-03
6.57195301441896359e-03
-5.54917438459481306e-03
-2.34053998608585792e-03
-6.40176232673898143e-03
-4.45400122466965351e-03
-1.68951048301853139e-03
-7.37843497915461732e-03
-2.63384885301885842e-02
-7.15667144889880341e-03
2.58118880497047593e-02
-4.65878236826708543e-03
-5.36503712043222974e-03
-5.38474422478197809e-03
-3.67195171505481279e-03
-5.82977510253300871e-03
-3.52492311076266652e-03
1.33767011953653155e-02
-4.02703941332819074e-03
-4.24346245695320611e-03
-1.04260444561459073e-03
-7.19282452330141913e-03
-7.50446434685296711e-03
-5.21874071957836860e-03
3.06368505651258630e-03
-8.05721090654087056e-03
-5.50933091136253817e-03
-7.24214511821263604e-03
-1.42608054309597025e-03
-3.66076052069507982e-03
-3.98554957922242752e-03
-5.67783784387310489e-03
-5.40001973497745893e-03
-3.74853390524357765e-03
-3.23240882590086851e-03
-5.68744120903741379e-03
-1.21861477231995649e-03
5.17307700388209505e-03
-5.65651034642272905e-03
-8.52748667854207401e-03
5.92120142238870221e-03
3.95411918681488894e-02
-5.01661545955553023e-03
-4.82664838437155304e-03
-4.80645500741679055e-03
-5.35711386575326003e-03
-3.63337383157454064e-03
-3.56769108460176614e-03
-7.83945186238227745e-03
7.83827767872943143e-06
-6.57990754096177913e-03
7.39291558899863883e-04
-3.04742315609405918e-03
-9.18064524837636578e-04
-3.27898664351530594e-03
-7.22804251075133148e-03
-4.72381054818526210e-03
-1.26880163388464872e-04
-1.29065367201218776e-03
-3.16493008499037524e-03
-4.03932853112026150e-03
-3.27122047038113425e-03
2.86932951809632138e-04
-2.31249293156105635e-03
9.09575895465598513e-04
-1.01687530485148779e-03
-1.55281722886779208e-03
3.31067066549497547e-03
-3.18458883064068159e-03
-7.38604328256507216e-03
1.73090898115017908e-03
4.71441862603959143e-04
-4.84713967741849053e-03
-5.29710145677484649e-03
-2.95526445974657456e-03
-7.03134638206880536e-03
-2.98693901599085933e-03
-5.28714448261106626e-03
-5.24138560284660195e-04
-1.07897684269820278e-02
-9.75527326002956219e-03
-6.65576065839931265e-03
-6.85946652916990390e-03
-5.08384869942564259e-03
-4.15992410492484546e-03
-5.62675790200806852e-03
-6.26757831180135751e-03
3.63993038596095442e-02
-6.11271380404968760e-03
5.66368470938018696e-03
-3.18622736281551962e-03
-4.59979871471545652e-03
-8.13660163646092414e-03
1.63328947481376670e-02
-3.74463631546088482e-03
-1.08249273127287559e-03
-2.26882053105452453e-03
-3.98501874154658618e-03
-3.83566539326694054e-03
-5.62851215588889252e-03
-3.59211558403073816e-03
-1.00570158991650019e-02
-4.29329236827516360e-03
-3.08541231709958405e-03
-4.92526397546813773e-03
-5.56509715549717912e-03
4.43718950643464272e-03
-3.67211410708131363e-03
-4.81398434529913336e-03
-3.97647435305256963e-03
-9.22380826797726365e-03
-4.15187111485836383e-03
-9.60676808346647843e-03
-3.62557670782172672e-03
6.19699750821811699e-03
-3.23950097127394167e-03
-4.51769458237044532e-03
-2.35277092791997535e-03
-6.57234648702405277e-03
-5.18150533694780244e-03
-9.69923467866538533e-03
-3.55738314936420927e-03
-4.45533656944214519e-03
-9.11576520971553624e-03
-3.84061712614492713e-03
-4.04524747917430275e-03
1.40835528774071322e-01
-1.40556391657221643e-03
1.02244347778381022e-02
-5.11532508675940651e-03
-5.67377069607968333e-03
-7.47915014095370048e-03
-4.31815892995564450e-03
-2.76170418409437627e-03
-6.28256193959837728e-03
3.36221208067615050e-04
-4.38210589929863715e-03
4.98231644585102502e-03
2.00127789496944847e-03
-6.06262440418390853e-03
-6.69006273911738458e-03
2.42791732687323604e-02
-5.31680394098403303e-03
-3.30843081392236983e-03
-6.68331773331635494e-03
-5.38676798073933240e-03
-5.76475440644128381e-03
-7.21034369561101077e-03
-5.00408529846171728e-03
-2.12929443100522749e-03
-4.62708299229614654e-03
-2.66545334323803861e-05
-3.25271902304934742e-03
-2.36828829395267261e-03
-3.81165310362704436e-03
6.14172554503682622e-03
-4.51621854827598864e-03
-3.20145333324848387e-04
2.37503112921972834e-03
-6.96699437280928931e-03
-5.51461455870267108e-03
-6.82388180945253491e-03
-9.23558159532148273e-03
-2.85856912525014775e-04
5.66419174282069369e-03
1.18100847438065582e-02
4.66704465131143921e-03
-5.06877098088317699e-03
-4.14482913898836687e-03
-5.50258300716584530e-03
1.10720899461748366e-02
-4.90581206820215384e-03
-3.87173680087218516e-03
-5.76145722297355823e-03
-2.73225552492457283e-03
-3.94364611255834489e-03
-6.62601581789129361e-03
-7.16693862645576170e-03
1.58958328725082804e-04
5.09344457550736998e-04
-3.05986004322469831e-03
1.28349630635272581e-03
-6.71671325574492353e-03
-8.03639141914698832e-06
-7.78187922012902981e-03
-3.15211611235713136e-03
-4.54796168655515268e-03
-2.86881848143601906e-03
1.19327992418216868e-02
-7.98129313783908605e-03
2.54656068053613002e-02
3.63534710545111196e-03
-5.73949765349322100e-03
-2.31922122915950409e-03
-3.03982349324183939e-03
7.57240845097992103e-03
-5.55522302631116741e-03
-5.61409603416957240e-03
-4.02263461161652194e-04
-5.90336562530279288e-03
-9.01668302320385480e-03
-2.66340072120613020e-03
-2.60718370790994844e-03
-1.86659124053515182e-03
1.35518831344806946e-02
-5.94976250902241877e-03
-4.44614313621080528e-03
-3.24312686159931342e-03
-8.41404006889813656e-03
-3.53032136147670480e-03
-5.48702181097912925e-03
-3.10368024485254638e-03
1.41617164051036342e-04
-1.22405551811082293e-02
5.72357609456201379e-03
-6.82701846453180779e-03
-1.01542526615224522e-02
-4.57106085220326374e-03
-2.42473870596398612e-03
-8.48042327589008590e-03
-5.03583431548556594e-03
-7.37373922800004834e-03
-3.00831659725257208e-03
-1.43892248094465037e-02
-1.08571057628168120e-02
-6.31845270160599770e-03
1.01653487794293035e-02
-2.23211602834763470e-03
7.66903919290214675e-02
-6.32718581314808178e-03
3.46809917577504262e-03
-5.27203756746784727e-03
-9.71166613595353108e-04
-2.34614239840025447e-03
-6.47212164172907955e-03
-3.96183424643946173e-03
-2.78122956870263238e-03
-4.84038733436000738e-03
-7.12238978759319706e-03
-5.31090607649247620e-03
-5.94531043615977115e-03
-5.28825643280614148e-03
-3.13634649211014119e-03
-7.91470660377838545e-03
-1.08511886281258581e-02
-1.06268052284890055e-03
-1.72913619913769943e-03
-7.36341615550476988e-03
-5.99960693085026080e-03
-5.47809884516160719e-03
-1.11796400645585120e-03
3.98704219998941498e-02
-3.59554439825337472e-03
-5.46661186864701425e-03
-6.71534155270770219e-03
-8.99067850666253852e-03
-1.72930489772822431e-03
-6.04652643475871165e-03
1.86195140898236765e-04
7.17336281266764061e-04
-3.70912373967385335e-03
-7.53175365401907021e-03
-7.30824876231273360e-03
-8.90515376656233863e-03
-3.51296074022939674e-03
-4.01826792190374590e-03
-8.38082865168982352e-03
-4.33360716341631841e-03
-5.85517460952170079e-03
7.32855832733261218e-03
-4.97401379611259100e-03
2.24770938721023557e-02
-3.45791987403397220e-03
-5.86110399941624713e-03
-9.80082055918232026e-04
-5.69928183428124527e-03
-2.40738354759283298e-03
-6.22744899044497431e-03
-1.31449950784593632e-03
-5.07507536719319953e-03
-1.94310688716365395e-03
-5.21884342002825602e-03
3.76353884177376211e-03
-3.67406114217983188e-03
-3.10159099078799200e-03
-1.69107522692839504e-02
3.57105281230133721e-03
-3.18542223709163564e-03
1.91586444432062311e-02
-5.64291494003188975e-03
-5.46563395364485071e-03
1.28976976663259255e-03
-3.04116136309119135e-03
-6.52347093505886884e-03
-4.33082714219731966e-03
-2.25699031526790375e-03
-3.57704470020784541e-03
-2.49569395871538377e-03
-5.87561379004880330e-03
-3.65965822475055420e-03
-6.20683044839071343e-03
-3.48037560744985427e-03
-8.34246806126332299e-03
-4.98507469579291280e-03
-3.25448081327393574e-03
2.18606414807927391e-02
-3.20702138873262205e-03
-5.54442482263142571e-03
2.44529380760557732e-03
-3.25986194490143939e-03
-5.80992348121420719e-03
-1.28231963988474675e-02
-8.17905099116213175e-03
