%%MatrixMarket matrix array real general
1000 1
-1.5981875256475153
-0.02978475347976942
-0.9118735527461762
0.9478129620025353
0.15202413971045003
-0.4205355422984861
-2.0980474227327317
-0.5727417653392993
0.051086051646090445
-1.641168581396553
1.4617604476865393
0.12767291348764592
1.825814479750966
0.920695494527361
0.6282045060184431
-0.37931573213210046
-1.044830612163998
0.6300484657485711
0.35281465844126375
-0.5194614847168535
0.9202756545615501
1.0179847871582577
0.1802172467562075
-0.03633236471232142
1.2321768923691137
1.930929343031413
0.41069214760199885
-1.5979848848722262
0.14324207327457605
0.44849645165603974
-0.3393155318801206
0.6262375694031903
-1.1776300745347235
0.996914147957195
-1.2385830683704595
0.028061906577336485
0.23980035588337706
0.1053197084564062
2.6743569713793773
-0.4937910942239848
1.5477892418261239
2.402965681573349
-1.5463851657624774
-1.0429260887076726
2.253360735726698
0.23752116636981024
-0.9353653538267729
0.022078952903756638
-1.2770570151903233
0.8722299638991147
-0.7881614805601939
0.2190585381443297
-0.20205943539216764
1.275233856513963
-0.1619354610873721
0.8435523802986921
-0.1120052122408968
-2.050854668825937
-1.4062273825084761
-1.6356562797098373
-1.3486273524590362
-1.9718748001609145
1.0655923374710756
1.1424677542594273
0.8057578744979914
-0.7087148829732864
1.9647177453054865
1.2237389985373284
1.0359712241950128
1.3461923911548266
-0.08141750495072736
0.7276443672504436
0.5271032676322276
-0.7031791939477651
0.25457273929849344
-2.7104891521843197
-0.37642699609253466
1.0402628188220449
-0.5318577239586538
-0.10775992210275143
1.0377437973305432
-0.19132596793472625
1.3521741626241484
1.815660816155604
1.3260869181221946
-2.922803093953598
1.021433930037789
0.38053886892197164
-0.36040574942344755
-0.8918581124966971
-0.8244100288855438
0.8075699363890627
-0.36420887462236085
-0.698460536604339
0.1779075188214318
1.609495963588916
0.5723007415978704
-0.9913735318916407
0.1779759695729725
1.0671278333968848
-0.4821053971736654
-1.3081197254730403
0.5223644210302387
-0.20031547288799992
0.6372697355374974
-0.6184539159957576
1.2023801701941979
-0.188681945209639
-0.8453417525923584
1.8222765668351646
-0.1533256634620028
-1.118051863976509
-2.7059813326543916
1.8169892548854625
0.1750382075349444
0.661535089010856
-1.5394907201698687
0.6909545483226855
-0.21283489870593716
0.8027860124917631
0.9380263255169725
0.8870235786627019
-1.6585673966959795
-0.4211560710912524
-1.530539770163424
-0.07637915764951593
-0.2798509808688013
-1.8532911687692468
-0.44583855656345683
-0.016085341270726077
-0.6117182420805278
-0.008721304050217052
1.0000396798614009
-1.652733881719027
-1.211602587367106
0.40877101186531545
0.48014523789958563
0.49413387804097936
-0.8524475322803275
2.3181647190935526
0.8234503124800396
-1.6715648212108745
-1.8442236856023542
-0.5501594320997083
-0.300044403217245
1.605934115065852
0.3673470233250237
0.18096971157682662
0.06995280719139674
-2.9771404262077388
-1.5196180177037117
-0.49395140117225605
1.0592175130451342
-0.8306087689640956
0.08008078999333279
1.105946493343543
-1.28982236109178
0.24813119717179258
0.08093926175400826
-0.7997140170846523
-1.2290291338137038
0.21064403756029712
0.4890872205958615
0.38263055596362444
-2.045563134387269
0.4869711761192819
0.8707059984715948
0.30465076202118696
-0.3525999024103904
2.0082587714123377
0.7606765996769668
0.5812944745459414
0.611597432597638
0.49252918933114465
0.7084910122641978
1.689587628673257
-1.492539189520062
0.9683921486758916
0.05014342962989193
-1.9189299382019787
0.548254237429599
0.05882985992005715
0.4296972275293862
-1.060455655231372
0.2800247752034776
0.8084907002139946
0.6881653190503565
0.26136562836855604
-0.6504798691086794
1.0707925359529906
-1.6927336995485553
-0.9424272466640883
1.348380581471394
1.244686937867804
1.1057947168195854
-1.5572205783862128
0.6560209288327492
0.05571237067639351
0.6285031632495408
0.28225827302130035
0.6601658456344792
-0.3589735881319783
-0.3299774124114403
-1.3575091079484676
0.04429062489644603
-0.9674896804326998
-0.6922521523046526
-0.12322984117948672
-0.21502386255613934
-0.46403774486688837
-1.3744423944763393
-2.1047361457852745
-0.11099932809601264
0.17615754891765334
1.4397211945736923
-0.12605750309987668
0.02918667741554216
-1.614630046938452
0.2668787086551466
0.9310598140110431
-0.4495774626819868
-0.373597698249156
-0.2352418182642056
-0.966431791881679
0.1630195826017223
0.09489423736008039
0.45386220992446774
-0.3252730946871884
0.6940882976670282
-0.16816996196031378
-0.5969441599033717
-0.749774933090453
-1.0853625912121456
-0.059401527621855896
-0.04302750935330445
1.085554258947609
0.7639057654044964
0.6103732390687536
0.4218871243861436
0.5559017803145555
-0.17485922651272054
0.826642792825953
-1.3311954192739186
0.3977652757374462
-0.17565356784714245
-1.0475129473673892
-0.5872844822003171
-1.30058925846417
-1.0223776375251599
1.175082908052786
0.36541080925862224
0.6241224349936558
0.4507182831436342
0.5909489914577271
0.08875546705833147
-0.7163397100810414
0.15088276611729712
-0.6326242491371326
0.41778938653012376
1.281858576978903
1.6591992756114486
-1.5340444658092767
2.0208839428994967
-0.19797583196010543
-0.6289715056058662
0.5111676664245164
0.43192695280826154
1.5149052175442985
-0.4863583327912833
0.9605869448889918
0.7357979152911094
-0.8421022735663418
-0.1190034911059555
-1.2792062019626917
1.9324408525591772
1.3853760749042066
-0.6262688644836882
-0.6862871698567001
-1.2939486305406924
-1.578359379919236
-0.3050656448267842
-0.17479157977771406
-0.24126008521920586
0.20238517721134577
0.4182071105903174
-0.10717081598374022
-0.40441214413664095
-0.45554942057891995
-0.9708043579929998
-0.5938629089530821
-2.1357717051517713
-0.7255796619296915
-0.6755668709981619
0.14491537113813852
-0.28225571657724535
-0.1549346064485977
-1.45840208000938
1.3643242304492398
0.025159187472480558
1.1633777143324753
-1.3987135365798895
1.1809102544580403
-0.7763554350769567
-1.0856123516542622
-0.990094983701183
-0.285660896072907
0.6929654539167353
0.9408983549190446
-0.9056637570409588
-1.2331639440259194
0.5630326075750014
1.081796736397078
0.280799370008783
0.13296307372101848
-0.43239657522160685
0.799287817999438
0.9145701891140273
0.5269580883760847
-0.9715504129054306
-0.04572527191070959
-1.462320863642031
-1.8359337776980342
-1.1046357569710963
0.2661161382319256
1.5812434556620942
0.680712646453366
0.7165044547316863
0.4498084286105138
0.8316891156987298
-0.14277894720579926
0.5272385230869947
-0.23343038933543914
-0.07506297451532842
-0.3010407486633343
2.0090380521578712
0.8320800097153549
-2.9440575033896272
-1.6210757316684072
-0.9342202383848914
0.6727026168565042
-0.8216890959680814
-0.5880081145118041
-0.4933328625797688
0.7974453355894524
0.8984535938998265
-1.0834079927143327
-1.1629274131105636
-0.7297566636410905
0.035483614617220986
0.011336528194209883
-0.6264793987237947
-0.9801937412303721
1.486780184940361
0.6221535010039769
0.8045066961123086
0.4745504594618002
-1.649885003519633
0.4186630019343839
3.4843468517298337
1.3482245277768818
-0.7803763310371564
1.0767681492631318
-0.625880979256342
1.7573714758550454
-0.14742828006392988
0.5242421028231851
-0.04434056267970593
-0.4315728905747483
0.3496184503123033
-0.09806227206383239
0.1539738846723132
0.3235893611902318
0.7873523280458559
-0.3069367536463255
0.10141725926654374
0.6756204428964655
-1.0175639590631471
0.9033239226273355
1.100417562008013
-1.2461896380661182
1.262144793864238
-0.16110832858723687
-2.225256279989108
-1.2025350417942886
1.1651555811533159
0.5362411470055585
1.5604629952161018
0.08972376677054138
0.06843690602518611
-0.4232247919040888
2.2551195562969917
-1.1478742821127188
-0.4678242409707246
-0.05958411401527909
-0.8601817274226407
0.744518214193147
-0.5627506893077556
0.720912777359844
0.41174800080414165
-0.08913060246733528
2.470058701470149
0.05698367832658346
-0.21121556527102928
-0.06774452436917673
-0.6494583379182243
1.9216615872619933
0.2874799981143149
0.7564263384686244
-0.28795457978038075
0.816983562978473
-0.8161388809016298
0.16763661454041687
-0.336896766919421
-0.41692836654464094
1.233057855077906
-1.0231282010997786
0.36307295135227147
-0.9322768099157217
0.34787294860185386
0.6447034588693566
-0.6914968345214089
-1.3562917013188012
-0.64717755040915
-0.1043303420968694
0.7932600287221131
-1.1661507097360866
0.41299976249623355
0.5368423991329342
0.04000220712817032
-1.1636159195949212
-0.9489486274999739
-0.09191033410408532
1.5932841618659324
-0.217378257289738
-0.8579178930086495
-1.1880867405255298
-0.736372443803174
-1.24196207382201
2.009926762034647
0.5631852862755288
-0.9619385421721455
-0.587834971798047
1.0803445635723332
0.7950491549670783
1.1524233392460739
-0.13740499459245986
-1.2488116913093654
0.2089802026113176
-0.5082746331427213
0.5680381035098787
-0.6462792376607152
-1.1215869021513052
0.5511158268857638
1.0029139215135152
-1.06537139524068
-0.47534596391424094
0.5188439877119432
-1.0142187049398157
0.03990427328622202
0.45526306697800123
0.22793646871403242
0.9250462278824529
0.4430734393301771
1.4242103132659683
1.6967782843851973
0.767841868847736
1.4386542351636933
0.6471469495431159
1.1854195716247458
0.1972160717435914
-0.8323264631970368
0.29740976765403626
2.1772367396881838
-0.7843881524691337
0.4645563276238683
0.3959137206242133
-0.2276569145467571
-0.7365742821184654
0.6923557289786452
1.442187781530729
0.8774089248035634
-1.8525601793451074
0.1579773768125277
0.47259738851038796
1.5510966642200668
0.5614789144335526
0.42588051760781986
0.008558387482040207
-1.810174941658111
-0.09798359822774888
0.1986518738336994
-1.3299572594473905
-0.7517890821937971
1.0663225677790047
-0.8314545002617322
0.5253597706855855
0.9330580748684727
0.36828918662271987
1.614509374765567
0.36940706191983186
-0.8007558811563887
0.06944774123409515
-0.9376179747106034
0.9622342715834099
0.9001605087584775
-1.6149121543496787
-0.9665644815971718
0.4450270452734453
-0.3479384906123803
-0.710545022355568
-1.017878147007825
1.731383686952418
-1.305701511492804
1.405488281401312
-0.7788501046307871
0.2970754531442698
-1.1983110313363037
-0.1640776449163197
-1.0263908209708696
-3.793820821787782
0.8935114488299154
1.43800035798215
0.10623466963999079
-0.7409523033654412
-0.6328763585628782
-0.22480712239906125
-0.8056574844901058
0.16307444522793985
0.027702226349278086
0.2574105323190192
-0.1272865992158513
0.7293057298944814
2.635207382552912
-1.4324545280130514
2.018077026683403
0.9140341588634641
0.7587810374438438
0.2673688238654152
-2.169458158395362
-0.7169912042313897
-0.15124765309211957
-0.19438681471817287
-0.686310812619053
-0.4781780726998929
-1.3358218559693888
-1.2782145354154137
-1.01556945721835
-0.1540573384613152
0.33674252061899707
1.7248010103611988
-0.15688318016748812
-1.4688802499200853
1.0303542626697972
-0.3104292109854198
-0.97623180323958
-0.9107479328683439
0.46459540911140523
-0.9754107606421415
0.42083372785840095
1.3991652479989904
-0.8506668465543878
-0.42781690947775197
1.1363157852810288
1.320206713025986
1.589685833336691
-0.3154726586156742
0.24999515434519712
0.27729544908414805
-0.2456550058420207
-0.37727348159735624
0.5227578230908269
-0.5021161613333953
2.5125318561837613
-1.6404155404940066
0.4123352471590804
-0.60365336885117
1.0773728697783116
0.9237556658696604
1.1004433321454419
-0.024314226158462533
0.05114460276590961
-1.4115665182679462
-0.10048839374308315
1.5542918610848033
-0.9655861083468369
-1.1376056048398098
-1.521384693576729
-0.855774427306022
1.3197730986376854
-1.511813884530427
-0.5958460018134293
0.7974024275200307
-0.3172521146852907
1.3170054346601876
-0.3554964259156802
0.46946113846508486
-0.0267240185865914
-0.4970270773210808
-0.9255648775125245
-0.5890540446509509
1.5025803765209254
-0.7794129470623569
-0.473424883474962
0.008683562233602848
-0.4825164995909694
0.09194939323808633
-1.1573143077230772
0.5608368174732024
0.5357270660048271
1.1143766268154534
-1.4687328665746464
0.6648947873305103
-0.3977875187130027
1.2488492411398797
0.596337949672828
0.9184089962201274
-0.9037770051566041
-0.34522939920167306
0.9306776067484145
1.765542029426259
-0.11174683004329573
-1.0406804247776553
0.6295341018245081
-0.9931464481577846
-1.0021674921612715
1.6142347377490132
-0.49484873366674814
0.19903640544714796
-0.9046033624370556
-1.3296166699641494
-1.2073451657895382
0.34440878770818534
-0.7452048423032673
-0.7382372143872232
1.3757783293950818
0.7932242799910212
-0.15690207766782013
-0.04210741087049497
1.43997027444787
0.2953264615008145
-0.07166157645805864
0.5283155718287765
-0.13331055346388782
0.7469813406305871
-0.012215356180408646
-0.9419147127157598
0.05586421314135573
0.9618342687884776
-0.07514356309988104
-0.6423464971613326
1.6796938267411852
0.18421163967843238
-1.0593485463235608
0.010767304800669782
1.099035669299403
-0.2428694809853663
0.5304126206274783
-0.4054535568717129
-0.3657613664229998
1.1736842479929497
-0.5016333645288804
0.36169831883871384
0.6024157580282334
0.2122664759195552
0.7519489172873289
-0.24047545927597175
1.5431240200177143
0.6306282098365709
1.1225511484984867
-1.0046059690969322
-1.41408539950146
-0.2903839868640603
0.4858741891047823
-0.6769677863989821
-0.9045297547314246
-1.6165991510821083
-1.2821726911711129
2.047804921159617
2.26697403327747
1.2292729100762283
0.5762328006573291
0.7995853286510434
0.5765916233321704
0.23902989434063954
-0.22609808405851725
0.7379290545357281
0.3201406797075427
-1.7240798205905181
0.4084948064551727
-0.7164186700083293
0.5848238974591748
-0.3426112236285488
1.3364008903917755
-1.226384788534545
-1.0062086662645504
-0.29537100441705
-0.5848001704712827
-0.3660503064537091
1.2880144726059204
1.5843373981912565
0.35904719700319404
0.559229678024745
1.7011016676247723
0.7248554654744354
0.03957361129939942
2.3897593605283207
0.22524153695647436
-1.0414612463068538
0.9229580231901591
1.0714948520681
0.36145002411081106
-1.3540704159800774
0.4408077554199443
1.335625007908146
-0.40612183576969446
-0.5999015572414452
-1.131251234399725
0.028519696221448496
0.5139294017956573
0.463830643112111
0.779423203960398
1.3562626405667173
-0.352628406422228
0.7149631565789393
-0.5243518637476963
-1.5039657501418526
-0.5592690659538685
-1.2040486200368918
-0.5224747762920409
0.0250568837662388
0.4472755414607717
-0.7471043242890547
-0.2963703076597559
-0.6672035446965019
-0.26210795593986896
-0.7615222223948112
0.4445382592055242
1.2117429072352128
0.23923274468820113
1.5250206589168738
-0.2570531491188674
-1.309291475577076
1.2313748168646612
1.1786968985146002
-1.1230639142687968
-0.17832781496527952
0.4488967902599581
0.9365358341064105
0.21277289105931496
1.560622773907723
1.167479566911301
0.7051104805077296
0.2161024738093887
-0.8259308661816559
0.23517751334809125
-0.49038302110521803
-1.4965516607044524
1.086326663193988
-0.3052036453824964
0.5451967664944681
0.14328367051678903
-0.694159443793572
-0.33106012242415317
0.23068782693863563
0.7167529266843674
-1.4153239454356854
-1.3880082985929294
0.28972843722867053
-0.6818037503907008
-0.04950499138279035
-2.145107165016138
-0.45934126721026397
0.36685639325333597
-0.16824328262545793
-0.40387056847465114
0.2001210594645316
1.6508635951029207
1.7099070572814334
0.24064560104628036
0.5806755877341634
-0.14353260549243774
-0.9457785581376543
-1.1945597082106518
-0.06611294580731844
1.0197209214431113
1.530966564769733
-0.3124085493621397
-0.8654682637411665
1.280287146352935
-0.4649051292913154
-0.48627858184511685
-1.8127423891551973
-0.5810566508458946
-1.0413583963009538
-0.05207111370164795
-0.8758742283198392
0.4718890216883357
1.1969483231484688
-0.3384017927395119
0.647737782685082
0.5794913242800664
-1.4449350645465033
3.0674486597478525
-0.5836459766649759
-0.9370537346027464
1.2567300184469345
0.1163777435738803
-0.022462386191529734
0.14741890153860904
2.155359131073688
1.623354506758895
-0.9345656965828284
0.9550028651115705
-0.6206227516134937
-1.4055310324656112
-0.25833493255196305
1.6185216626712806
0.2587866158394676
-0.2662400756619224
0.5165083289684285
-0.7255137302947441
0.33980460913140037
0.17755671587109265
-0.061185270538012454
-0.6753614784758964
-0.4363344921616466
0.12691624772846763
0.3404594229990416
1.868194822869037
-0.9511700539296986
-0.1289500019779509
-0.1059652501035585
-0.006152450195070466
0.024917206433178733
-1.5672961457588752
-0.592545950415508
-1.3590339944142567
-1.1962627831213422
0.3602179060948795
-0.3921932405566904
-0.13556339533656067
-1.783520421704457
-0.8604731712357071
-1.2002215806598346
-0.34508351178745034
-1.235137616484576
-0.7869704043833846
0.8713517768018518
-1.0042342739438828
-0.4300057022547904
2.048807148578669
-0.08761311590578208
1.0072486822388735
0.48658144420552973
2.31888990544333
-1.8543792711681808
-0.509328884116922
0.3639272449207346
-0.6407832873945799
-0.7459150732518702
-0.5230208993702415
-1.048558854820244
0.3204306156333698
0.04397447624189259
-0.14968437301735438
-0.6416803037789248
-0.6776236358214404
-0.1453662085966137
0.49013000143287316
1.406131612202109
-1.2836175020509792
0.9130373473748271
-0.6734650897489918
-0.028305545616101758
1.0177100629030358
-0.1332248981766002
0.4360858893315762
-0.8578568490915004
-0.24363361118159005
-1.0701116668837507
-1.0834003315498508
0.6690317630748662
-0.8715291714176141
-0.11389611457766563
1.2631460524519393
-1.208532102704131
1.204007644025031
-1.2024809819692415
0.5136608527357045
0.8096026940849825
-1.791476868262968
-0.20000589621513465
0.8654612331291811
-0.44988001842703457
0.03467146833093982
0.3143687611852321
0.7789734115630214
-0.45822069637075946
0.7187368922716887
0.2484233576840761
-0.43875883579965574
0.49870235164101095
1.0919349098312092
0.16101076757275673
-2.1470180885116115
-0.8961510310740723
-1.6346753255214757
-0.3833416425481635
-1.2596923947934806
3.134998227365603
-0.514545625030457
-1.7768890136352273
0.01750686312296825
1.1071352648983617
0.4510235107580784
-1.72087134151971
-1.7380551726644482
-0.6573515409478629
-1.6290604644881521
-0.8024491008943886
0.08013127647373389
-0.6074167178795584
-0.7297264598517368
-1.0306618087650201
-1.4489665536686576
0.6113684495329417
1.3844206268676247
-1.5081856279269683
-2.281661703993906
-0.7642259717727816
0.49268316771739906
1.5179860854168947
-0.3289393868151388
-0.36578863566723696
0.8333992486906422
0.14849067287560033
1.3359413390648374
0.2952118586882315
-0.4825726654565
-0.10152823089222508
1.1582938951712325
-0.30564946223633405
1.9790775657120108
0.18925561846856134
-0.8044993413893473
-0.04640948831586879
-1.083640953544956
-0.7724708655505095
0.6540271786666703
1.2069704787139286
-0.5760984448469888
-0.5306637662366575
-0.4278294946332776
-0.17963910638402206
-0.10592187014999957
-0.9112152595814823
-0.17625595537808192
-0.3375388962742688
-0.006385485576410807
-0.24102756960339247
-0.045933656289840565
0.17118738449716656
0.6611621931897192
-0.16433848118637742
0.6847063323506524
0.39264718965873535
-0.1278688746881465
3.7107910933093398
-1.0575746021553913
0.9548051637122815
0.4144165745620938
-0.6591606018141984
0.2501392690276369
0.906161967046604
0.4853825145871618
1.7902685947700994
-2.0192583095711787
-0.83278662578208
1.1643580655350485
0.06526743767449197
1.2576130564914625
1.5877014563146559
-0.7363243945975224
-0.5763562473304799
-0.7724811049499836
-0.24124605353229614
-1.9197776714426893
-3.18955238055796
-1.1706968780111637
-0.30425683540008425
0.07729091780653023
1.162443226233947
0.7830687227599518
-1.0621271484450459
0.1478004521655275
0.2565578955726109
0.6781090675151639
0.7006695916328596
-0.31584818009216686
0.6411244734841388
