%%MatrixMarket matrix array real general
1000 1
13.655470322613855
-1.2682682155928247
-2.9390169748517128
2.572591183616261
7.670857170077686
-7.039076925079638
-5.700155899947808
-9.171632121276826
0.27363687130871334
-0.12257615323563974
-2.2172758984451684
-4.791305849774315
1.8324237039198092
3.592595186468509
1.2950597360953988
-1.5136822769816751
9.801839751279037
5.575859662139667
10.075891191509733
-2.4291266223286674
-3.4568975524609513
10.093358853178112
0.8930753527067438
-3.7796350275156847
-0.4193575040050068
4.035773614217351
4.167695471142977
-4.346969120875289
-2.8620296770413165
-8.132969726715967
6.80130856483488
2.006697701301964
3.669196184633666
-6.6523800860256195
2.5463066478037253
4.745972123142912
2.7748705134193408
3.5269914305233265
-2.269521209249829
4.021346939284808
-1.0214044749275857
0.15702057861314514
-15.315596645352262
4.98391386397174
-3.062621598624814
-7.40613652021851
2.183326920956357
18.688685349959098
4.980409953339584
1.1344555800600455
4.494701002835478
1.5787484866706678
-0.754537282227396
-6.409202587419788
-5.881746080703014
-2.1391008964939653
0.4866407378519113
8.63207769567653
1.980880900871541
-2.9671394208650366
1.8534410017931977
1.3881915050989901
-1.6665203766748204
7.5398854504987955
12.161877647674396
2.8381681783092905
-5.981116206205001
1.0225794603093081
7.361785590616043
5.185738216990524
8.684942531883152
1.2720136459546236
-3.5067723538626563
-10.294879511653583
4.046865380211163
1.280561997969136
3.9427740848043187
-4.8499394878675375
9.751534467621584
0.6222863381515319
13.097257253194915
1.0237084973182948
2.283900147789056
-15.31231965595874
2.853263065823136
1.652240469361796
-10.57849322130703
4.9606634834170835
-10.425746302999714
8.363175293800827
7.217012964103576
0.0532257009307765
-0.1640236703235372
8.243479390014773
-3.6535447295843237
-1.1796490355279106
-0.8476506929724149
4.583101232769147
-7.440629587279217
0.5883442849764251
4.762613785697191
-1.4222684301261725
2.0267461357699785
-1.1311223570930473
-5.422770315795321
-1.1034999494751498
3.4980973809964406
3.6708409955056225
-0.6305188013815083
-6.199916413967734
-0.09799653687747174
-7.00730378571737
8.602652854645044
-3.133171617896128
0.2693486689175419
3.4692599465985334
-4.25080548820741
4.092683391268493
16.907855999401654
8.098575188281965
-8.877598699853294
2.5350468968128266
7.934529857835691
3.6660182597651034
0.13421015141660403
1.2540448207396622
-20.46921813249033
-10.615830491399624
-9.853414809436522
-4.306874849708667
-5.052509650050356
-0.8812492786651981
-1.4452083161934284
2.1541061836605615
-2.522063846476131
-1.613074519528221
-3.088515341054835
-4.3328861039073905
-3.504541402321861
-1.905246975243014
7.426915755111724
7.68886064685613
-6.581084895449029
-2.851430153971719
-11.168024590915074
-5.290712349805918
6.377489898452632
-5.454091399588303
-6.08616333048484
-6.1754326243543
-7.828722801539197
1.3852881830352026
-0.7336540099626648
10.476094169071713
-3.958876386218156
-1.8520933363029513
-1.7441386584547471
-1.0300928676603154
4.328577402417187
-6.693517431879219
-0.8482795069332952
-8.12754236712242
0.07352552285864272
-2.4826103578695666
-6.889835807763427
6.339591943945078
-1.265978659827749
1.1461411705721285
-10.315291717631874
10.906186600361092
0.9295191896586806
4.920003419301749
1.7763699234846377
-4.992643887735963
-2.9237326830324704
-7.5277649947201555
-5.14313672104547
4.287271221555928
2.015924640934928
-1.3447322659075045
-6.335308988505867
1.929692225778846
11.097641263299586
-11.239557838578158
1.1464735793197596
0.5531975026598003
-6.041302143891178
9.336144381070637
-0.5397274907903392
-6.044326030428389
1.263831924517426
-2.2590937851621815
10.326416929026767
-2.1305289008735033
0.34323539209755494
2.0575100372416726
3.948251497219703
12.466802598723524
-2.4188799314267864
-1.5362666083280467
1.4796845811328059
8.808672344808771
6.179297366220206
-0.97245921545998
3.0119636068637585
7.473708761027347
0.5625540808754056
-3.967606881335905
-1.0631114190549922
2.6318207035281276
0.9746213828654653
1.9652441153466478
3.8300473416056633
6.555413796442257
-2.1263028949235485
1.6951358184114411
-2.3254522979898042
-5.689537084420066
2.1565709712499816
1.7775953221353429
-3.418957133311153
-3.812107654471711
-0.8209404058494697
2.0480744605400645
11.388591895256708
-2.309150236223116
-6.282015319405564
6.488140536512812
-12.123443930350911
0.29168398279767815
2.9694597650339967
7.317336634040024
-7.552967936198824
0.20828437449290346
-2.539444292087899
6.941854917884742
-7.038421424080797
12.079172042610612
-0.030761044667517046
4.3306327271689495
4.455851528848508
10.841007658429449
-2.108947527255101
-2.654078379903139
0.9172256514322943
8.769593310578154
-1.8638001214359776
-1.087541928054428
4.630416112242056
-6.9038322032690935
2.764867130810488
12.73932287541113
-2.1876448827971244
4.16912218882421
-7.603674327380988
3.3115986232755388
-0.483487270212636
-4.32055737942242
-2.7300067995984514
6.853132522603583
4.9593190652285815
-3.9380966925601375
-4.32090247467384
3.1384757872827653
2.3624050690291245
-1.1477037482390728
3.7492757243261727
0.47161528903737887
-4.379807633599449
-1.7390421123677744
2.5644472034694905
3.489233564322966
-0.3232332638968566
2.1194097644290064
-0.15685206813386898
-19.458543323569
3.4705429065162274
5.503978682896512
3.0139468585954963
-1.3691013893269017
-7.060469277773802
-2.61758538832377
7.523867108924096
-3.1702202174031204
3.0536473329582825
9.664286338443958
11.722839810778733
6.315760637711168
8.115737612500562
-7.114612022000767
-7.050356749594005
6.67366253600618
0.48695839068835883
5.746623625175857
-1.6999183107257192
-1.2378469838841075
0.09099594602160345
-2.1876388705118077
12.464297327560015
7.759858013028836
4.371236513259818
-2.2190364368947084
-5.069675318705684
0.2952851464010138
-3.703144012256216
-0.26650586350396865
-18.707979126699005
6.728040295644548
0.11071123777078778
0.8571786339046009
1.9586941090144028
-12.714668947680291
10.374995818677995
-12.603395686680045
3.3075086634447053
-9.371926516616194
-8.8011602849745
6.913538091150838
2.4825048443158537
1.1687177603609145
-1.3888973974962067
-5.414787736755189
7.294231534335206
-3.1235338184378447
6.495904126848162
9.608655088107959
-1.6211373052903768
9.879993350290203
-6.965033469999281
-9.584842035357624
11.861710744168
2.3264569315322845
-4.7965389400207235
0.014857857873015296
-18.762119944517206
-4.804467860729995
-2.956771042160392
-2.1325496571939677
-8.25620341687615
-1.3005403807304878
-16.014462822521306
-6.873403542554093
-7.262697078292731
4.9193924415304195
-2.4690839516928125
-6.275828733193864
-2.831150472041963
-4.715089114748341
8.790318565411527
-8.761240602877937
-7.919386563718863
10.982564254295387
-1.5549068019182757
-4.9998988606519
4.609032973095147
-8.81220327587397
3.520382268989705
2.5580555765116406
11.062499570319638
-4.801266713080409
10.065195790762655
-0.17420378544691473
0.8962396713692614
-5.549489431861593
4.6878355842246595
-0.9152211040198047
-1.6183887170111908
4.368463409455647
-1.0689091425295445
4.385675091016694
-3.7475940406636035
8.330757506417775
-1.031424541371343
-4.016693025773733
3.8062251963223974
-1.1794315787071736
4.040556632396667
10.412781955689317
2.0692026473104455
-3.106568590602364
0.032659812166271916
5.929364548955107
7.3039415591295205
-9.07202352636333
-5.693053454060504
-0.3323066804049757
14.066611053635555
-16.166658832220342
0.8099977675585021
4.266583674451812
-15.991781937477981
1.6945845411088336
11.573570792097428
-3.623985628593974
3.935034030642786
7.073430000133944
-7.567801393788705
-1.0385653272096926
-0.8889739137659047
-0.9371276855249885
6.0096528203502855
-4.380465258229177
-3.9840138756814687
-5.613720157580516
-4.1501978520073015
-0.5284290445845164
-1.2733129672623327
12.2056223143689
1.3642739471764227
7.805331441936408
-1.414659023593669
0.699456279428223
-2.5234580512377907
4.289254177348214
1.9740213099216108
4.051193299034826
-1.8337782169041679
1.3296732421778639
-3.1852571779551226
11.110628678693015
-1.588966687867131
-2.5440721672658904
-1.0986405109889128
3.442728282384638
3.7074763046861348
6.038676093412249
-5.876776919667323
3.8621205369329035
11.14039128200637
-3.34309744163101
-2.9703102555071603
1.8569877861353616
-0.15681017981083875
0.06153736521013071
-1.2864520440212361
-6.04232343571746
-3.4757128953676104
6.065320572540152
-4.715259760767877
-1.580449740753818
-0.9201435943556544
-7.060920252022054
-0.3505515419071581
-13.011663657497927
0.10831936517439104
-5.463906079401616
-11.043458519814564
8.071331825217108
0.48391201624621366
-2.5560358245144985
-4.8640885865849794
3.007977429916586
-2.66313611961373
0.4058108735351751
-5.5927035523911615
4.062618590250477
-4.747683520627331
-2.5975156217653734
-0.5766203543065618
5.433322479169973
3.820998841753229
-5.8912890099304125
-2.6002304021378464
-0.7951715319647965
3.560237692495803
4.123648173397198
8.788933059738598
3.467435269194375
-4.830480540146828
-4.2603242269554205
-3.848055906598597
-6.155075559415803
-5.882128140494615
0.6381354244566286
-8.813961232760834
-3.7154724298506543
3.5151708320768296
0.956636343893528
0.9430326280602201
8.66761713930339
8.635666622047982
8.02606213457436
-1.2038690687935294
-1.8572856518108962
8.029620749795987
-2.1699451835697214
7.3466517459192255
-8.833954339937037
0.8814829461889918
7.402768121383509
0.07171692208883451
-11.612738603649342
6.660145200202419
9.651404469989503
8.425978577207859
1.2029204510750688
-0.9954494271332126
-2.3833474257762624
7.03468212707596
2.6520272128601894
-3.0284763520096343
-13.695202411893833
2.7599388511038456
-6.558312836727759
-0.8657920075419842
-1.4295842005098038
10.705236841754704
-7.540563395830958
1.3439265683301727
-0.35316828895733304
3.289242504650061
8.36550125645018
9.836554285081075
4.578621887189415
-9.770308757445733
-9.476413345720305
4.4306090745503415
-6.965788182711257
-4.427738795390377
3.7095322661071037
-0.6295159704258281
-10.598985218244817
3.379721652832669
-0.8704451716446663
5.68572813696599
-6.37341402146412
10.7760197117081
4.051147961530627
4.44164879138698
1.5482595075172978
-10.513072901411752
0.7525293245378438
-8.618906245418314
2.8582143038047887
-1.9146072162913996
-0.3508026648265645
-7.919533353115566
-3.3903338614932057
-4.858545559162401
0.5224041364971063
-1.3723475400693268
-1.9571806958267097
0.9014421833969006
-1.405804993073624
6.254125172545537
-4.699652772734398
0.9567910739737215
10.973336690168994
1.590187773464092
-2.3772634912930846
-6.970123615562986
-0.8593569711541583
-6.590881425859075
5.201715406048349
-6.464552347743933
0.24655906695854185
0.993156003994639
-1.1408034595492134
6.632058541326332
4.121681813855999
8.19904191948745
-3.0607733893232245
-2.8808714682153393
3.8036719430140646
-6.482355773370141
5.0775544136271105
-12.248861788392967
-4.406520230228287
0.4633986029788472
-5.705989221532648
-2.5428530057946936
-1.6240597652029993
-1.1084607676249612
9.385321132916033
-7.94283731782433
-9.278481878716615
-6.838455580484632
8.384840328519477
12.771438049849026
-2.138925446995594
-0.7163638806486178
6.777483366389721
10.562050720717401
3.2189443933840782
-7.3232321337732245
-0.1378399077722152
-5.928982371489278
6.026756541675242
6.275435192576856
-2.249047237117083
-10.681754223989326
1.664360347237423
-10.832926491616766
0.06393225259515599
-1.673165314055102
5.040972688424703
4.565038248061894
1.67503702417766
-7.691317114876541
8.145836451760596
1.3996133820977166
-10.835726102776416
18.3825182795062
2.6061103052550716
-8.873719534818486
-6.900651077717106
8.948776411532267
6.311762551018617
-4.9595746695383225
5.336061158124811
3.949548586386337
0.5768044097390925
7.838144255979223
-2.6855241635395615
9.121050468154584
8.355376882591255
0.13981144022690392
-4.658901240484644
1.2826514435368366
4.778249931035374
-2.6768505720218276
5.80985421099289
-2.7861862633965706
-5.949716791789501
-1.288664536876453
0.5021009846364636
-9.78122389626756
16.029710762256443
3.6523652794475576
1.978295575747874
3.0998753160799204
-4.330129267245185
1.5518454687398329
-8.137418831082805
1.9523157826562607
-3.1143005597262774
5.39793709114029
4.909709915238983
7.182465894518243
-2.7159358804507114
10.436155044171693
2.8265404545216226
-5.166350705513812
0.3761895336681021
4.653878868850618
-1.2191312052242784
1.4156526521072716
-9.706080805733734
2.3644896913583313
2.824528332972291
2.098284137127157
-5.841937670107708
2.755340637148356
-5.008253758274957
-4.409299706104023
-3.461614845222016
12.543383904738404
6.017647264391987
-0.3312997975083725
14.382817020792139
-6.076785190456171
-0.5850831359318571
10.700373215138482
-1.0990611164520805
-1.7736557531792563
9.933399919918035
-2.371549951003245
5.427478524781648
0.056318684757585565
1.8063290740563045
-1.7377484760350892
-1.1912278335187654
-1.6789395311866826
-6.695982511893032
0.8891999534613265
4.453898480316958
5.181437702741654
-6.10402770691932
-0.986107855412547
10.085242328369343
9.152898350101221
-4.677231825100193
-11.760867286282235
-5.656467523078035
-9.987685266708896
2.3515876149522565
0.3345809963402528
5.660824828967973
-3.4405371029646727
-11.913140421894127
1.1162676228449315
7.801878145691906
5.693919174109704
5.936423326373911
9.567856527714193
-1.4025713896574548
-7.080366129943945
-1.6421942220511516
4.984110358421047
7.146820857983716
6.193406612165875
1.9511700478441993
7.443317344340068
-0.9462862685599849
2.508722540920922
3.64042587207066
-7.7448503724073
1.919295232126547
1.410805150072692
9.694878360159354
-4.626110651253855
2.9936577149219077
-6.166162942303129
-3.627789930173415
8.135175301486484
-1.1559476555481185
1.0677347875144563
0.549813264172828
-4.999647594215615
6.691858692725209
-4.556515935566042
3.194466411075492
-8.672653395644305
-4.149208203402434
-9.792065008754085
-3.395342759749214
-9.592323658588226
3.450040539841291
-9.357639374734223
0.9075327188380791
-3.012053798362271
-18.385718367238912
-7.645790344695919
1.1375837615361946
4.6409913519387
-13.330106902527628
7.2854650925428555
-3.6644167705411683
-4.139775008691666
-2.8566116562942403
8.761279928283434
1.5493345124758664
2.903236331031836
13.714995098214352
-16.7556808630609
5.120505423296203
-7.272987924803462
3.956031267790211
4.879644033701838
-5.068030996312021
2.825542224574236
-12.127184985406004
-6.476542630544103
2.991390027293446
-4.556774982503562
-1.6887075265213036
-3.2736009236229573
-1.1819851552907956
1.7948459376892307
9.687271388353809
-4.342586999166173
-3.9733060037645442
-9.499681969578768
3.3520548866156115
-5.425198461600198
-9.516474028736027
6.663923394380642
4.698643069606856
-9.170051340268614
-6.770787486221748
-12.247755907780283
13.653957313547316
-1.3469278865553422
-10.066598861139521
8.675255959955168
3.5646783001935125
5.044076860182247
8.133804761285798
0.07158956313490379
6.151552666631541
2.0442191194302795
1.4519284947542712
-5.7099667272795465
-3.5834383160183565
0.22313100105064743
-0.7892352341873613
3.82260889026338
8.563951416790982
-5.008024079542859
-1.6244258212683815
3.7875270747084873
-2.667099913599907
6.1858212640433585
-2.5156140928478115
0.6441550335825508
0.19106678694250653
-3.7817157047008143
-2.115156680067691
-12.025403713221994
-1.1722809983600941
-0.08586661935946797
5.44593159245546
-13.206288627530526
-8.02096520548173
-7.816617233808603
-0.5139830807189746
-8.789797845480301
5.935761578516987
3.800855294857945
0.19432292475252694
1.771508200814925
-3.2693556282421463
3.659986561990406
8.90161054170195
0.6598554574975896
3.1467848023975913
-4.704348415214689
1.1089905670498512
-7.95604265814272
3.6600793655885817
3.7628566046870877
-14.072627675196621
2.352765311012946
-1.1951296477686422
3.0002183629294734
-6.936307950794011
-1.213647686078045
-15.28937251829292
-1.128362082893768
-1.1404162187447597
-10.336587634961354
-0.5268216249725759
0.6767186081464454
-3.711866260154282
0.0014203482135190604
1.5475567117923683
-7.35115627111843
-3.2937214198331826
0.1598345115062526
3.7602250554055994
-1.4962891521486854
-1.973859934849033
-3.047595548623625
5.6027842336625495
-12.59249360935261
-11.716846881991374
3.194279496092105
-2.011186496693837
0.28570962282114903
-0.6121384606843226
0.6685256593614565
-7.46486295094344
9.12830390151613
1.2717260095657579
-15.710326550474083
-4.151529096364423
-0.3838536040941725
2.430371557421861
2.0591092398589925
3.3654070450239537
6.142409870222535
-0.9780654389136881
0.5254229279685622
2.6688451545279
-3.949505408313393
-1.2686478102919891
18.502476003392886
5.034750880389381
-0.3361437206573476
13.907204482337757
4.63488358550252
-10.973879461068039
-0.7441985530955839
-0.6366039777339676
-9.630057252050348
-1.1642983914493683
2.7082695827190215
4.008312049179478
-8.664060069421957
4.826486146290862
-2.9165394069055575
2.3928784380353934
3.1503331268437544
-1.406502128063601
-0.6700938221045335
-2.760125426706087
2.81894867218428
-4.464735341957498
10.815371477358475
9.720593778690253
-0.34190691287621156
4.027175523291059
1.3277381030763922
1.490801324781435
0.3376391764942913
4.200423299878884
-0.7907138381603038
6.121674120616217
2.3182282584026077
-2.870516081714263
-1.436778650227841
-0.2355751387236636
4.242497083976523
1.2249648716889736
5.6714129542441505
-10.397420689370858
-6.769450155333267
-2.4605126123601844
-1.6722020665314123
1.2252468208617884
5.427508519471454
-8.560759385517358
-10.088423864476647
4.042778402060021
-6.385204702678717
-7.812908336584327
2.2711759148870616
-4.816644571601555
-7.797057155106376
-4.397214751331489
-6.343702938143808
6.999630901939224
-0.8686812856195346
-0.3175095361416016
-2.344964998922105
8.964253465587811
5.601791934146611
0.7727534098051115
-2.8542900243137685
-5.338226011967038
-6.635017997599255
-2.337632322252111
0.2725132195750679
-3.566265342389211
-3.977116997417688
-0.8886235272702835
2.0067032414666244
0.4377292172367785
1.3430705977970752
-9.799673354036612
2.972007024421315
-2.452547026189768
0.7540156487088218
-3.276535787523705
7.975763166343799
0.8802105103819009
-2.43231219434657
0.3714186206822807
2.506101911569571
-0.09125031134625018
2.7200888381202444
-1.1139847731429056
-5.683197234056926
-1.4196653445106824
-1.7867738007624507
3.7102176802930606
-0.4274916487531112
-3.0995637546489165
-1.1337202440068674
8.912537567219022
-17.189712750159547
0.34616211864055474
-3.7410896724557308
-5.590866416644632
1.1796300344403765
9.679082968787764
5.88047427783272
9.889554991399745
-1.1651234131906885
-5.452061888363194
-1.4317584506589422
-4.10085679418058
1.7221718149409517
-2.1725316922179063
5.470685635830677
8.445136142980152
7.648297828769139
5.659474784035276
-27.977620305669664
11.22356485935621
7.750692228070866
2.929276851153107
6.254917798038806
6.76739442747278
11.484240117904408
7.849734012362136
0.5157037228228428
2.7423992691373704
6.735904182288807
-1.1127926107309174
-2.922422637219274
-7.529423993737802
-6.260861054516956
-2.7042679982566087
0.09001966856468725
2.5488971329691807
1.1254296109549333
4.757249751995832
7.847244814725154
-2.3913502895486847
