%%MatrixMarket matrix array real general
1000 1
1.1925277339553892
-0.2370963266103278
-0.923241239408254
-0.1913934555792251
1.046426039099877
-0.6850056946442339
-0.8008689250655059
-1.542096134932715
-0.14059985726775442
-0.09306172662164829
-0.45644004520301495
-0.7972634966150185
-0.04725389570626008
0.5034606069756209
0.03274567156407817
0.0979878858740422
1.2637217635782225
1.0134265004143594
1.5628009850764226
-0.4612807067668404
-0.6968778291519704
1.5772554944808805
0.13429164279082828
-0.7601022284164284
0.20240886454472962
1.0720761654051914
0.8112220721401734
-0.609219811710555
0.06647468357032882
-0.9277008239515204
0.977199836843325
0.36079490000450093
0.23954855592252067
-1.0298519826709926
0.3201640784278267
0.6182370495674482
0.6751831391808127
0.011034897303328434
-0.3680137900570635
0.9874172119334831
0.12797645887825898
0.44560283619709096
-2.145683942081419
1.0032717734993377
-0.527613224264809
-0.672174329829891
0.4836795781931067
2.3017975527668635
0.26449338583356613
0.13795162187630655
1.146210044240116
0.46281880357283944
0.514219324758127
-0.8783166146596931
-0.887757311853874
-0.7760316876105755
-0.2278279173269822
1.8902356319029807
0.4613508184312041
-0.07936916636445658
0.3260841911392286
0.13817462811112102
-0.2683805640106646
1.98070413195351
2.2502636545236636
0.06473299795308989
-0.4828364861413752
-0.09860174882024063
0.904573386539637
0.9140332495478148
0.7908318433586664
0.38887268112380086
-0.563155458765879
-1.7494034308953534
0.5618191042606697
0.3999254029354875
0.6010789521345095
-0.571223240871208
0.9322705425636277
-0.07252700097686594
1.7831929524903454
-0.38486354099792136
0.5736445843932961
-2.1387329312165573
0.46656092771649893
0.5606308261999309
-1.1139877207597815
1.1043254833011886
-1.456801997306572
1.3819165755254026
1.1510050542571344
0.5625090051029873
-0.06638542414519745
1.058401302722182
-0.12894631348298236
-0.30525393603525824
-0.37447226670682876
0.9033088361521304
-2.0501586886884136
0.09417478185260217
1.1727764846442743
-0.5236470641398838
0.30325973410167456
-0.23157310691725908
-0.7420884470464233
-0.48172036915737304
0.6749372542259235
0.9619990986445686
-0.16859498526688566
-1.2803344678979944
-0.06797478796074623
-0.8303402858950119
1.362059017156805
-0.5175676291168344
-0.2352196617282249
0.5581857887762636
-0.6618237721456272
0.9473086514718706
2.0799228030574217
1.5476100798421575
-1.6658383078320171
0.05090631475310491
1.1529862941929532
0.6206386179432044
-0.3072785545376194
0.31780621293864547
-2.8987954977962906
-2.03454413480359
-1.0731931304327205
-1.1530012558335518
-0.7615060351487963
-0.006055058855191128
-0.31602640410075616
0.08271127090015801
-0.8402165023321946
-0.6755830258678509
0.00034326921504188035
-0.49921444735119436
-0.3138512195009084
0.061839100545135965
0.9151046594619695
1.1460145204975913
-1.1368170092575411
0.04591996476730149
-1.9356915049714853
-0.43937536777694275
1.0551103722641548
-0.7878549053933935
-1.3210979986028066
-0.9326811977252302
-1.4433133927155297
0.33137148675815503
0.11635162174803104
1.2127668634352209
-0.4405278462359409
-0.2715768351084093
0.176843964598708
-1.0461329986674461
0.3646403237544514
-0.9046425566523967
-0.5357641424020709
-2.0075131246283964
-0.062470612772428644
-0.6203566535972355
-1.6406980974479888
1.5666471359907912
-0.22362738856737885
0.027848909782759605
-1.3824887452304233
2.1261886101317726
0.6358862228019503
0.7922181847155818
0.6060514694900858
-1.2054874333899377
-0.023119784519640516
-0.7010023193821981
-0.6238160092764362
0.7463792878369269
0.6612812953682916
-0.7155071627295249
-2.0402741641587676
0.032896783692222806
1.3079988531773283
-2.094690956173969
0.4254578514735598
-0.4237147111180637
-0.7962193825784507
1.0136196245871878
-0.5301484098613429
-1.4780988343190935
-0.14531435780039875
-0.04093626864037732
1.6928066441180631
-0.27449614315314047
-0.506391671574185
0.20885584214527328
-0.012786772852298345
1.9591811104884864
-0.32789466351862073
-0.7390122392332978
0.548932423517989
1.4686561157568208
0.4190937166431046
-0.1718889151662339
0.6289730832286723
0.9605127801227477
-0.5482650927835652
-0.32005151632497586
-0.1868804686872093
0.03806199565194348
-0.3106501874030797
1.4170654935179008
0.9256983098751386
1.0568401146737871
-0.2702471856033773
0.238213979482157
-0.3966924366359283
-1.9883530002976926
0.2583443958515459
0.2923197589793134
-0.5149542942504636
-0.5311229427473649
0.017033023248974988
0.30697580026551635
1.5636912001736138
-0.01087745384914833
-0.7371350237337524
0.9746035377968533
-1.509501031778292
0.5522276786250375
0.5604336907464539
0.8218619556863644
-0.9931261432320172
0.2777929370917258
-0.4738099245455327
1.1226085222541242
-1.3099244705048245
2.198898063964935
0.09687002543867691
0.5746410118152279
0.7975480636569307
1.0539592639365678
0.19116995980529577
-0.5960644234930046
0.1372763911855471
0.9234160026909344
0.016654875929650426
-0.3961409675530339
0.3604810642776832
-0.62056063488596
0.9113298102400683
1.2400985876843817
-0.5895361722854031
0.47739004520405254
-1.9175813603591862
0.5142808544946043
0.5306154576777682
-0.6348849369337621
-0.731246254758682
1.664475350294261
0.1443491672241315
-0.6418947641570304
-0.7958433206147775
0.729170758861184
0.35118543181271833
-0.09245277120817104
0.23815724931463744
-0.2266378155991659
-1.0927829686451604
0.43097401152155285
0.6536578714090796
0.920966655527509
0.4910425253448282
0.13609667657507613
0.46099956464453073
-2.520424113728785
0.6096670184329651
0.942269056877747
0.5092237498382857
-0.01657975570022996
-0.760370162257789
-0.5937412936694034
0.5142118255925318
-0.05276512129126475
0.6567619611271175
1.123215024507915
1.6118229800672657
1.246405826498313
2.2914316758078543
-1.7856926613818513
-1.5227105031258308
0.9677501187017028
-0.056636035675594734
0.5051241857619467
-0.390829402590716
-0.35732425299693055
0.3082971587570259
0.5139550554146144
1.2680133052099858
1.3367269807526376
0.4868948035714349
-0.24531833076361187
-1.745144454958389
0.2838293210760171
-0.6929995468713358
0.037691766853187356
-2.5330470071328173
1.811304317846636
-0.35153204417314454
-0.1805596580370566
0.4642932838338455
-2.3794775318512422
1.7250729501251183
-1.8140714731845928
0.236252617840348
-1.0654914265177686
-1.7872400870703433
0.8595866217190111
0.3288792036231493
0.5326293067896098
-0.14311042517229483
-1.13235769749676
1.4490632894569517
-0.5172018043165993
1.3245409301793303
0.9320989706207541
-0.4114577855204637
1.4044946624875567
-1.6831394579604864
-1.372797739037892
1.296462259666197
0.2742054275663863
-0.79800317172049
0.031044748614039122
-2.895492303887649
0.03868611400812618
-0.6486790648288445
-0.028193787057636255
-0.8847997227955031
-0.0812293547584745
-1.5232506328182254
-1.3770044962550023
-0.4448423494729946
0.9193238606513501
-0.6354923168046903
-0.8877000298229935
-1.1527545080638002
-0.5306970400913894
0.9372122238126303
-1.4240531862911938
-1.2948105506644398
2.0895412130718123
-0.2128247408964189
-1.0946136302887652
0.8500967120739547
-0.95245269823661
0.7705423432552095
0.21913167625822721
2.1199336394172534
-2.1828560007372397
0.6846368289377428
-0.10444414447771617
0.18522891668655478
-0.5826140386577168
0.6335482907079961
-0.9644587125195309
-0.4355075573045839
0.34148495651810473
0.31179025241670866
0.9357540479148649
-1.0728881919579307
1.6471348821771266
-0.28608931765834994
-0.8030176376481247
0.8110174262544048
-0.5258863430684018
0.548696061034705
2.7562055343350416
0.28989266276024134
-0.7594449793556058
0.13428156179780845
1.0521087190815577
0.9305641693144984
-1.595481414827256
-0.9604301910361995
-0.21636259168344762
2.428366288545814
-2.4492499098632834
-0.13722333054574698
1.5133720003928086
-2.0974364959929264
0.35048569646614247
0.892849613883249
0.23582630986526182
0.844955380850163
0.8659847628973131
-1.2333343242626844
-0.39995909619075426
-0.1825760332152112
-0.3597647926705644
0.9976706186996636
-0.7117726498759562
-0.6908867543425047
-0.9038421259360708
-0.4308800028079248
0.11304991174903326
-0.29591011599651856
1.291631287974432
0.42138315896557416
1.0448991956787443
-0.1102585553469662
-0.1163654628081066
-0.5525862594040594
0.5162629252880857
0.1798741297940275
0.9322103177551951
-0.1441814833936389
0.6369802876180071
-0.19976675649283127
2.034460733581203
0.18777180674565658
-0.05086070270839947
-0.5184389062241094
0.5928912312331779
0.6837261559856125
0.9346122131501724
-0.6105827802918002
0.5606737727408488
1.711538298245321
-0.4855902822743783
-0.6785602615862912
0.4428883714568404
0.37963335013194605
0.36032060482421024
0.08983382881126102
-1.2993149877755459
-0.4551928249499726
1.3570996337449426
-0.5831898195827434
-0.5554322249321869
0.1794195751467352
-1.589852856554303
0.09727079390939164
-1.0876315788633606
0.2022735958512985
-1.3700203522579957
-2.1540620050122716
1.4815699655736538
-0.1276067350108696
-0.2931640915888744
-1.2325203297210685
0.6129658229494812
-0.6942231103794071
-0.10354840330367436
-1.224231553318242
0.8146789854253126
-0.11576607520503311
-0.16083572093537246
0.23226371087242614
1.1860860983172457
0.44493858759022753
-0.9002912082372229
-0.11746264574658317
-0.4801298022240935
0.8145917231469703
0.6798620824799986
0.9689368519656857
0.49845572911766467
-0.5441353730780188
-0.9659874170352226
-0.565637255400335
-0.7199921726055315
-1.343892071358908
0.3095629709704848
-1.0940939849929494
-0.5977305693247749
0.519397658115133
0.41519512374786277
0.4239533057589568
1.6221843190234553
1.67411142923085
1.4289172450502892
-0.05106792101776071
-0.08670336757880905
1.4178600893159823
-0.6711912492198
1.3888923136696287
-1.6910397001113247
0.027082876286721097
0.9711343192139673
-0.5158320647855943
-1.7736375590997935
1.0099853949837838
1.8331081970780765
1.9427195382991653
0.04229186243686214
-0.4667576610942834
-0.023695746693487715
1.5445759415228804
0.4297318918679939
-0.9931333687466358
-1.562331191746876
0.7370650357234613
-0.9320668011611944
-0.010948643995260729
-0.5633813659934724
1.0853562258045812
-1.8369923155313508
0.38180348671424774
0.3617997821053623
0.4801632860197572
1.0019370815931905
1.374096723386935
0.5494259977171249
-1.5484506578886372
-1.6127012998141774
0.5865839760520186
-1.2112238032132647
-0.45262792106045246
0.19299005561763713
-0.2664321191489433
-1.16061069400451
0.9635120199395447
-0.32169186264116423
1.4796189168763545
-0.8216735172958501
0.9505093450676648
0.037728087574959
0.46842631821373365
0.08131734929698932
-0.7680423332389814
0.5567732522649622
-1.260006485197927
0.7170358069524564
-0.5420023968080049
-0.384415789994761
-1.3727848453536708
-0.6583880328277619
-1.3606157222590922
0.15918351355776741
-0.18012541235882995
-0.3806941106289365
0.05317983981938891
-0.45696701029306375
0.913844632914876
-0.7710581010102516
0.08589380735092009
1.6916931754415314
0.1974201845715735
-0.4818763309489381
-1.426374359122939
-0.25406822061809065
-1.9302204659872082
0.8097034609258507
-0.8612767065098359
0.26383739718050303
0.4435910452847382
-0.6254497336510131
1.4032670161581107
1.0827229226004618
1.7766278389668528
-0.46373963251518646
-0.2247659780182094
0.5244801754298323
-1.4541129090430989
1.3274461393933008
-2.004942202040485
-1.58250278566766
-0.48238721396331896
-0.8510407251249693
-0.425004534616923
-0.48020322910270996
-0.4488289624009273
1.4854872318044503
-0.9754486353893982
-1.271443693072268
-1.1555810457460503
0.7685100226277233
1.547523681674209
-0.30248038784071024
-0.18326266232654637
1.3474205051092905
1.1845586203332674
2.0594893844363575
-1.4612043477579444
-0.05664974548234357
-0.9925674231812988
1.048054151131174
0.913791864426121
-0.07990038711597917
-1.9822467514559943
0.21877827554128715
-2.338970890774912
0.5845752139675489
0.1336302210456356
0.811637846252781
0.5301663327804728
0.21639303721629843
-0.8896929391439375
1.3517649146826922
-0.1111675887011059
-1.3933128466948268
2.1574118574798793
0.4339970327106731
-1.1474642511871318
-1.0090222915344484
1.3823706774047484
0.9049080123223354
-0.5340653004546446
0.6943779200827616
0.4977597093100965
0.339534833038411
1.4796933459896513
-0.3722872296293259
0.8100894816949865
1.282434807178885
0.41950664295328804
-0.25969710711960425
-0.2307989532457091
0.08859084169871095
-0.25172820996281275
1.1148417158821267
0.21546139639642986
-1.2203663387263224
-0.3182090316544218
-0.08975819519906837
-2.07650207253153
1.611130622862989
0.9584969230683608
0.11938380531836999
0.8221608902140995
-0.23956373569784273
0.6911113433161821
-1.2784142785724322
-0.03778123935249765
-0.07210256072710598
1.0302188900080507
0.9481547762482525
1.155855554698924
-0.48860395978089954
1.5280434930190228
0.5675217008950157
-0.30630327625494935
0.11692111150433226
0.5958439824102186
-0.8567875910306134
0.2045937832330293
-3.2890517074861254
1.0687286310696293
0.7244537722306031
0.7470066799068159
-0.8900300263895727
0.6830739581471085
-0.8415759664473809
-0.4867707687626932
-0.38971259104413214
2.0533190711406437
1.1551746994678866
-0.27201898817221654
1.8062358074000335
-0.7072270582948305
0.0947087672228601
1.8915189566869632
0.1352838418309688
-0.7975605920625263
0.6984743373068225
-0.3865262999974383
0.2325958103715589
-0.03499129252273343
0.3630851378669411
-0.42247870003919974
-0.40708927363631836
-0.3574375202464074
-1.0537208846513233
-0.12379139637750096
1.0405972494903428
1.1011008495599768
-0.7215388475904159
-0.10428286090661919
1.5636082918463294
1.34847260387928
-0.5267301964617892
-1.6276628360387613
-1.2050964061693072
-1.260568527039032
-0.20592497680012173
-0.022230998956912842
0.9425479167032575
-0.6163683762347064
-1.879419251700753
0.15716075493739357
1.2940403272549426
1.097671104579502
1.1018042734765638
0.8023686390141095
0.16850088101303365
-1.1189153884394016
-0.4175289141216004
0.8041713893110666
1.313135067087746
0.9048985000862193
0.6921920379740801
1.0662262176069637
-0.6765062466313684
0.9632511110581131
0.7395530044224139
-0.8518998406107673
-0.06378392031505774
0.6269968579872134
1.0894078338794517
-0.421681267210801
0.16696013355880016
-0.5404850436366434
-0.7840526832472567
2.0387824222994793
-0.24358965670365318
0.3935153577707139
0.30838466911091456
-0.7201116378685565
1.045945891352351
-1.0214993498553773
0.7004655141932158
-1.0278619100916617
-0.09428385869597562
-1.7074297086770542
-0.8093090611948964
-1.710379524510112
0.7888430238627115
-1.4193220287834059
-0.2855315029060514
-0.355516631985305
-2.794540308115051
-1.4146026742068103
0.3143130064146158
0.47910709078750235
-2.099947746700325
1.7795143262805473
-0.40319904114236516
-1.0168866557929173
-0.10849929060172826
0.9628755623232715
0.546132660228263
1.0436855418475854
1.8257838725549125
-2.8267561012097646
0.7133911035425909
-0.613267558292934
0.7845993670558103
1.0290931228525237
-0.6321223429637971
-0.08894558681042004
-2.1662590417031007
-1.2693749737575353
0.8922969521949422
-0.5611575273310375
-0.23510243525734442
-0.34614152200005327
-0.4833722894635406
-0.013567249752297547
0.8115415430387903
-0.42273767931013273
-0.27448119388790954
-0.7038243532993376
0.747495347368141
-0.9377109355743706
-1.682719667887218
0.9859562164318095
1.522458807744579
-2.6831259652196775
-0.8981194711881991
-1.628105029962176
1.3792001831807403
-0.13494713803358876
-1.8848065625601271
1.0404773978974198
0.2863168540648039
0.9523123302244278
1.5050784874330334
0.2936096217184544
1.5724189617075173
0.2189667266721032
0.3709518415167648
-0.5334420328727738
-0.8360059604330438
-0.47826931500395387
-0.30578334151733777
0.8505485976105168
1.1794165429313492
-0.7956425156109531
-0.3938258179644402
0.7039285157947466
-0.6235293118892108
1.2529183358369913
-0.19315140279046933
-0.13057485069942226
0.04878258275198217
-0.7422420293850722
-0.324332795810898
-2.698930006496678
0.1968935018912124
-0.2192661625420898
1.24417839018681
-2.850637796698025
-1.2061590643828084
-0.943436683816382
-0.1745538750218842
-1.8598792655530179
0.8100800757400839
0.7141945532579862
0.00564502093392133
0.8069690998860038
-0.5613045135037048
0.06122187465150468
0.9054653984212151
0.48138846620528636
0.8236937255147312
-0.4365635458227125
0.2867523597302764
-1.4624873394754605
0.21239652040025875
0.569761174229414
-2.275975420695823
0.6750466860480507
-0.44161106979256515
0.5990368109599659
-1.2753142261893293
0.021625115392844202
-1.3740433656253201
-0.11060671494415293
-0.49307006240036866
-1.7264607712265585
-0.3943852042194361
0.04427582103283415
-1.0338222059970814
-0.09015272663677092
0.4061708634558984
-0.7613091601130855
-1.2935341743796667
-0.4762122163046435
-0.031354169033814994
-0.6457124797171484
-0.4549841088689458
-0.3561737920552957
0.81197696916076
-2.1890803497034104
-1.7569501804098313
0.3702136934415451
-0.3152495610532451
-0.25655849175036705
0.4373500272320642
0.03570902132947861
-0.7854408062455329
1.777873467574402
0.43195964086823685
-2.0087797416711366
-0.9478776770995777
0.2414554257045587
0.2923054094403142
0.4787597425031438
0.5640056938372106
0.7005694674407215
-0.6288077417482646
-0.07094008615507615
0.15712785868470797
-0.6139189782488168
-0.0573140927936789
2.379593728178087
1.6739392069437382
0.13218361169152182
2.376513561345177
0.688419741889032
-1.6250774428926404
-0.14923726276591948
-0.1399872502531611
-1.6963193393347866
0.012159676333837119
0.45132402159929375
0.2930777958231175
-1.578762333453935
0.23920888540640123
0.41606431645349756
0.8718144002766156
0.7303819060986309
-0.24134672519181954
-0.16317099810779967
-0.33667831467564824
0.39902730380002643
-0.9106112603470782
1.8399170264090412
1.2507030165654398
-0.03806518743215502
1.3879988036752196
0.12954784410419878
0.4599961892409499
-0.3796872790971195
0.4000344885646911
-0.0942255035255574
0.7018136145275712
0.3931216169720603
-0.6676083035096174
-0.1942270565530999
-0.280868996551455
0.2884953579940554
0.5717540977463955
1.2319930180165335
-1.2528988146914282
-1.345351719206803
-0.409854572145178
-0.38533785893984546
0.18554234982221224
0.4638103921592959
-1.1668810149305517
-1.392263927968638
1.1514099886836089
-1.1802768958529992
-1.7346983540309446
0.419529595813667
-0.7190345651030426
-1.347433604806498
-0.8737916252421146
-1.2008034857535634
0.7305423480209036
0.15172350759716824
-0.1212783770171497
-0.530831443535635
1.831658826801083
0.7098140490519091
0.428564988943255
-0.2603894699555372
-0.5978194490535673
-0.8508273292741467
-0.45164551402073505
-0.06454140922737826
-0.4094736826868277
-0.8933661401692217
-0.3510555037813162
-0.0937482395741537
-0.020992271809402135
0.8348512605802116
-0.9575468440646101
-0.21578448217650936
-0.20436883952157475
-0.3791282875393975
-0.44234025165014257
1.2751589656999511
0.21885007554950475
-0.38513327950386145
0.2398496106681418
0.4431055296189314
-0.6584661136536883
1.066927238385555
-0.26794271642900347
-0.6131545348300076
-0.05150544608645956
0.02144686244763548
0.1646861894627305
0.30243490007450397
-0.6665207977611972
-0.14390700309066345
1.0543824296713193
-1.8730402142321214
0.21591606752777948
-0.5718241916055277
-0.3356849484451006
0.4896030069760994
1.2186119721675455
1.8961875722709431
1.486673931802788
0.2781736973672763
-0.770280372680259
-0.21587541841975338
-1.058693092633028
1.0186734186024284
-0.23242963333438948
0.20073262968366518
1.9045704256192701
0.4269053023047468
1.4886152199714335
-2.8481027324575274
1.6535424533728504
0.4087225144329077
1.4570985448940506
1.181521730161572
0.4732622458033549
2.0607805418245193
0.9455986132935247
0.6482463695168995
0.7613922277443
1.202266294062483
-0.0555778361102877
-0.8061604914562541
-1.3926648545724247
-0.8894186019025707
-0.32801208664530246
-0.03688432542710712
0.810511569016706
0.17986448305908004
0.9523811922825343
0.8919074186152861
-0.311890891451994
