%%MatrixMarket matrix array real general
1000 1
-1.63115013582142544e-04
-1.02134935165712482e-04
-1.78151036968755838e-04
-1.86074310585562092e-04
-1.85862055812894525e-04
-1.96356282360083409e-04
-1.64871725531706682e-04
-6.23101900050411516e-05
-3.06812471669931576e-05
-2.65011134969138080e-05
1.38946127606113956e-05
-1.25659352742406923e-04
-1.92325015360741893e-04
-2.21015536049512474e-04
-2.15890742489645987e-04
-1.89595185688727933e-04
-1.96029558411976073e-04
-1.10619397432489295e-04
1.69484695536954331e-04
1.15863780813060298e-04
-7.93979259566342699e-05
-1.02492561366761270e-04
-1.65513682315079815e-04
-1.72469812281922244e-04
-2.37915694079513700e-04
-2.27897443574749756e-04
-1.39546873489913397e-04
-1.22060567659975998e-04
-1.38325201585339744e-04
-1.52739878873441948e-04
-1.51396734098087479e-04
-1.05355157665323516e-04
5.28770381682633383e-05
-1.64415421922724627e-04
-1.32566553761120486e-04
-1.58415742277838228e-04
-1.45461978675891571e-04
-1.58824684837751296e-04
-1.59744932092187146e-04
-1.02259892079236379e-04
-1.72953372838660331e-04
-1.73040537060874949e-04
-1.02670640041654677e-04
-9.21115022090543715e-05
-1.31734953169048352e-04
-1.23406542311665359e-04
-9.25520760459222491e-05
-4.07403156076041443e-05
4.49728866408477665e-06
1.16757223521742233e-05
2.14695417752936617e-04
-3.27375838393650052e-05
-8.50792558230737198e-05
-8.82976005686531701e-05
6.97254645655341816e-05
-1.16669965604117081e-04
-1.37750117563448140e-04
-1.32938553674827808e-04
-1.62740485406043462e-04
-2.76369155953787044e-04
-2.88491322073284153e-04
-2.67933955909159267e-04
-1.93500942946162437e-04
-1.85339217546744150e-04
-3.10798346095305343e-04
-2.81544991217558445e-04
-2.80422900084214308e-04
-3.37638204148532953e-04
-3.05198599992402781e-04
-1.94556943549207921e-04
-2.27851642137879705e-04
-1.87851327460623451e-04
-1.86616135218204381e-04
-1.75306195518820716e-04
-6.20291395466951749e-05
-1.46151936398249919e-04
-3.95444116923757139e-04
-4.40976070571999566e-04
-3.67168684924526673e-04
-3.38642674507426585e-04
-2.49135825589109059e-04
-1.75461838819734666e-04
-1.67127749441653580e-04
-1.56235297998989699e-04
-2.55218002882163781e-04
-2.38009802344023975e-04
-1.82076566127862671e-04
-1.56567074942951835e-04
-1.65627512455924272e-04
-1.90435593554082487e-04
-2.09897257020048595e-04
-2.43671360215984609e-04
-2.56235314440903493e-04
-2.89105222228103166e-04
-2.00926816891467156e-04
-1.18229842282783853e-04
-8.56608134917959964e-05
-1.30339340949873139e-04
-1.56503106734368579e-04
-2.31798132769567603e-04
-2.19126195886074982e-04
-3.36358439665190249e-04
-3.50175535845882789e-04
-2.23901408130334958e-04
-2.30357471218043362e-05
-3.06275641175219042e-05
-4.66304762704197826e-05
-5.24045373112027278e-05
2.21793111940188749e-04
1.73163041061296231e-04
7.14321832059286888e-05
7.11766164618470617e-05
3.20158893689054258e-04
2.21803213854827419e-05
-9.63011500946175329e-05
-1.07891083835246729e-04
-1.07555385288682478e-04
-1.70368206673511698e-04
-2.36633121233701229e-04
-2.54322512619662995e-04
-2.00475347234805234e-04
-2.33294575611687430e-04
-2.45115353570224599e-04
-2.37328550327484296e-04
-7.77092106075973857e-05
5.64910814071994342e-05
-1.29841164064049678e-04
-9.15309336471419521e-05
-1.04427607038420651e-04
2.15448194951712354e-05
3.07990425912991518e-04
6.75709411444516564e-05
-3.89457535261883599e-05
-1.88755670502364003e-04
-2.15515219596311512e-04
-2.39081921732927326e-04
-2.07454678514911502e-04
-1.72562784068655832e-04
-1.04679517739617121e-04
-1.00540867768903429e-04
-5.87436222116628250e-05
-9.16529339621614163e-05
-1.43788077888523159e-04
-1.37186613300632255e-04
-3.67642267098214912e-05
-7.34903724021972442e-06
3.00363751931891749e-05
3.66706593151432223e-04
1.99926170727534464e-03
2.77431759353473188e-03
7.09237462002306461e-04
7.04077234566464561e-05
-9.96735057978636544e-05
-1.32538220674051268e-04
-1.45905130067753625e-04
-1.23416575894799783e-04
-1.04124111638738545e-04
-6.68227223740860228e-05
8.82276244374204934e-05
9.62761900356553547e-06
-1.23275394543324499e-04
-1.40226136672184172e-04
-6.19462742230384345e-05
-1.05784156069807077e-05
-3.23331642951551752e-05
-1.10089533306966414e-04
-1.46438629100141375e-04
-2.25233317879010471e-04
-2.19398447956491876e-04
-3.01852075919833811e-04
-2.47001858016341301e-04
-6.98897836861343867e-05
-2.22080748873293714e-05
-5.53213426430068439e-05
-1.41720134419141526e-04
-1.31635030852842805e-04
-1.17246791349935988e-04
-1.20277442952435867e-04
-1.03827719165088843e-04
-2.06822807773998142e-05
-1.27143469089185910e-05
3.64031593497104121e-07
-6.19721455159694817e-05
-2.96402410416563282e-05
-6.94340448488125431e-05
-6.52973668847853239e-05
-5.81439902925832627e-05
-1.38426049593419302e-04
-1.70710812465042642e-04
-1.61722403437800631e-04
-1.34107087840461096e-04
-1.38941229318008223e-04
-9.44843793050612491e-05
5.96950054481022729e-04
2.47465019243830586e-04
1.66842680780348055e-04
5.85013317970018917e-04
6.46794804515964279e-04
3.52534188419379975e-04
2.45614288677155649e-04
-3.41791159288132198e-05
-1.27360372534811349e-04
-1.55919660455594372e-04
-1.01019383932316267e-04
-6.42842382169621709e-05
-9.75412101518252292e-05
-1.30048389931508319e-04
-1.26511712130299929e-04
-1.68522419316648620e-04
-1.40881551213929788e-04
-1.17283797776153876e-04
-1.15352918225421062e-04
-1.17598284976343313e-04
-1.47650290823272512e-04
-1.44331115093618593e-04
-1.12859752625451421e-04
-1.12157481304637913e-04
-1.47877793157837403e-04
-1.98740922507937971e-04
-1.97463318884707312e-04
-1.66312713892813411e-04
-2.02585479445355947e-04
-2.39415709803336967e-04
-2.30082159522835531e-04
-2.90922226818323987e-04
-2.52492078038164900e-04
-2.04374190876734888e-04
-2.19342760857896626e-04
-1.94197254568575486e-04
-1.30318496064967215e-04
-1.66397699690263938e-04
-1.69152115592232613e-04
-1.61492421564650435e-04
-2.25155821866266227e-04
-2.63501734158320261e-04
-2.00172641399228523e-04
-1.97908646568310505e-04
-1.85392087165637057e-04
-1.10023422725052554e-04
7.84470696198973473e-05
1.33611552261654869e-04
6.90068880250003375e-04
2.55138617648878680e-04
1.70211331649897080e-05
-8.82560894346810050e-05
-1.98449176532406379e-04
-2.10531468394546586e-04
-1.48821458570269800e-04
-1.43415876008641042e-04
-8.91732911591444914e-05
6.76634095612600479e-05
2.43950290055125908e-04
6.18659783191799744e-04
7.16254456777672480e-04
6.82915472205683494e-04
7.27896670675597969e-07
-7.65593361691552536e-05
-1.98152264593879030e-05
-7.60579358184442281e-06
1.93415608369216932e-05
7.82379284512790645e-05
1.25991236229304015e-04
1.16397929466087040e-04
6.61402013744649686e-05
2.26765415410816763e-05
-1.05671168435589530e-06
-8.00544862848752447e-06
-2.00037878764604618e-05
-1.48256177104701603e-04
-1.96834110939219921e-04
-2.28569493951286855e-04
-3.35330223240500741e-04
-6.40644615611642501e-04
-1.39643625392934113e-03
-1.71736969716018619e-03
-1.45578257009425227e-03
-1.05807518486232110e-03
-3.64091759311845368e-04
-3.01671363148657838e-04
-1.71924673879682906e-04
-5.07430321709124034e-05
-6.67134706667224303e-05
-6.30876806585758357e-05
-1.81711630734842158e-04
-2.06914485320577879e-04
-1.95823286298929034e-04
-1.25979401740332212e-04
9.56204087407837148e-05
2.71931685178613061e-04
8.77328586866562427e-04
5.48823927230953842e-06
-5.88094913845636259e-05
-1.24643951628887256e-04
-1.74730080361973968e-04
-1.93698732572881657e-04
-8.17752130360777877e-05
4.37350878534274685e-05
-1.78226380406134623e-04
-2.27931690729110746e-04
-2.13490915775016411e-04
-1.38231557528299080e-04
-1.27081830866992475e-04
-3.90749868478961241e-05
-1.66000505688782105e-04
-1.60284999351117442e-04
-1.34719576092841558e-04
-3.69018224722586930e-05
-3.33552568250108515e-05
-2.96868817997318797e-06
9.21928047352870756e-07
3.05561097474482679e-06
1.39598108278929552e-04
-2.01614062739139917e-05
-1.00887825102213737e-04
-9.30634750235027376e-05
-7.38401752271634383e-05
1.73432233117116162e-04
-3.44173076786851752e-05
-6.92973720335849394e-05
-1.49068834036041487e-04
-1.78944364606943975e-04
-1.42310932655630661e-04
-2.20638437513992155e-05
7.08866339510195401e-05
-5.81394783857487325e-05
-1.18942900705009519e-04
-1.10151302868978767e-04
-1.78350018157693094e-04
-1.49815017595389096e-04
-1.26780160332039477e-04
-1.99972652176928539e-04
-1.31173401784008461e-04
-5.41199823373602609e-05
-1.22847435488977709e-04
-1.16087352166748415e-04
-1.26734948121640101e-04
-5.56037423108168621e-05
-3.86377198940265551e-05
-1.41768951922655192e-04
-1.65218635580622762e-04
-2.16686675792313608e-04
-2.27221182393587103e-04
-2.39633951800822999e-04
-2.39462700285044869e-04
-3.97757831986327156e-04
-3.04905267348810688e-04
-2.47708426029256816e-04
-5.04604321563948723e-05
-6.00950024968569690e-05
1.69290925472233896e-04
2.55816028649694127e-04
5.09790967749243137e-04
3.92760943366302203e-04
-5.16384757038226968e-05
-1.35584440580954540e-04
-2.04601096711285900e-04
-2.33312312031544867e-04
-2.39142566551943782e-04
-1.62181670016362743e-04
-9.75924762414123238e-05
-5.13351397635332211e-05
-1.43001336218737986e-04
-1.79802648224890497e-04
-1.72727818676176670e-04
-1.71335446463817033e-04
-1.73118493863731911e-04
-1.13285305418969219e-04
-1.41442635401905982e-04
-1.00345784307326444e-04
-4.90072138445979270e-05
1.34707647193428809e-05
-9.08632238094590847e-05
-9.46092618094043986e-05
-1.75811750537301255e-04
-1.83278611474761602e-04
-1.70218879250140932e-04
-1.41048517367598560e-04
-1.60083919964826207e-04
-1.66922299658224353e-04
-2.20543357290756787e-04
-1.80179251246014591e-04
-1.95755709506611542e-04
-1.92434368122791372e-04
-2.12611415660872828e-04
-1.87141821896111109e-04
-1.49843369296910091e-04
-1.42796291180932820e-04
-1.74558734837313182e-04
-1.57837797135240709e-04
-1.68937364811504002e-04
-1.51574128826797560e-04
-1.48186849613274124e-04
-3.32819483698155354e-05
-1.10256299866904077e-04
-1.39014918346231872e-04
-1.37797182281704754e-04
-1.16707728840148681e-04
-1.39866233569750826e-04
-1.15892071302419977e-04
-1.26901609265491150e-04
-1.02953593218308868e-04
-1.86121093152003068e-04
-2.03380790208629726e-04
-1.55732057984029585e-04
-1.49867744253671855e-04
-1.42208645416713134e-04
-9.65922604799715218e-05
-9.11136980408194623e-05
-3.55293942124766454e-05
1.97461763768212641e-04
2.10349049405201584e-05
-4.57428740357803125e-05
1.37613993042823128e-05
-1.26042474075714270e-04
-1.90188026398271145e-04
-1.72380223948753665e-04
-1.42898900043028198e-04
-1.26675569218590912e-04
-1.39644853015475062e-04
-3.08985347033897614e-05
1.64683284837349557e-06
7.14105673262808386e-05
3.00135671146901928e-04
-1.07722866489697792e-04
-1.83498657498318090e-04
-1.92937584232326647e-04
-1.24747628732164778e-04
-1.46617015408155691e-04
-4.03706707012841380e-05
-1.48976751962751064e-04
-1.63556254307112292e-04
-1.81417677322847888e-04
-1.55368331027643902e-04
-1.55925247430176942e-04
-1.34176008609578718e-04
-9.90475318261945219e-05
1.36582439517258418e-05
1.16386584074013987e-04
3.60704068197947690e-05
8.88384826435407939e-06
-1.24174834400186105e-04
-1.68784784331887363e-04
-1.30390293692053618e-04
-1.37093533526162184e-04
-1.74811707170719312e-04
-1.99385071552855711e-04
-1.81095525060754681e-04
-1.46438575050557881e-04
-9.91127981268182120e-05
-2.19685055097479159e-05
8.54224580023872464e-06
3.65166145528074827e-04
3.47119188138406663e-04
1.93423428401052935e-04
-4.57047925594199840e-06
-3.00891530382061474e-05
-1.62848032150064237e-05
-5.35204210724328782e-05
-2.30180805207241563e-04
-4.11950469855368274e-04
-4.99373290394810199e-04
-3.82964631376356106e-04
-2.84000368871444638e-04
-2.16558064256405422e-04
-1.77694354837997306e-04
-8.47016007302393847e-05
-4.99683763957512166e-05
-1.24139063677685302e-04
-7.81004895219309942e-05
-5.96931692810402886e-05
3.78057987635741313e-05
3.64987913064086789e-04
2.21786238406546750e-05
-8.42460613829104795e-05
-1.67068944655814002e-04
-1.69646411760029849e-04
-1.92175050364920834e-04
-1.88241535155260833e-04
-1.84228089362889307e-04
-1.65177913761266760e-04
-1.15695336677870556e-04
-8.87389027455933290e-05
-6.13367527713285041e-05
-8.93279040971026780e-05
2.61956141858169129e-07
-3.39566219655479916e-05
-6.10789018916707213e-05
-1.18837139217056612e-04
-1.03287209046057593e-04
-1.18277428309212769e-04
1.36213361057499049e-05
-1.07133715448955755e-05
-1.33508128096518700e-04
-1.69092945666487310e-04
-1.49357354532763092e-04
-2.10692351016448826e-05
-1.04647343826595371e-04
-1.00831280678701429e-04
-4.84005988057807689e-05
5.12043078974031094e-05
-1.13727949763165078e-04
-1.82083178814111506e-04
-1.90293935662019451e-04
-1.46381427418757403e-04
-1.59780128266538007e-04
-8.98853837033653972e-05
-6.90748520032963341e-05
-8.02677003081402225e-05
-6.34119375382220579e-05
-1.38530014739270775e-05
5.38357039516048144e-05
-5.08029656843754203e-05
-5.31862146539590925e-05
4.94365624327834305e-05
-9.88076415632376664e-05
-1.50314531527778522e-04
-2.02187139051776923e-04
-1.86401764642178235e-04
-1.40412896144047773e-04
-2.11244227711451554e-04
-1.90088251339514075e-04
-2.18356529516050319e-04
-1.47249504818701014e-04
-5.42348945728869680e-06
-7.50303465132821706e-05
-1.65775647201221060e-04
-1.68831719329775578e-04
-2.21678129292888679e-04
-1.94026503595148576e-04
-1.44270832469996094e-04
-7.94656954801116781e-05
-1.26938251109864832e-04
-1.77240036771709867e-04
-1.79542184237401793e-04
-1.90356973139006800e-04
-2.17462879392518738e-04
-1.46335228316394586e-04
-1.47988408867655167e-04
-1.38395974161401210e-04
-4.82787144327339072e-05
-1.01428921372022113e-04
-8.97671483613606414e-05
-1.42947229676774600e-04
-2.05477135826249036e-04
-1.68498098124454090e-04
-1.45772491572036833e-04
-1.99493604900569978e-04
-4.05236209849078226e-04
-8.46284851563768004e-05
4.49424293608406602e-04
2.08268885371028396e-04
4.47351421132210369e-05
-1.25317295342135086e-05
-9.60284044080890031e-06
2.58222256460469840e-05
2.56782159210375456e-04
6.79256102068762774e-04
4.40692357986697755e-05
-8.88623801326930002e-05
-1.32887898817506253e-04
-1.62243307453441678e-04
-1.55732450488755246e-04
-1.77654359459673199e-04
-1.84521849929465665e-04
-1.97080052289539537e-04
-1.80711781305708998e-04
-1.53251146304580782e-04
-1.34184457734931096e-04
-1.13146439708916688e-04
-1.14494230958539760e-04
-1.38875577382057205e-04
-1.21884843430613600e-04
-8.79722344559986328e-05
-1.49903163828799056e-04
-1.70266418889697315e-04
-1.53965615354978067e-04
-1.14750476191825986e-04
-1.65379654824835852e-04
-2.12043354257430874e-04
-1.67042140066005294e-04
-2.12596493391534235e-04
-2.28948285964476956e-04
-1.55895030875624402e-04
-1.65068209465393204e-04
-8.29420976319204719e-05
-3.00686068737065181e-05
-1.41207009220210443e-04
-8.98145873208422603e-05
-1.24264364252193418e-04
-1.80222518331011532e-04
-2.69303751624413892e-04
-2.98834207780614321e-04
-4.23194989937056808e-04
-4.44336237416455022e-04
-3.34971610123212683e-04
-2.79934104456305280e-04
-2.47695900476623584e-04
-2.40224507192407684e-04
-1.35400627614163803e-04
4.29090558897628075e-05
9.91813917084775009e-05
3.68170628266899463e-05
-1.29558601283383213e-04
-1.50968015897482571e-04
-1.46626471575003400e-04
-1.14594241497639358e-04
-1.15317665269484555e-04
-1.15320118406753505e-04
-1.34486252787924341e-04
-1.46919692873489832e-04
-1.70852610271650038e-04
-1.56893433719304141e-04
-1.22979763232359098e-04
-1.50725833366437915e-04
-1.27587235431856434e-04
-4.71952404632881004e-05
-2.50907343370529901e-05
-9.69412395131365569e-05
-9.94498976112056761e-05
5.58225593335698799e-05
-3.78740068908863230e-05
-8.07424342511189712e-05
-1.42473324881088343e-04
-1.30068221928058344e-04
-7.21669971623017589e-05
8.77383446051850646e-05
2.74745420114727579e-04
4.00430031179608605e-04
7.86328429182470146e-04
6.07113994146403599e-04
-2.01954587124276129e-06
-6.69009435992613084e-05
-9.71434291263949560e-05
-9.54555787148242581e-05
-1.38730329808856923e-04
-1.22242129144086754e-04
-1.96466369836400395e-04
-1.91262764701812058e-04
-1.13963612847942471e-04
-2.02676869907012468e-04
-1.63701662132582199e-04
-1.83224690239301539e-04
-2.07533657595163198e-04
-2.23974199271761249e-04
-2.05449463584845334e-04
-2.70302636261559107e-04
-2.25136129937563876e-04
-1.33748481151066412e-04
-7.55527199291847868e-05
1.24780852952806592e-04
9.92664758796438858e-05
-5.64454435946942269e-05
-9.43083131436284108e-05
-4.53243782754848444e-05
-8.67764750265992164e-05
-7.92450122914709868e-05
-5.10450446225736313e-05
-6.91438729637213010e-05
-1.11726203020050404e-04
-1.57426118732983115e-04
-2.30155214079159681e-04
-2.92753777252092095e-04
-2.09130569424707336e-04
-1.78008741533368896e-04
-1.69202829941832947e-04
-1.37212751161488967e-04
-1.33410532057242162e-04
-7.00708281329497323e-05
-1.55976568199695030e-04
-4.16076122778996692e-05
-4.10124607382192846e-05
-2.51791250501744905e-05
-2.17526755057260704e-05
-6.80392633642943386e-06
-4.78457066947019167e-05
8.56977381885089663e-05
4.98269266303789753e-05
-3.65716628893026936e-05
-1.37598231172595775e-04
-1.61150572897448760e-04
-1.75357270523380506e-04
-1.84706016899660629e-04
-1.66394067193444053e-04
-7.74847814588616561e-05
-7.99852461103055029e-05
-6.42283029142005002e-05
-2.66639466546605974e-04
-2.48090915815880886e-04
-2.09024703774435359e-04
-2.15471224214579585e-04
-1.54923410035704074e-04
-9.47735021982579770e-05
-4.36356401713746626e-05
-9.61089414982258666e-05
-1.66750242022499278e-04
-2.79007337888689420e-05
5.46538917996564674e-05
-5.54440504241663409e-05
-1.47760226348311223e-04
-1.71441911141641994e-04
-1.63559061443491514e-04
-1.26880017757709425e-04
-7.73175843979471538e-05
-1.13917813532655250e-04
-1.08687334055002516e-04
-1.72710594546638448e-04
-1.57900375613408638e-04
-1.07750656881886982e-04
-1.18921032139285288e-04
-1.50908773276132850e-04
-1.79740664706499976e-04
-1.44329945545220144e-04
-1.01679536370883066e-04
7.60442908224281434e-05
1.11177718561591044e-04
2.79626629076685975e-04
6.38355003859244693e-05
3.56676576950107804e-05
2.35468172777920134e-05
-3.30735717541084137e-05
-8.09509686266182476e-05
-1.76167616177494359e-04
-1.80683003686243210e-04
-1.66114910438959116e-04
-1.19583521090734293e-04
-6.93167850683768828e-05
-1.70091066346092501e-04
-2.55345285883020953e-04
-3.56799429790234960e-04
-5.41371670147892600e-04
-5.31296624002318245e-04
-5.11666730249226787e-04
-2.96353810439957237e-04
-2.12447924069737037e-04
-2.20443352412360866e-04
-6.39439548415429715e-05
-1.40257485520763644e-05
6.16334726777161522e-05
-1.51327261670590615e-04
-2.14252173438308265e-04
-2.24541952636438406e-04
-1.62245025192389938e-04
-1.29093785443619262e-04
9.89293034406486804e-07
-1.13153974282712672e-04
-2.00071199648532965e-04
-2.44537270196200449e-04
-2.59034858359661398e-04
-1.94415531116958439e-04
-1.50882685145216247e-04
-5.65386050667820170e-05
-3.94746510042922032e-05
5.39662193374958188e-04
2.93797857181901542e-05
-1.10483356531034058e-04
-1.84110507299696958e-04
-1.96430866066141019e-04
-2.08664611306986917e-04
-1.34533527641981804e-04
-6.12802660662032858e-05
1.67223253644038046e-04
8.40229486912787496e-05
2.58456525725297937e-05
-1.28142613514627157e-04
-1.17107880085147312e-04
-1.33411300363949696e-04
-2.49391642019319067e-04
-3.42101115534210925e-04
-2.81309476063137248e-04
-2.73451715627171747e-04
-2.17327697247705984e-04
-2.02588846030144886e-04
-1.92278766624302822e-04
-2.00653518141469256e-04
-1.73148530124519508e-04
-1.03646395879113972e-04
-7.23723336841456538e-05
-1.49265140497710459e-04
-1.77925719541227926e-04
-1.57420308257087520e-04
-1.48197453597521175e-04
-1.94848187618694413e-04
-2.38260343330309128e-04
-2.00198053522900477e-04
-1.77380905441354257e-04
-1.94609085989935001e-04
-2.02383834600251421e-04
-1.69014654046752946e-04
-8.34704868652289987e-05
-7.45581240038862474e-05
2.48009733243150215e-04
1.56577344502352618e-04
1.11918947193782251e-04
-1.49272035732077985e-05
-1.46539228077565949e-04
-1.81285812710636524e-04
-1.75877769464079974e-04
-1.69620105521216757e-04
-2.27887534403106154e-04
-2.29356062886090708e-04
-1.21307917364731348e-04
-1.21304585498840250e-04
-1.64247787553784084e-04
-1.68179438486834153e-04
-1.83962270332116255e-04
-1.50477986096639771e-04
-1.35605791298563688e-04
-1.18521008847808132e-04
-1.29213467112892296e-04
-1.36100298580141190e-04
-8.76471320239597404e-05
-4.13243448863782176e-05
-2.83562335348401724e-04
-3.70205291205922844e-04
-3.55903751898952684e-04
-2.65309681890655300e-04
-2.62527786489297546e-04
-2.93769686433947809e-04
-2.68996023994757865e-04
-2.77793621976969631e-04
-3.34204617480352007e-04
-6.23599582222374334e-04
-6.62511502264167065e-04
-5.09477702147005836e-04
-4.04368078802945508e-04
-2.96057191640894195e-04
-1.66456200591537026e-04
-4.98455602895662292e-05
-1.11721592511507316e-04
-1.13203535898897531e-04
-1.56489979882494697e-04
-1.40604676428674261e-04
-9.65393133843129442e-05
-1.54296953351937488e-04
-8.03774504889094880e-05
-9.34115008685472707e-05
-5.64418188006674156e-06
-2.17568142179067146e-04
-2.73686284973711710e-04
-3.09749314190912658e-04
-3.80943718330678050e-04
-4.18901416052514821e-04
-4.62880593449521011e-04
-6.99936672570368283e-04
-7.26258739311071589e-04
-6.28720726393795304e-04
-3.44046708341018740e-04
-3.03711442424308038e-04
-2.21074989853912247e-04
-2.33164438906632073e-04
-1.82378400177317032e-04
-1.74466182155919979e-04
-8.16551146206150047e-05
-1.60301457958002963e-04
-1.50796478414245635e-04
-1.52125608065691031e-04
-1.15046621532730877e-04
-1.77673249412833856e-04
-2.19966832315825894e-04
-2.20099874208059317e-04
-2.43242131614844958e-04
-1.65597969725154309e-04
-1.44356584835569457e-04
-6.18955932090861443e-05
-1.25307103378817942e-04
-1.15285356961804914e-04
-1.04005504354696981e-04
-1.28743260916078521e-04
-1.22016597830409138e-04
-1.33349328646073084e-04
-1.56099740294424975e-04
-1.08623061629201220e-04
-1.37290551118679971e-04
-1.24687916417941973e-04
-1.55937131164293058e-04
-1.72973974961381470e-04
-1.71705092408493262e-04
-1.12172950454468177e-04
-4.27747318979070611e-05
-3.52901686822415647e-05
-9.22662961522485855e-05
-1.15125648758387066e-04
-1.21339106966498686e-04
-1.04632355211283358e-04
-6.98845829747578610e-05
-3.54534119048090495e-05
-5.23944449692476328e-05
1.18218979823148411e-04
-3.01164991868425316e-05
-1.87895376791958300e-04
-2.09351373677957265e-04
-2.67280086324602037e-04
-2.27057595286106993e-04
-2.01308923952350912e-04
-2.05071125344359541e-04
-2.37648699201018616e-04
-1.94746818185205115e-04
-1.53393031999441223e-04
-9.54429265574315271e-05
-4.35295252268840351e-05
-7.14741599743085401e-05
-3.20611707689056117e-05
2.19886101403970482e-05
1.44208031183883003e-04
1.55557258697063190e-04
-9.54990617499389041e-05
-1.85642264660221224e-04
-2.22015363226285307e-04
-2.28757815456279764e-04
-2.99845625470445592e-04
-2.51070919811895426e-04
-1.98225744720095277e-04
-1.44746982926614517e-04
1.14489752622059029e-05
4.39436322326919142e-04
4.17497250832506801e-04
5.18874989969081435e-04
1.12557285189269878e-03
3.17904245318106210e-03
6.03053023306491034e-03
1.34445300259234263e-02
2.58118823680670156e-02
2.86500355323115949e-02
1.97674148657103373e-02
2.61969683497288806e-03
4.61777717416950412e-04
3.35183800329345405e-04
8.91457378089141443e-05
7.76101207555852566e-05
3.23323057970978232e-05
1.07852124936464832e-03
3.69758594487520909e-03
2.46453854250662432e-03
4.28156271467482945e-04
2.96425350747831179e-04
2.22664792104164129e-04
5.31612189458138731e-05
-6.43917465547812792e-05
-7.49263345852662385e-05
-1.10237190234566715e-04
-1.21152723008472667e-04
-1.20155438626917547e-04
-4.85239028930475007e-05
-1.93419311638328871e-04
-2.02402216767923833e-04
-1.02866457460202600e-04
6.62711611426804875e-05
-7.33893945639888879e-05
-1.33058165192374888e-04
-1.49784917426277336e-04
-1.58986175528569610e-04
-2.43514183002457602e-04
-2.60687186497114308e-04
-2.18268165379784064e-04
-1.41330915201915396e-04
1.07819161545057163e-04
-1.58760271934004372e-04
-1.61401126773016491e-04
-9.01887876227867180e-05
-2.49143810585880979e-05
5.79985860238840106e-05
1.17101632886390744e-05
-8.25149268236398652e-05
-1.64821447369935259e-04
-1.89839968893573685e-04
-3.42468717699400196e-04
-3.53670662264026002e-04
-3.91596079710625385e-04
-3.56894400915587582e-04
-2.27053121581964233e-04
-2.13573079291576231e-04
-2.41366291012480192e-04
-2.29317841164002317e-04
-2.28570424211164231e-04
-2.71042855196673878e-04
-2.77146363466276857e-04
-1.96635044433871638e-04
-1.70385756301751751e-04
-4.67792789425008730e-05
-8.71678838535035975e-05
-1.02484325816660669e-04
-9.76612548930357949e-05
-1.17225452559643721e-04
-2.43902287438556867e-05
-1.73648833892896021e-04
-1.67383153141171625e-04
-1.21145379863282613e-04
-1.67028624174725415e-04
-2.00831775014509006e-04
-1.09444374006848323e-04
-1.73502095311659898e-04
-2.57468521398976466e-04
-2.28278650445682936e-04
-1.94998664012182958e-04
-1.48867272595432348e-04
-2.12906610788029648e-04
-2.20751257226777301e-04
-3.17962910344270861e-04
-3.08111247774734125e-04
-2.33193981785059963e-04
