%%MatrixMarket matrix array real general
1000 1
-10.05108922457834
-1.6450416703099566
-3.670326134646089
3.45524166921316
0.8534490890538218
-2.7453761828762917
-16.605830828007917
-2.826770508973307
3.2926027806202542
-10.886217508067004
6.757197319515067
-0.12712473300093302
15.223704956843532
2.014921857094871
-0.9884077629734445
-5.0819769974537365
-3.6902107431279614
4.684017352008772
1.9185872932713797
-3.284290455107581
10.897547187961065
12.532667664900062
-0.23862111692624643
2.3053619175599627
8.937197003082312
6.993939920835901
1.3282491306254645
-10.303995690526683
5.008195913714218
1.2006707377161434
-0.8143813582897352
1.797590825915436
-5.758047611049511
1.8988410485088727
-9.236728463120352
2.1374281031232254
1.087229121306244
-0.6238798427495047
18.404264837871295
-2.6780398341276492
11.422108251589295
20.43306562613428
-6.2182211025108
-5.8549287170548
6.438855633267892
-0.020479272379514118
-2.167737758558998
0.6216665845703134
-21.129471565605883
4.0347399758259925
-2.399184906723396
0.8489799061684604
0.5202902699494714
5.26133189685581
-3.678663114665852
7.847364668942914
-0.43811102738582264
-8.857318232955892
-6.549258455787305
-8.465083467584384
-4.508831282157309
-11.197866534443014
7.1636694581565665
4.717795845657584
5.307079055790715
-2.41662903232536
10.516043112550204
5.786591192920673
5.778086887887486
9.261430651089285
3.028163087320614
6.269095795273238
4.91473372069618
-6.257088172652022
2.032774586788243
-15.616176430591207
-3.3631623757113798
8.717633559376043
-1.8147601730471994
-0.08408491370615667
4.775525950284847
-4.4820897116873795
9.81556633435454
11.874439935259291
8.083084428665671
-23.365602001426584
5.750292707424543
0.08263566811715228
-0.6666750373018484
-3.343475084712916
-3.049966281628186
3.4869614467522685
-2.2247620253573652
-7.3677389684826755
1.3832709663515053
16.652707035422083
1.2339385065621986
-6.270837870943793
-0.29481368582683953
2.2305241688491235
-0.22965826572181366
-10.75999482683778
4.413151290277704
1.047050579157066
2.9673688537359726
-6.850192858288796
3.501966112600499
-4.070528256865786
-4.2323175142511165
13.879095049988818
-1.2150800179679029
-6.266858779172084
-20.021864139043135
9.999030648992537
-0.6737448536874875
1.561623375111768
-5.415999320024842
2.3025746036837362
-0.5585382510290041
3.068461385239389
4.093229941305573
8.147069731487992
-9.780912083886232
-4.7228398884463
-15.28907396558401
-0.2779049834658531
-3.1183224984746243
-13.281915737654383
-1.7280218172620598
-0.653103810426172
-5.807268385345188
0.6269319369136516
6.500098819752614
-4.840004509469248
-10.81449136007976
0.2674080749215013
0.910402282611305
-1.2101927687905265
-4.268529517859934
16.462042309035077
3.300647784444838
-13.609871921799064
-8.076677070182505
-3.8303258355911636
0.09741674408805472
7.963596007312234
0.4889851383949354
-0.4777464676301153
1.0763854398435602
-13.912454826487645
-7.086101890843852
-3.6259741358252167
5.0111373780233714
-4.890776941275569
2.4225012039841483
8.64020708284743
-1.8112420912055855
4.211047808642921
-2.705286815899822
-1.8835544180846988
-8.575771005137195
1.5210254890536608
3.529036928889058
2.354833757972228
-13.152769227290456
4.582552317418449
4.377642646325618
0.9507054532527218
0.7864623731106768
8.985147129302941
2.414295359251421
1.843767923331269
3.4644521170335207
1.7383026377676922
2.1905484676723477
13.621696604088344
-5.672855744862816
3.737426958241534
-0.622041092694879
-9.755262444954083
6.462999234662609
-0.06804284401037486
1.275361691767025
-3.2445040606406113
1.2846221798567161
3.0584325146034774
3.7759913965357166
3.9023372326858117
-3.0166110642458714
2.885748254561144
-9.875022658003916
-4.064871352786811
10.102969606523818
4.207908537442865
9.826224189013914
-3.88965201204709
4.276179459759991
0.062387477920497376
5.425043407792741
-0.15025148123826332
5.437510389529462
0.049844482573859185
-3.1764984836139654
-6.905462846250329
0.3777267902158066
-3.591708905870009
-2.784390467495781
3.0784080783061034
-1.2143341141328543
-2.845302715064175
-7.919381374421199
-10.45267191328189
-1.1503654226637186
0.9638044437475125
6.590964978669351
-0.7164860662788359
0.6192777384156659
-5.028490596207218
3.2062227505199132
7.5190476507059945
-3.395532080144336
-1.249048283985476
5.2077201389783525
-1.9721750448362902
1.618260398005453
-0.4877073004323583
1.920458978974153
-1.4122626091090569
2.1638963614757696
0.03834572342185014
-9.354194253402225
-3.1569202235427274
-9.644999579189948
-0.4293950731664275
1.0152201560847638
6.054286775194956
2.1932761136965926
7.718309719447428
8.237996949916537
-0.5663282708252909
0.39699265090600755
6.484545590424139
-4.904947716044372
4.041889561272803
-2.4833960946446774
-5.478398100018908
-6.565565288326324
-6.679641037530693
-11.96913231226215
5.610670130718729
1.3986754954653526
2.7256638669748416
3.520759152008703
6.510571140952
-1.2870245961553617
-0.9800197194862041
1.7212676345714772
-3.4298815999114205
3.3195039994434157
7.204385334152944
13.583300626914134
-9.09874526095159
17.0341440327214
-2.649813907470018
-0.6206566624597788
6.650869294939688
4.313414661132061
6.337745028619141
-0.9399526085749192
4.412481292053486
4.554699097913708
-3.383796620225579
0.9493929506235385
-10.673018833637549
5.243786596606975
8.426317754275193
-3.9849481100256803
-4.6267004062222306
-10.902732417546117
-6.723507522430613
-1.8218545254446852
0.11107662529831738
-0.34897991553232044
-1.27328150862509
-0.1923920423860449
0.5472655760023594
-3.201243917420707
-4.064828006533419
-3.187694466481045
0.7649413277873318
-8.128859715543097
-6.806217219911252
-1.3883754618789241
0.3084182355265872
-2.3977515976121246
-2.8412481071993687
-6.096041238954461
12.528452399503683
0.8641525410969022
5.332455061274794
-10.959679234515097
5.624128462322071
-2.1884981267237316
-7.876936722856428
-6.96835635175966
-0.9208994966021808
8.53890836133475
2.0031050460927293
-4.038387454168306
-9.352653931188799
8.329442150286305
5.6750517616927665
-2.930836853133019
1.0057919670327622
-1.6769073982099865
4.746542133163367
3.901486831948102
3.323061908234479
-4.37242799053989
1.3898509467588498
-8.84590765480715
-10.716714939023872
-7.3210862419121066
0.07532001256852258
10.986309378207359
1.886672860493211
4.883181149507178
4.5192940159321
3.1114612641915165
-1.705274508878759
2.9952984725108673
-1.6817281675493634
-0.22785543539935102
-1.7545457579829238
13.009783550945334
8.184435789684022
-14.430525961677596
-5.51120996558217
-4.096819204408945
4.709898663469715
-4.04493221753024
-3.0494497617718306
-4.108663963555412
1.3927114984805073
6.269713466566637
-5.94385112245415
-6.062381945931632
-4.49345166376678
-0.09066712143018074
0.6194284100712949
-2.7030634014861703
-2.234059048718262
5.463534420091583
3.745272957800425
3.6779811643143177
2.370545886995666
-7.909004115313509
4.009605656591407
23.135926439702676
7.252655555077775
-6.951901296341851
9.404392970138066
-6.174165311490874
7.7268143522481445
-2.0535181351846066
6.258568278435262
-3.3079410710300516
-1.997215096521818
1.6411422239204885
-1.0521365478671396
0.9272443674259669
3.5331550711758384
3.9098847498361695
-1.1705933421792585
1.4682091569320435
5.149282053855337
-5.386261658559294
5.501342168645559
4.857130111251001
-6.914521717517166
13.895107693279314
1.296464710483058
-17.081327282030017
-4.8895929848641435
3.307264088117387
2.1911300220449705
12.722951687332756
-0.48514411752912046
1.8820361570706732
0.6989360197458262
7.331492236420599
-4.448535765895208
-1.2650602517823706
-0.45983411285242387
-6.408690039395113
4.767888609901207
-4.281494828689095
6.313211112206385
4.511639782641533
0.5428874173121522
15.44445902306505
1.8199531873666306
0.8221047496382882
0.12799406163835292
-1.8004351022751393
14.463593767630243
3.9130488379495
4.981731311373404
-1.7665469301944747
4.658048464805147
-3.7173724652317164
-0.2859524233210573
0.015926204363347827
-3.6762872768600725
6.118248852309022
-6.428306713643912
1.3871370155816567
-7.981816174194382
3.9704058160294027
5.72224830669399
-6.129283655344996
-8.092223699056044
-4.577614341531081
-0.5094643775972001
5.360536945927933
-5.122572235210724
5.072795565414559
2.405303317059703
0.20114355272892825
-7.590746456400449
-3.6122558171233643
0.47828898905495026
9.648489414626948
0.8657622210305824
-6.866419763035026
-8.687963519565576
-2.740877225767397
-7.624406960495455
13.87448166885295
5.765756562295069
-5.492739521457426
-5.293565481894694
9.134770509332633
4.133342586398937
10.94081391226725
1.0812489773783347
-10.808826591221335
1.0139166376761652
-7.814800625847505
2.951973929018155
-4.288192877507566
-5.1544331290859455
3.4583430060081852
5.11800872721597
-8.475574313903943
-1.3203208900839343
3.1332340258812503
-6.576872034450471
-2.8285161140777344
4.936445761423554
-0.467731771299218
1.644264742160486
5.504493672016473
7.706415503498683
9.839657331373358
5.892114863079991
4.834395970448771
1.3780694477082787
7.815782484985112
2.889062134388004
-3.127036257318533
-0.712164073177185
10.109955459755552
-4.173791790990229
1.5593961318782659
2.640679624891032
-0.2199695030812791
-2.752525356174144
5.5745089921932145
12.650744631027193
5.37831894051333
-9.250512439458575
2.256375391942319
2.4170900307522007
6.801802949512776
1.7979862162974487
-0.3634561326900867
0.6578872640791845
-16.243512621697555
-3.8447370066848947
0.8598323353740807
-8.077874028301546
-1.718931163760678
13.273498924250228
-7.0965760869591366
2.335008764051917
4.507471614190558
-1.005453210507091
8.722370776652975
-2.4714900756026212
-4.255768228022917
1.42583089939619
-5.2075624772343625
3.779120779974301
7.830548024207145
-5.503250661785153
-7.717593711224844
3.942632441105504
-0.35769697146516843
-4.8939361993158235
-4.235224423047172
9.707535799139308
-7.499802682706349
3.684006435352611
-3.0935117608453053
2.0337140337065662
-9.578135757789306
-1.2864358178322202
-4.540565669159559
-32.072008072137116
5.482908152597232
12.196741826774385
0.9497293658985665
-4.045950780985509
-5.270447533323436
-1.4573079888359568
-3.3377658029003934
1.2218330334975607
0.9927170056345926
-0.5402281344275222
-0.015701097427939455
0.8980513607092969
13.530281564070611
-5.864751425069581
14.674419070129838
3.2177156164195697
7.460187850870832
0.3149577094951889
-14.835496487854796
-6.346754162898797
-1.4572070232536034
-1.0507528042215768
-8.754707027796744
-0.4305082054595687
-8.143605177148457
-3.313400376041829
-3.4098322880751204
-0.37275476683580167
1.1458850594595893
7.890142457614668
1.7475484333959135
-14.303538154909042
9.148024673839664
0.36057609933773177
-3.8772560959956808
-2.25847937697972
3.0491048153044042
-3.1611486552726404
1.4749192585407056
5.800795448506348
-9.278748677605838
-2.7620703321249263
4.044377536688023
6.11416383800124
7.375225098493673
-1.7316643215717833
2.1123567126488765
0.2750014288007334
0.9748842093907806
-0.9058370569464335
0.013281086952985025
0.20531379091229318
14.248142201284853
-6.972697275434656
0.7197764610365507
-6.3330268947178485
10.203980896543543
5.276449252868318
5.226021497868898
0.5278612874194173
1.7337157895823867
-9.11874671046657
-1.7148830846320209
9.639746817908227
-6.492606394450952
-3.943946051264785
-12.758599414898978
-5.516638056668174
6.086400076776536
-11.917852336991336
-2.5516271638230816
4.598638197160928
-4.707997911796942
6.220872610484061
0.5196737735316453
2.0978429840131865
1.391044757939702
-0.6582385172755656
-2.132664633842363
-1.7751504019736009
6.305391403251825
-2.860648319868577
-1.6121208775457798
-1.7802316404521403
-1.5908424729233384
-1.6523437820004712
-6.0062055220954775
5.9699577623523155
3.3641921129200436
9.028013862847192
-15.205834627417548
4.043268107099228
-3.262480037056801
3.7870037593074612
4.740764141287998
7.5870949198090365
-7.64977112652778
-1.817269546457443
3.0537088603924425
5.917852619081746
-1.946236697033819
-5.795493397138117
2.8713035797698914
-10.51910141765804
-8.489018641692484
7.37595032797292
-1.4675101451878927
1.6418653959718976
-7.193333379922383
-9.551380519380421
-7.915322401243914
0.8757377083678597
-0.23684874101338002
-3.5693396238190176
4.6691887986350284
3.9511687390479797
-1.3317833050260357
-0.7416322775840128
7.198708977648161
0.6557181229708785
-3.519595912032133
2.3143765128660023
1.6368959689964004
7.267510018377393
-0.34547757466648454
-3.0227177928879736
1.5349449970292315
9.262641510763622
-1.9649437625290105
-4.651542618373413
6.881624402454813
2.4014294309672928
-6.217340021354359
-1.7105096017132295
6.759414060259343
-0.5248246755975972
3.118576182337608
-0.9446439851625206
-0.10420335491389143
7.44142796300872
-3.6503280748668323
5.213789355542644
7.10437565278632
0.5632914851888091
2.274684444053137
-0.06489174171043244
10.019124037112539
1.8231090637349676
9.88809832811927
-3.7759980886824978
-13.163048012549554
-1.049984463384498
1.2315802521558756
-1.556621719834669
-4.70218598383882
-8.710493306939115
-6.899120853133079
13.560899657734092
10.960906572689241
5.515732439036574
4.963480294081421
4.957322346942541
2.8723362453979897
1.5546529022238866
2.4426900363602004
5.7240468989145
1.1031185022338474
-9.810314786602724
4.104776263043838
-3.2538621894571533
1.0607493204234233
-1.777998050001234
7.321160235423321
-1.750969687110597
-5.547918304371997
-0.6786592715868996
-5.617288568323507
-0.9387773361936523
4.378678596213903
7.052272342925681
2.2568057696258337
-0.483349158720157
4.820126911481613
6.863868113762917
0.977453425778906
8.356254034715384
0.8536865748335766
-8.617034682579503
7.66303251568453
5.653755598741596
-0.15050175735334237
-11.284543640574856
1.8905398811722476
12.808257127847963
-2.0698342781140573
-5.379948530001223
-9.26665733726573
0.6656689052022512
1.9512807234230267
5.435660893124063
5.068286622557363
6.832051453763423
-0.7159951616412266
1.006157445175191
-3.1117544640332904
-8.859127098735529
-1.9281556392255634
-3.161180026076089
-3.3341850234425836
1.3963869506915096
1.8069186077487345
-5.434353692512659
-1.789131836578389
-6.44034471023886
0.016613471183978937
-4.296055651798185
2.6426938670281395
6.845712202445281
1.1284596874545512
8.157240742316851
-2.587070711539231
-10.486588301878045
5.123764304614114
6.957385512402875
-4.838471551602859
-3.291206200424342
1.961327159344163
5.943266535651148
-0.1759860771310808
9.699655858172259
7.5429355764394606
5.840996624098731
0.4206962662220365
-7.38532541154144
1.4809029622410614
-4.870644664534131
-4.781675372128586
8.828556621718803
-1.6987165057603775
3.401437223699626
3.1999352595363684
-3.394175850898114
-1.102150566891934
1.000364502676252
6.1145289208098115
-8.353091396849033
-6.420408317872694
1.7158023233583761
-8.4964072300229
-0.3842333494271455
-14.796488658922982
-4.077611031857699
1.8338854662094024
-2.80972342393272
-4.045839555213971
0.7153795986278726
5.712698236479685
9.800195131663799
3.616785267547415
1.2859630926313113
-0.4736222455764815
-3.420807681365848
-10.086728427385383
-0.08465236629010153
7.548943981208484
14.00728129082518
-0.9002120866531993
-2.061961098348602
5.9910741323059815
-2.506826660739369
-1.4195334203580294
-9.002620232940846
-1.5735641426889377
-6.590129685841614
0.3518738864069467
-5.3827019895500925
4.98554886569889
4.756524068443886
-3.100014947820259
1.3951337196148672
3.6631990019652605
-7.6633864883002785
14.64833162700987
-1.7469980431294792
-10.057747068068565
9.574229752209911
3.1154583950310193
-0.0360713928265795
-0.7888429226540995
12.534962940067432
5.354054163690769
-9.729926595374307
7.084239514987296
-2.970942050875424
-7.672592000274584
-1.9494098115567238
8.707137191156551
1.6640720228164185
-2.526643721555141
6.509034490444023
-0.7174420122972209
1.9273808059249917
-1.4830566765134678
2.273293039473335
-3.6197128931483356
-1.4658214071115356
-1.0660465103339376
2.1376219253986917
5.155367188022941
-2.433518504657723
-1.5896297847762852
-1.5024522745681028
0.970855934147058
-4.294531280489561
-10.063706761108872
-2.862629471887413
-11.010215495802653
-4.712510421109646
-0.342497661364357
-8.826921293249784
-4.719242376774938
-9.505060561212183
-4.301619186104763
-3.9183924565508583
-4.498986295619941
-11.461888678831613
-4.476356100457929
3.3386029508618096
-8.688333012320692
-3.7232574798697793
11.127772035063126
-3.333544194524789
6.985210400095181
4.119380168030192
15.49139317693947
-7.476929576532155
-2.900178181379424
1.150725839200852
-2.6185304585680482
-4.958171421589972
-5.835264052198209
-10.388691166936121
5.8903416912927
-0.38260910425765726
-0.9616217278759307
-3.01391224781573
-4.167479972159924
0.20278661764751504
-0.12609317159548356
9.586547792326455
-9.13597353828771
5.1887335703413
-5.005819773440246
-1.108922763214843
5.065915609542851
-0.7668423463053997
1.3368090324067816
-4.466327477525055
-0.8112483170810842
-7.181106279404042
-4.759728779037834
2.821784671946439
-4.833657958367661
0.9057081331016196
6.769176022463566
-12.691457506982598
6.285916065673634
-4.078995936603485
4.769886229671842
4.630260959136022
-10.463820436026186
-1.0493465453075426
3.8036582440885556
-4.342193274585428
-0.8243962700869452
1.496532280143278
3.4155935956127155
-5.231803619555169
8.258802696023126
-0.25772563331737885
-0.5636806309386531
1.4136482990380057
7.773656568562273
0.8805890706793045
-18.231216192853623
-4.683056723971748
-8.923530018432677
0.4359685972867027
-3.5167965977199396
17.282073392178187
-1.7834683499130723
-5.082595050088617
-0.5917955331079802
6.855896871413916
2.8894785006918324
-8.790708019887186
-10.027698996928585
-4.802698822112286
-6.3981482348218615
-6.14860954704854
-0.8580309036569738
-6.218750596213463
-2.9692098470338206
-4.340349172549212
-8.06330831270358
5.8605804698000625
10.911080862144182
-5.232835189833527
-12.930098661980008
-3.500056683605819
0.2969208083478107
6.519549087083705
-0.22879515832743397
-4.4158857613988785
4.308750299714254
2.4704911545317714
5.518925335173835
1.812525519904239
-2.003249835432984
0.49732257660499457
3.8275430434521884
1.3725314603105288
7.3473414413044456
-0.38326964159110427
-2.999391908935474
-0.00013700645753100417
-8.251785024593952
-4.358260640656622
5.479294377159504
3.596155616921811
-2.44798532966754
-2.482187956812898
-1.9687279143395005
-0.6198770428601988
0.4488393129588951
-7.413072967687049
4.030516985716948
-4.355111107477607
1.4739450183249174
-0.4358058182096891
0.05305013627820764
1.231604045807904
4.189656024426295
-2.8560348296122453
3.3948907997775875
2.5220145017962214
-2.7403377083168765
25.23381608090416
-6.792785872487775
4.450785759094463
5.70564941166463
-1.8413304648767226
0.2506943646017814
5.272735189661776
4.352049734527599
11.056005518193992
-8.101176900084624
-8.598922409460474
4.222425182008429
-0.8224796491427561
5.813633170856342
10.000064054277614
-6.074845393042912
-0.8022824770814228
-7.061415232634561
-0.036045269072031136
-12.280089674833166
-12.832026863737234
-4.8704498449814295
-2.39546648557316
-0.0941900882433491
6.20558026126719
2.50550622255197
-3.831189790041977
1.667175496133568
1.8942436224185797
1.9925871118002174
1.6890465106721986
-1.2216042494664923
2.5863435696919264
