%%MatrixMarket matrix array real general
1000 1
0.4453217271365728
-0.8539603372546638
0.6578597021720813
-0.37951473976868444
-0.6622817837059378
0.058264228861457136
-0.3202599319019965
-0.22632964540433068
1.040494403647538
-0.38887579741405287
-0.26049686507414976
-0.8439997670067186
1.6219379168521457
-0.9974106906984935
-0.6375179336685045
0.015131450538406997
-0.8622919942119477
-0.06947805384101112
-0.6579443263508199
1.3742789697669646
-0.7012175102098354
0.8249737889647718
0.8665292428868205
-0.23901118856809525
-1.3495339211035462
0.35817109785094026
0.3144689045379551
0.14286127080230468
0.3052426682502389
0.5542761710308781
1.059955808459337
1.7074031514889274
-0.8892531134646424
-0.6289753392080155
0.2530519758406378
0.5672175050242264
-1.5785493408885536
1.0821856731321915
-1.5683621682733275
-0.041227016546445346
0.012827118232470128
0.10484209875272077
1.0621272073794183
-0.09115208582097256
0.6482189033109609
0.12963150889239314
-0.6412825031390851
0.8402780142904204
1.6119087863929606
-1.4399909604664094
0.27880412077870453
1.148093814987623
0.056588171657058685
-1.2102845889202427
0.4564860549157231
-0.8784645212939317
-1.00587890122619
0.0012755367016116723
0.6797539471890383
-0.3256884671514782
0.5651637541511746
0.8501379238916682
-0.8559576005796572
-0.3268406052916515
0.3295761475099743
-0.3090906237145812
0.7495190238000341
-0.08347036210937803
1.2585176239139055
-0.243952919770154
0.5831820833539679
-0.7939994490107107
0.5840567519884124
-0.8030943692475455
0.23666918495585412
0.9789401567781842
1.3979409382459413
-0.374697506017337
0.2838196291988966
-1.116026926444172
1.0781501446594044
0.9014118200648596
0.8145067804501576
-0.702125254294326
-0.7289718184699627
-0.011458590600549998
-1.6881931766819842
0.23965019326666206
-0.3287880953810978
1.9839257082106094
-1.6734388246865015
-0.14440784333757786
-0.5926039471941379
-0.3173171142669475
-0.15322672934378578
0.4853997111998696
-0.24519366828187109
-0.24191687372372214
-1.402206062274934
-0.5137542600154196
-0.381615530672953
-0.005624641279085076
2.3005281866819947
0.32480514593665555
-0.2934998718620985
-1.2416286148626505
0.4469635110367108
0.6665255601080392
-1.5638593095212883
-0.26861108149160823
-0.9029632961039047
-0.7786195459232296
0.3478318442950986
-0.6772564374020674
0.3375170983342237
0.6564600186241729
0.6807934348365291
0.32750819107326984
-1.0789063062536133
-0.49985092592178454
-0.2662552262222839
-0.41697053913517285
-1.2962720373378915
-2.046617820821937
-0.31819003802731266
0.014331736374403558
0.02453677773270794
0.46236520294940575
-0.11939533378092582
-1.0488937687231625
0.3246690324821431
0.055895572353626154
-0.512735566755512
-1.3369440972135225
1.5472882461947859
-0.004669517312715648
-1.8225629203979155
-0.2612020599563836
-1.8263971495654685
1.1551821884021019
0.03631689517048003
0.49349335656305227
-0.7594268577663055
-1.216808884751906
0.8379860773901951
-1.339332311417587
-0.39981389436208076
-0.9910452213027406
1.0619111466268343
1.7276949441552114
-1.4438744923850864
-1.9637905752768685
-0.6888022144121804
0.44036182204915186
0.09889042932915618
1.6636714954290988
0.04734392230336395
0.6694831551403004
0.7019412741391666
0.5117043635063165
-2.301193514176572
-0.05012000163922285
-1.8915377400120474
-0.3587270287798368
0.1859608087113485
-1.8707564980042943
0.3359506416641218
-1.132494162176494
-1.27328574575619
0.7950843251867714
-0.28533712796366417
0.6777324226259669
0.35935834597468014
1.2503712356498047
-0.9241681943652874
1.6714871691713695
1.0875584171547543
0.35542887389721245
-0.24679443115429528
-0.41699198736456267
-0.5121635117991207
-0.3620803010745154
-1.3489848195281382
-2.523394925246097
0.048558165311934236
0.7912443536374808
0.036248982674398175
-0.3616212950888027
-0.08839331547401666
-0.823994529471597
1.119028255437942
0.32855461427344385
0.5845316533473948
-0.34348521510905233
0.8426978410566021
0.95228000792552
-1.7753825856628314
1.0598886151626816
0.41166283855056407
0.19746628858733986
-1.3147772051725801
-0.9666309682093154
1.6265728371153851
0.7787687734533503
-0.9134271864979475
-0.2870598105255851
-0.5182230017365737
0.7720361408435252
1.0210382853965116
0.932538374959758
1.0819286544648565
-0.7641152337035885
-0.16476756518417807
-0.460495323829405
-0.6956371102453981
-0.22521986748010475
0.8613867034114504
1.824360574049404
-0.3214027344378682
1.153960088750122
-1.038997228591058
0.23893636683776023
1.274246546231529
-1.3155558215760252
0.7687292476814276
1.5908690967742465
0.020274410267757906
0.19333030219197697
-0.05868052613624886
-0.1658298729703082
0.3218392983057757
-1.0776217997599606
-0.4859973501338764
-1.36056756273536
2.2288052124108444
0.6105893460127391
-0.40824893699616527
-1.2220593624565086
0.9906367464287318
-0.1484056530489568
0.4542456949732648
1.14202249060341
-0.25343641856188837
0.8528790408676968
0.7362465257907651
-0.1912032278962143
-0.9949444799814798
1.307623859347635
-0.11619221388223111
-0.4179222739279672
0.025480028563742367
-0.5699978705754556
0.6404008599475681
-1.5163560051425828
-0.7339500471680585
-0.0669867369574788
-2.160298316269611
0.46619933847319167
-0.2585470433975052
0.0007001419300750947
-0.6021666153590007
0.7700914459949039
0.27698842465390017
-0.5749745370337239
2.048991313202074
-0.1437247190720101
1.7194027863701584
0.49337020888027183
1.6926236555190957
1.0300421614660915
0.32652519149678805
0.4821575054867946
0.3309276420103563
-0.6007810476862977
0.5615208296525062
0.2246795771835803
1.9279512554225715
1.8148169264625587
0.8352992319276098
-0.018346667936246258
-0.39145770306016947
-0.5704866517402533
0.7673042801057817
1.1349605621424557
0.6835373467162305
0.589211082548632
-0.1829665679046859
0.4060291210764222
1.2020987797020737
0.8291890985047775
0.46791054529557624
0.12134236925052727
0.3703017957685887
-1.6049560849684064
-0.9021747342116019
0.17942331218498436
0.271471592233337
-0.8743428137097023
0.8934313989484357
0.5035140588464249
0.415135258932873
0.45779494154728084
-1.225048582268468
-0.8568818872090036
-0.18381660499177524
-0.31521545903777237
-0.4947936809085223
0.9603172060360745
0.5167883686629906
1.84452885060274
-0.13816434788770918
0.5234979042157605
0.32210540990836733
-0.3314730383014412
-0.3571479936605316
-0.03900538114763047
0.31565924066382584
0.729744602002556
-0.5875598987649355
-0.08381100652590648
0.9872721480054383
2.2937276731973038
0.4246123694949868
0.44060748936693384
-0.9939015073323012
-1.582803599869653
-0.2092720717238992
2.4287065368737575
-0.454089363810968
-0.05523228456697497
-0.049950542855604366
0.4130530868142713
-1.107265351887951
-0.057778276997566234
1.4786815321767501
0.883625139377218
1.7672698130101065
-0.10183518246470169
-1.7000995624761048
1.1741543343179042
-0.687422147165281
-0.05576049656938268
1.0085026255302347
0.6765858713176639
1.7193679344700834
2.8829866899076713
-1.6302601921305933
3.09010764344965
-1.813474541346962
0.685499596195908
-0.16593395002808606
-0.6467445556952929
-0.7969581471932318
0.5763827670083442
1.0770359699837524
0.34296016363994386
0.3008331817210142
-1.721160908831886
-1.537276606967485
0.07292964293528512
-0.48193335370684875
-1.799178563159927
1.8361416092052933
0.47314436861080367
-0.8656000068229333
1.1769593474413405
0.07606139566190143
-0.13392365239894347
0.6952684657986923
-0.886879706865428
1.2305434549049723
0.419910223960818
0.004242402134348289
-0.5091362223457464
-1.25033173727856
-0.3124070416842753
1.5787847039972545
0.8824965162977435
0.867571936722394
0.031720765045606364
0.7710714111680569
-2.4363988486745303
-0.29745480932993457
-0.0740338348001401
0.4901728549222487
0.054044138140057894
-0.7492755775444553
0.1486535568668391
2.471812251355241
0.8961042364063491
-0.7691423025395138
-0.35455726447207836
-0.5747072863514776
-0.8053564642739518
0.4611365496315387
0.17774081605047276
-1.834182550144352
1.0375967532004189
-0.3581119943330004
-0.8896651499715471
0.1831585225093664
0.5596209713255793
-1.326505058857834
-0.4822275294975961
0.30944273021828805
-0.08367546705919832
-1.0975368128490408
-1.2144135049368239
1.4339826540498293
-0.0023854068842306397
0.392826087274761
0.27890039911761744
0.5970490981154787
0.4542657497567621
0.10136733923679289
-0.35634733477726227
1.9033237984959552
-0.16022225269096824
0.6163429173698447
0.4871905399744624
-1.2114393703537543
-0.10528806645807065
0.7823544686069762
1.3490110112707534
-0.6251820141257604
0.35304940164583465
0.5283383920143391
-1.0485804973719028
-0.4157306456156228
0.13001680139943375
-0.6188961668925438
-0.6618940771935589
0.2524792265748289
0.45834293697147666
0.7310988460476777
-0.7891338200674488
0.20494815195524824
-0.47772500169745924
-0.9191133566340897
-0.22383184738284165
0.3188020781844802
-0.20866800292316207
-0.2864492881775175
0.3926651918626078
-1.0317801707580923
-0.07294031512333574
-0.5232004555712858
-2.1885076974818207
-0.1740023937179642
0.4657295565264716
0.7232195176195604
0.06573648577702332
-2.220884799590441
0.7597038236716064
-1.0091516746989908
1.1180966380188118
-0.39749916638630517
-0.2701111155802257
-1.662315060193146
1.2116659215844343
1.0160128983647878
1.1156485577166184
1.1322615609546371
-2.010661100072226
-0.9878195549653968
-0.3975704386161403
1.406438831345781
0.15988815280084756
0.4197400225896423
1.5645421557809318
2.316640479242823
-0.9623984065349328
-1.419443019692368
-0.2547518225213384
-0.24516233473354782
0.2360129564014722
-1.6683546264232707
1.7785815150829878
-1.0688696604024153
0.6855982995096029
1.0872463233641656
-0.2074586465813684
-0.7428964904112442
0.1438083411227539
-0.32393376983891775
0.2931596422901035
1.3987012141107293
0.9267147345779788
0.27856044399533414
-0.6328040320694363
-0.21628336036262705
-1.4072151204548904
-0.6028649348943619
-1.1914978831349137
0.437306651352202
0.3386353817837422
-0.31007167907881034
0.0430017330255449
0.8688511978649044
1.5310365250333142
-1.5034778825252086
-0.44259617659181344
-1.1454653134369246
2.6289977833884697
-0.14007299109356486
0.2172379121129315
0.4321555182669103
-0.6122708608407325
1.2619737756813225
-0.17589559395384238
2.8650252119003956
0.66855397435117
0.016552550820842477
-0.3046338454108066
-0.5404820408062724
-1.9799734566265328
-0.1537960781148783
1.4461954646501827
0.5200349398676719
-1.257566392963606
1.142341510604626
0.3518328786152877
1.6140266741405842
-1.0270935227184985
-0.7065806653234377
-1.1349135120097966
-0.5349453905575947
-0.009462051041291119
1.83247159151001
0.5088363580130149
1.0805991130451482
-0.831215321585974
0.12094181982384386
0.7757193147748389
0.8540322343399028
-0.8332126231307538
0.7281363358951798
2.127535054901345
-0.45700071489150884
-1.8500725426430351
-1.3602643487571948
0.5435754799697511
-1.8726081149585139
-0.8003055983687865
-1.0480942101115274
0.8173555490823972
-0.32936087965458327
1.3821028650042617
-2.072186743425355
0.43943127915185
-1.5819549864302411
-0.46944368353364985
-0.5055403585578454
-0.39292005046545464
-0.2610134536820677
-0.07552985955013772
0.7275133976540213
0.5413576009101869
0.17074809327250007
0.11038144624897969
-0.47630998274191927
-0.6876284095172078
0.22782873475029933
-0.7473767907506668
0.4227250203176876
0.7728719347698928
-0.20416321756892541
0.03721605728200885
-1.6403351583041303
0.6660640163530483
-1.021580680879719
-1.56641298445885
-0.5859138538437824
1.7423727403788258
2.10085115996406
-0.7343991534626284
-1.1874249311445095
1.295380800014575
-1.3187144241102138
-1.2402813669679427
0.0908119850466064
0.8354437929908141
-0.5033436362924328
0.6194684579471673
-0.4365456920686153
-0.9958370743334536
-1.0532687241018426
0.7700366148429925
-1.102483271711744
0.04480535831701961
-0.11562982432089663
-0.10005575377158618
-0.11994925958055602
0.2564806454362209
0.31155761150441824
-1.4322567743542431
0.21394604696838
-1.520933378945661
-0.16750027829161246
-0.519938725409285
1.123165953051071
0.30263387809619885
-0.9291117407404313
1.0605398742394807
1.5614909998516973
0.6939535907025601
0.726405301572681
-0.7155005175275955
-0.8663061029410419
-0.054108936864551274
1.285518790503118
-1.9181226209797273
0.4960933850070871
0.9085935696671669
0.07281221841306185
0.09012850753741189
-0.6984884800430669
-1.511104780870008
1.3317118268750623
-2.0376585892346375
-0.37269935825897177
2.0547955675507334
-0.7802885313959237
-0.6382164884984758
-0.7414589139862285
0.39146867796493207
0.6384312655276306
-0.01586850439337266
1.056348721176058
1.499916355612061
1.522849127598656
-0.012427324460835389
-1.4895874848486772
-1.578897372491409
-0.37555949493089325
0.023066096512996244
0.3610482233512427
1.3621774184169635
0.08124337488770614
-0.015734312467716543
0.18219601946433997
1.6865343385893627
1.9953159091517647
1.0049915742535898
-0.9070268055331578
-1.2725848365891974
0.8747081636406399
-2.1147502700699325
1.894409147065512
0.47836397875003894
0.5874236147397077
0.8043967840111731
-0.10329487256807249
-0.7879342353727412
-0.8687961051012845
-0.7297714363403319
0.2764734541249615
1.1925518690328742
0.12165685567480605
-0.12301334577403111
-0.4029162663754903
-0.5622194837148927
-0.9404691400676531
1.240854233708191
-0.6239730159562297
2.0335870255384494
0.9460579024069352
-1.072606361809323
-0.4937105623529715
0.26376988028923454
-0.15666943975114134
1.1206363516280637
-0.5197186472453973
0.09581959060293052
0.7064124442299129
1.5997715246965032
0.2420662798780915
0.5526558661924513
-1.0732143118934598
-4.120581791430633
1.239768172056532
0.22431414471644018
-1.6308495449330116
0.6764057324221545
1.9739398971535924
0.25672441244859695
0.07214035258728885
1.5044396517416436
0.12608893700932705
0.4017309119332408
-1.218895718205868
-0.17440953935091302
-0.15117703944014776
-0.32821306478865514
0.37627702766361665
-0.18958040317611935
-0.42914395447971576
-1.7986791752951476
-2.359744037763496
-0.293863105175146
-1.0819383471886006
-0.5106227772978054
-1.0070945907416595
0.7562108286999861
-1.219242641326746
0.9804795091082394
1.1791151587782518
-0.04346416115723603
-0.4660364425769691
0.48324900693857975
0.8400803316584851
-0.2268363848271695
1.545077075774465
-0.9910839202804389
0.6361445857961968
0.4571875404312699
1.3567582823483604
-0.24390529088210525
0.3209604722428043
-0.1953164560375079
1.7737344840407898
-0.7614318713763722
-1.5738114182328624
0.2407713683494009
-0.9009116027491458
-0.004416588916823743
-1.695925087671186
0.7225741185008175
0.679133958071402
-1.2986078901167302
0.5918117612056149
-0.9498596761179885
1.353092802205813
-0.8665335245732996
-0.8905464959638301
1.3647114327887626
-0.08937598643649752
1.356720467976823
0.562831440639974
-0.15036591350990294
-0.6582612123769639
0.7426139686350717
0.6712522480734249
-0.6931568932978793
0.2815416207563036
-0.5505454819940039
-0.21365860413376825
0.3303175121024217
0.29508914384528506
0.8182519036421577
-0.6252874187555659
0.6261563603167136
-0.5991113774569073
0.31074031780501704
-1.245444377458647
0.789725144214521
-2.551333221785277
1.558246829793319
0.5938029018391419
-0.14577713536165285
0.09063906552071394
0.04958131417472806
-0.9544838349737834
0.17844060659156147
-0.6338329946404182
0.45160556486032827
-1.1482204163801046
0.3898886193304425
-0.2942452340706321
0.25699265743376515
-0.20006813159545983
1.1324836249738561
-0.4825439651108091
-1.2169682705454048
-0.44750782214213386
-0.20311736638914288
-0.4343593861491673
-0.19754240275845605
1.1078399535548968
0.010373478370655435
1.09410853447083
-0.0532037708482435
0.6170183510106968
-1.1892187830984686
-1.2444105720155278
2.2256846475072134
1.2488528461729678
-0.6814796901819382
0.4521653742947427
-0.027067362569619585
-0.6331584839689118
-2.055941339493598
-0.04229597391070453
0.5126633249789806
0.7417464537842532
-1.890368880203119
0.07042605498276736
0.26711594416289036
0.3956423192291267
0.17433563228780918
0.668617282203349
-0.7736105259352435
-0.3200606740909718
-0.8373057055062805
-1.9614319115865153
0.29722885931990817
-1.379266655824046
-1.7183935225960805
0.6438932996238604
0.7085573012733667
1.14202762045879
-0.5770911064037771
-2.8806295008454876
-2.9831125441842414
1.1822484532049038
0.12173101452953874
-0.3551983321140076
0.2136873308266496
0.24090916488428302
-0.876631369237855
-0.8627031749634435
-0.6370270696459956
-0.006912789533740964
1.173205594533857
-0.4390343510836963
1.403411087083044
0.8038373897559918
0.915713818591994
-0.05552130504256744
-0.9868873704495341
-0.22012368148076797
-0.7685569233416756
1.8495923031692618
0.634573760447379
-0.43808841563009815
0.3406751428895448
1.5516557770711485
-0.06474368912951764
1.309548257818604
-0.7218784971831887
-0.8478784585075188
0.3603891868195693
-0.26736995270537167
-0.11284815360963432
1.5803940296368975
-0.5799673224645822
0.7811067740574377
-0.02361422892391144
-0.141494852230871
-0.566466892641495
0.5125254007683555
1.1315261509081802
-0.3670175789568709
-0.8876045287776172
1.4634670258725304
0.3334070417473788
-1.2445819619857965
1.185877464210127
-1.2811510917222715
0.273596582214686
0.12138828028931653
0.8218937738841126
0.6260517402200819
-0.3593184737095782
0.8457476380576696
0.6651185636859048
0.0075220175614941695
-0.0058478668085212415
0.790204221240011
-0.4279585341436718
1.11252635446628
-1.9871692578301192
1.4266122447092031
-0.8052604285101271
-1.6774536172856638
-0.2388110576602492
0.9051289267421788
0.0783016024190285
0.5553575461997566
0.14977780514774724
1.1643104682566023
0.2967099358116322
0.9537907907032481
-1.1819317899340591
0.5106824523455151
-0.5573219194230703
1.369162160586323
-0.2523833017308699
1.0391034032975426
0.413248499369911
-0.37606830061637386
-0.0666996988842993
-0.3005905489785987
1.6232133590728253
-0.7510513217294879
-0.8681884388564807
0.9604073892164112
-1.6418327499864447
-0.29211030612117683
-0.6459933761225805
1.0272180933411181
0.46217200334441205
-2.0393582303991997
1.559854004992851
-0.344104749020376
-1.1353504193803459
-1.3716847045519063
0.6936762702847176
1.397500596597109
-0.8123518553885773
0.06104873008299975
-1.1759723365897945
0.5892404981708692
0.3911620796150719
-0.43661081017675313
-1.6971497984013548
1.4683925794866062
2.2635443898732497
-0.2602436501944211
2.406300819530064
0.37140098762742507
-0.6622601118032755
-0.21419658217588702
-0.6499035698305471
-1.6288536952911066
0.02513852059601164
-1.6458940602727923
0.017401868593975585
1.89263277778514
1.35943812368912
-1.0187620490731333
-0.28297716448991334
-0.10348843598596685
-0.4006520165949715
-1.8128703068817138
-0.6277450750446335
0.7675299638382588
-1.00153349392158
0.6716194416911401
1.3199756220360161
0.5641958097141659
-1.525602987717202
0.045936254104454836
-0.3483380741232506
0.759002579456461
-0.3079652011172322
1.2720953576436917
-0.970288250807733
-0.2229436921002619
0.34373758821423417
-1.199659393872278
0.9721373509171706
-0.1941537305375016
0.634945031382491
0.8837471963738533
0.27752628608679997
0.7319657794472088
1.624011729704324
-2.837346177664506
-0.8324362253206057
0.09325043164437372
-2.342670268110102
-0.045938389045433584
0.08918529514113288
-0.7194341138477686
-0.7507285362873335
-0.13054654517626102
0.19770266268476458
-0.8066897443290109
-1.2702325361259497
1.0836412353564446
-0.1410017141199828
0.14013775230579528
0.15418306374915197
-1.0869738872588004
-1.2438438192939572
-0.14433078433284868
0.3673885942356185
0.7768846333346804
-0.7176234524026968
-1.555008778770442
-0.1395986452996837
-1.0733096586015944
-0.36744322657840295
0.6998271941467641
1.493591190435674
1.0330301569667193
-1.132307299370233
-0.9678262808926055
0.9158508367876762
-0.32542826159674687
-1.8890498336297594
0.727298427027471
-0.0355469630573872
-0.43360022026087625
-0.036220763826327496
-0.8419583710531211
1.0673808744415563
0.34011840490190626
-0.42404887095659594
