10 0.982027 2.40861 0.990886
20 0.657778 7.8876 0.81012
30 0.226235 6.89058 0.472979
40 0.098425 4.84924 0.309487
50 0.0554413 3.67456 0.229884
60 0.0292306 2.63467 0.163483
70 0.0165333 1.91235 0.118813
80 0.0111542 1.50014 0.093767
90 0.0085121 1.25036 0.0786797
100 0.00677088 1.05727 0.0670038
110 0.00563399 0.910926 0.0581932
120 0.00460264 0.756978 0.0489518
130 0.00400135 0.654516 0.0427773
140 0.00367837 0.594471 0.0391384
150 0.00332567 0.523308 0.0348234
160 0.00304776 0.462012 0.03111
170 0.00281818 0.407479 0.0277991
180 0.00271535 0.381942 0.0262414
190 0.00258517 0.348986 0.0242127
200 0.00244594 0.31344 0.0219892
210 0.00235073 0.288451 0.020423
220 0.00227938 0.269852 0.0192434
230 0.00221188 0.252502 0.01813
240 0.002122 0.229593 0.0166496
250 0.00205739 0.213578 0.0156018
260 0.0020034 0.200373 0.0147352
270 0.00194451 0.186421 0.0138115
280 0.00189321 0.174577 0.0130247
290 0.00182464 0.159477 0.0120128
300 0.00179334 0.152858 0.011567
310 0.00175781 0.145622 0.0110764
320 0.00170058 0.134281 0.0103102
330 0.00167104 0.128732 0.00993285
340 0.00162452 0.120555 0.00936923
350 0.00157823 0.112841 0.00883593
360 0.00155492 0.109167 0.00857972
370 0.00151133 0.102485 0.00811574
380 0.00147749 0.0976206 0.00777476
390 0.00144156 0.0927428 0.00743006
400 0.0014032 0.0876357 0.00707323
410 0.00136924 0.0833066 0.00677084
420 0.00133546 0.0794164 0.00649056
430 0.00130103 0.0756326 0.00621675
440 0.00126211 0.0714408 0.00591657
450 0.00124024 0.0691118 0.00575176
460 0.0011987 0.0650165 0.00545535
470 0.0011773 0.0629984 0.00530832
480 0.00113877 0.0595362 0.00505355
490 0.00111254 0.0573172 0.00488752
500 0.00108826 0.0553394 0.00473818
510 0.0010421 0.0516146 0.00446036
520 0.00101471 0.0495333 0.00430235
530 0.000992616 0.0478955 0.00417759
540 0.000951976 0.0449501 0.00395333
550 0.000921567 0.0428507 0.00379112
560 0.00089551 0.0411448 0.0036564
570 0.000874903 0.039851 0.00355238
580 0.00084491 0.03798 0.00340275
590 0.000817109 0.036298 0.0032669
600 0.000786875 0.0345556 0.00312294
610 0.000765936 0.03338 0.00302486
620 0.000725138 0.0311334 0.00283664
630 0.00070345 0.02995 0.00273773
640 0.000684261 0.0289343 0.0026515
650 0.000657358 0.0275471 0.00253224
660 0.000635412 0.0264459 0.00243629
670 0.000605551 0.0249822 0.00230738
680 0.000586713 0.0241006 0.00222752
690 0.000573241 0.0234748 0.00217071
700 0.000555563 0.0226676 0.00209675
710 0.000526943 0.0214024 0.00197854
720 0.000502674 0.0203702 0.00187978
730 0.000480744 0.0194799 0.00179191
740 0.000468045 0.0189602 0.00174106
750 0.000452666 0.0183268 0.00167951
760 0.000435348 0.017635 0.00161089
770 0.000408086 0.0165248 0.00150269
780 0.00039425 0.0159757 0.0014483
790 0.000380867 0.0154379 0.00139564
800 0.000365295 0.0148161 0.0013346
810 0.000346938 0.0140842 0.0012629
820 0.00033512 0.0136103 0.0012168
830 0.000327678 0.0133132 0.00118786
840 0.000313388 0.0127471 0.00113256
850 0.000300254 0.0122503 0.0010825
860 0.000289162 0.0118291 0.00104033
870 0.000275132 0.0112935 0.000987129
880 0.000266824 0.0109807 0.000955852
890 0.000255365 0.0105587 0.000913114
900 0.000246915 0.01025 0.000881778
910 0.000236248 0.00984594 0.000841995
920 0.000228409 0.00955412 0.000813001
930 0.000214663 0.00904221 0.000762388
940 0.000207744 0.00878264 0.00073698
950 0.000200453 0.00850065 0.000710063
960 0.000191707 0.00816692 0.000678025
970 0.000183638 0.00783943 0.000648056
980 0.000176066 0.00752717 0.000619914
990 0.000167457 0.00717557 0.000588165
