A random graph with 1000 vertices and 110650 edges.

The graph is generated in the following way:
    - for each vertex, select n / 4.0 random neighbors
    - get rid of duplicate edges
    - weights are integers sampled uniformly from [1..1000]

There are three trees in the folder.

Tree1 - total stretch = 235835.18096509663, ave stretch = 2.150780029047584
[0,1) - 26498
[1,2) - 26110
[2,4) - 47068
[4,8) - 9974

Eigenvalues of lap(a) * lap(tree1)^-1
1.3311 3.369 3.6307 3.7103 3.8613 3.9205 3.9478 4.0539 4.2146 4.504 4.534 4.6854 4.8714 5.0486 5.6391 5.7836 5.9145 5.9541 5.9927 6.0818 6.3864 6.5606 6.8019 6.8251 6.934 7.0233 7.1088 7.3906 7.5524 8.3736 8.4839 8.676 8.9003 8.9831 9.2616 9.7857 9.8793 10.0073 10.5663 11.3638 12.3905 12.4404 13.4124 13.678 13.7238 13.9629 14.4514 16.9271 17.4607 19.1243 19.7253 23.9584 25.5416 27.6392 30.6175 31.2669 31.4181 31.8011 32.0422 33.0622 34.026 34.7153 35.6307 37.0247 37.634 40.5662 40.6554 40.9462 41.1728 41.4117 41.5246 41.7105 41.8234 41.9316 42.0124 42.0955 42.5467 42.642 42.9023 42.9481 43.2134 43.2966 43.5287 43.6021 43.6974 43.8737 44.0183 44.0566 44.2137 44.2767 44.4354 44.5812 44.6347 44.8529 44.904 45.014 45.1577 45.3725 45.4151 45.4954 45.7039 45.7331 45.9126 46.0697 46.1937 46.4216 46.5072 46.9315 47.2098 47.4334 47.564 47.8817 48.4949 49.8838 50.775 50.8549 59.047 72.4975 73.1077 77.1476 83.513 92.8564 95.2838 95.5423 95.8838 96.8502 97.1237 97.3402 97.3813 97.5919 97.7808 98.0156 98.3162 98.5813 98.7915 98.9241 99.1963 99.3077 99.6899 99.8802 99.8951 100.0856 100.1786 100.3403 100.4191 100.5032 100.6477 100.7221 100.8171 100.9706 101.0276 101.1112 101.2506 101.4065 101.5521 101.6533 101.7477 101.8227 101.8859 102.0207 102.0794 102.2573 102.3472 102.3827 102.4817 102.5428 102.5617 102.6752 102.7059 102.8245 102.921 102.9726 103.1255 103.1938 103.2481 103.3694 103.4503 103.5131 103.5773 103.6681 103.81 103.8785 103.9439 103.9886 104.1408 104.1632 104.2293 104.2499 104.3813 104.496 104.5365 104.6249 104.6873 104.7363 104.8429 104.9339 104.9682 104.9952 105.0747 105.1148 105.1582 105.2781 105.2926 105.3985 105.4606 105.483 105.5425 105.6541 105.7186 105.8693 105.9049 106.0233 106.0818 106.1418 106.1519 106.2522 106.3061 106.3474 106.3819 106.4385 106.4848 106.503 106.6222 106.7435 106.7656 106.7843 106.854 106.9495 106.9899 107.0376 107.0551 107.1265 107.2412 107.2758 107.328 107.4068 107.4188 107.4851 107.5138 107.594 107.6703 107.6866 107.7691 107.8022 107.8424 107.9374 107.9633 108.0645 108.1029 108.1653 108.207 108.2153 108.3172 108.3765 108.4174 108.5029 108.588 108.6801 108.7153 108.7476 108.7609 108.854 108.9053 108.9487 108.9567 109.0291 109.0602 109.1723 109.2225 109.3121 109.3318 109.4129 109.4693 109.5354 109.5931 109.6408 109.6838 109.7192 109.7499 109.8285 109.9005 109.9168 109.97 110.0368 110.1016 110.1646 110.2692 110.3172 110.3593 110.4163 110.4472 110.497 110.5574 110.5687 110.6306 110.6701 110.7345 110.7577 110.8507 110.8779 110.8997 110.9577 111.0282 111.1224 111.1935 111.2153 111.2622 111.2955 111.354 111.3687 111.4492 111.4605 111.5135 111.5616 111.6104 111.7026 111.7205 111.773 111.8033 111.8703 111.9548 111.9666 112.0411 112.0687 112.1206 112.1706 112.2595 112.2842 112.3551 112.3926 112.4494 112.5151 112.5437 112.6244 112.6569 112.691 112.7252 112.8295 112.8766 112.901 112.9933 112.9964 113.0747 113.1493 113.1683 113.2169 113.2275 113.2853 113.3757 113.4036 113.4667 113.4985 113.5153 113.5418 113.6067 113.6675 113.7784 113.8789 113.9098 113.9465 113.965 114.0851 114.1044 114.1324 114.1891 114.2072 114.2779 114.329 114.3522 114.3679 114.4054 114.5393 114.5862 114.6175 114.6515 114.7003 114.711 114.8297 114.8867 114.9396 114.9578 115.0318 115.1044 115.1473 115.1912 115.2255 115.2556 115.294 115.3632 115.3973 115.4074 115.4957 115.5571 115.5771 115.6484 115.6739 115.7022 115.7604 115.826 115.8682 115.915 115.9623 115.9933 116.02 116.0513 116.1938 116.2167 116.2223 116.2743 116.315 116.4471 116.5102 116.5321 116.5781 116.6044 116.6898 116.7306 116.7642 116.8464 116.8924 116.8982 116.9259 116.9988 117.039 117.0707 117.1139 117.1625 117.1821 117.314 117.3413 117.3739 117.3927 117.4549 117.4854 117.5585 117.5813 117.6906 117.743 117.8004 117.8528 117.9054 117.9203 117.9731 117.9898 118.0323 118.1552 118.1704 118.2028 118.2191 118.2382 118.3494 118.372 118.3931 118.4466 118.5164 118.6031 118.6135 118.671 118.7408 118.7996 118.8222 118.8346 118.933 119.0019 119.0387 119.0918 119.1175 119.154 119.1864 119.2236 119.2978 119.3903 119.4066 119.465 119.5039 119.5282 119.6065 119.6488 119.7123 119.7292 119.7719 119.8142 119.8872 119.9797 119.9964 120.0235 120.1024 120.1518 120.2199 120.2527 120.3384 120.346 120.4143 120.4341 120.45 120.5656 120.6142 120.6572 120.6905 120.7721 120.7861 120.8667 120.9088 120.9635 121.0191 121.0668 121.1011 121.2207 121.3258 121.3556 121.3608 121.3842 121.4664 121.5201 121.6011 121.6297 121.7142 121.7929 121.8384 121.8525 121.8912 122.0299 122.0715 122.0923 122.1403 122.1619 122.2138 122.2864 122.3646 122.4028 122.4551 122.4874 122.5347 122.608 122.6877 122.6973 122.7765 122.8398 122.8629 122.9645 123.0281 123.0454 123.0712 123.088 123.1722 123.2068 123.2472 123.2916 123.3483 123.419 123.4898 123.5179 123.5838 123.6296 123.6994 123.7199 123.7383 123.7999 123.9154 123.9692 124.0137 124.0784 124.0826 124.1512 124.176 124.2125 124.2889 124.3746 124.4279 124.4727 124.4868 124.5484 124.6127 124.7106 124.814 124.8761 124.9201 124.9699 124.9864 125.039 125.0562 125.1231 125.1737 125.2758 125.3442 125.3689 125.4661 125.5232 125.5821 125.6319 125.6651 125.7222 125.8014 125.8373 125.8541 125.9057 125.9839 126.0672 126.0991 126.1595 126.2325 126.2529 126.2818 126.3299 126.4286 126.4976 126.5487 126.5871 126.6672 126.726 126.7634 126.8767 126.895 126.9359 127.0323 127.067 127.142 127.188 127.2398 127.3255 127.3378 127.4263 127.4791 127.4962 127.5839 127.6197 127.7057 127.829 127.8568 127.898 127.9726 128.0235 128.0929 128.1872 128.2413 128.2745 128.2967 128.4013 128.463 128.4735 128.5481 128.613 128.6662 128.7295 128.8111 128.8849 128.8963 128.9931 129.0324 129.0851 129.1553 129.2177 129.2689 129.3556 129.4033 129.5062 129.6454 129.7077 129.7397 129.8188 129.9062 129.9862 130.0255 130.1332 130.1399 130.2062 130.2637 130.3264 130.3956 130.4785 130.4959 130.5928 130.6466 130.7444 130.7989 130.9019 130.9362 130.9668 131.1327 131.207 131.3164 131.3754 131.4412 131.4513 131.5414 131.5866 131.6331 131.7758 131.8139 131.8952 131.9935 132.1099 132.1935 132.2781 132.2954 132.3968 132.4394 132.473 132.541 132.6087 132.7141 132.7741 132.8187 132.9075 133.0874 133.1237 133.2099 133.2828 133.4262 133.4346 133.4882 133.5639 133.7403 133.7949 133.8652 133.92 134.0603 134.1235 134.2033 134.2779 134.313 134.4482 134.5583 134.5857 134.7849 134.8709 134.9761 135.0855 135.1222 135.2221 135.2813 135.3843 135.4679 135.4716 135.5917 135.6583 135.7679 135.8419 135.9657 136.0863 136.1086 136.2963 136.3922 136.5021 136.5204 136.6517 136.7071 136.8213 136.8867 137.0978 137.1669 137.2462 137.3598 137.3628 137.4749 137.7579 137.9134 137.9193 137.9986 138.0946 138.1794 138.2309 138.336 138.4634 138.5309 138.7212 138.825 138.9165 139.071 139.2045 139.3294 139.3974 139.5655 139.7782 139.8579 139.9057 140.043 140.1929 140.2726 140.4248 140.5352 140.6045 140.8528 141.078 141.2244 141.2978 141.4134 141.518 141.6672 141.8718 142.0305 142.0509 142.1822 142.3772 142.6789 142.8294 142.9439 143.0079 143.2519 143.5 143.632 143.7803 144.0522 144.2375 144.3015 144.5053 144.7575 144.8957 145.0525 145.1897 145.516 145.6575 145.862 145.9806 146.2065 146.5746 146.8569 147.0114 147.566 147.8289 148.1681 148.7644 149.4905 150.0914 151.8725 153.1092 154.733 155.2918 155.9206 156.1782 156.7859 158.3176 159.0309 159.2681 160.817 161.0464 162.2771 163.4314 165.1447 165.6877 166.7055 167.3276 167.5568 169.9102 170.038 171.4447 171.8498 172.6573 173.3869 174.0688 174.1938 175.4158 175.8724 176.1995 180.9791 185.9314 188.5044 189.3704 191.9607 193.265 193.5807 197.9056 199.7108 201.3617 202.436 204.2759 206.7921 208.6402 209.5487 211.2201 212.0748 213.6173 215.6848 216.2965 216.7168 217.0906 218.3249 220.7914 222.2622 223.5617 224.8768 226.4292 229.2499 230.5327 233.9269 239.0516 244.2748 246.1091 247.898 251.3961 254.3781 255.4602 255.9015 259.4295 260.875 263.8661 267.4146 270.3024 271.8351 275.1186 277.3727 278.8164 279.6701 281.3238 283.3844 284.5486 286.6398 287.661 289.8271 291.931 292.5599 294.0468 295.7127 296.4081 299.1484 303.035 308.7446 308.9407 313.6798 315.1633 316.3742 319.9096 322.3143 324.7647 327.3027 327.9184 328.6879 333.7558 337.0658 360.7553 367.7638 370.0246 381.8132 404.0129 416.4031 433.0082 470.3349 488.8336 495.6349 504.633 515.6993 524.7196 533.9742 554.8583 562.3501 623.3039 637.4841 650.4287 669.7569 697.2076 750.9372 863.0578 982.4145 1080.1167 1095.8986 1157.1572 1176.4647 1218.0193 1256.8898 1337.7958 1366.447 1603.3977 1651.4573 1665.4613 1691.474 1719.0077 1747.5012 1788.1821 1836.5856 1862.3363 1902.1761 1925.8816 2006.1283 2114.1446 2170.2851 2234.9015 2299.0771 2364.2456 2375.9601 2412.2776 2470.7094 2540.9094 2552.8963 2675.9923 2772.3359 2854.4411 2958.8225 3125.2922 3276.7895 3354.9408 3407.6719 3494.9199 3621.1117 3795.4249 3929.3433 3999.4529 4061.7448 4437.9652 5038.0737 


Tree2 - total stretch = 1.2573113001704938e6, ave stretch = 11.466482751370199
[0,1) - 6103
[1,2) - 6093
[2,4) - 12187
[4,8) - 22472
[8,16) - 34558
[16,32) - 25148
[32,64) - 2953
[64,128) - 110

Eigenvalues of lap(a) * lap(tree2)^-1
14.3107 15.5286 15.7876 16.7326 16.8289 16.953 18.1567 18.6904 18.788 18.867 19.0988 19.5005 19.6413 19.7349 19.8545 20.5962 21.2169 21.4252 21.4685 21.797 21.9359 22.4219 22.4469 22.4672 22.6809 22.8164 22.8817 23.0355 23.45 23.48 23.5976 23.9045 24.136 24.2406 24.6548 24.8043 25.0185 25.0923 25.2265 25.2589 25.3349 25.4647 25.5398 25.6527 25.7736 26.0041 26.1297 26.299 26.4651 26.6072 26.8191 26.9112 27.2197 27.4464 27.797 27.9074 27.9274 28.2245 28.3553 28.3975 28.6529 28.7522 28.7944 28.8481 28.9959 29.069 29.1079 29.2499 29.3693 29.4546 29.5688 29.581 29.688 29.7644 29.8814 30.1824 30.3133 30.4002 30.5616 30.6319 30.7316 30.8856 30.9858 31.163 31.2449 31.3852 31.4302 31.5909 31.7786 31.8236 32.1156 32.211 32.4058 32.5135 32.6024 32.7431 32.7839 32.9703 33.0568 33.1252 33.2243 33.2539 33.4155 33.7004 33.7687 33.8873 33.9233 34.08 34.1985 34.3335 34.4333 34.4622 34.5751 34.8747 34.908 34.9344 35.1242 35.2616 35.4774 35.602 35.6792 35.7873 35.8916 35.9893 36.2144 36.2666 36.3313 36.4664 36.5622 36.6869 36.8971 36.9962 37.1062 37.235 37.3433 37.5448 37.7079 37.9604 38.0549 38.1272 38.347 38.4212 38.5898 38.6114 38.7298 38.7972 38.9416 38.9906 39.2632 39.3018 39.3918 39.5459 39.662 39.7412 40.029 40.1129 40.2362 40.3651 40.4236 40.6822 40.8331 40.9283 41.0403 41.1681 41.3075 41.5879 41.7742 41.7991 41.905 42.2376 42.4975 42.5409 42.6457 42.7353 42.8886 42.9338 43.0202 43.319 43.5511 43.5999 43.8072 44.1256 44.3223 44.5506 44.5842 44.6025 44.8035 44.9133 45.0187 45.106 45.1434 45.2096 45.4091 45.4608 45.6291 45.856 45.9977 46.0969 46.3155 46.6529 46.8394 46.9151 47.0281 47.2683 47.353 47.3908 47.6403 47.8892 47.9983 48.0537 48.3369 48.4958 48.6771 48.7533 48.8564 48.9903 49.1743 49.2753 49.3566 49.4983 49.6387 49.7351 49.7729 49.945 49.9897 50.1349 50.3327 50.4928 50.5502 50.6376 50.7614 50.8314 50.9886 51.0969 51.187 51.36 51.4635 51.5426 51.6585 51.7693 51.8307 51.8954 51.9635 52.0342 52.2061 52.2988 52.4148 52.4876 52.5571 52.7195 52.8069 52.8793 52.9649 52.9913 53.1338 53.2069 53.5147 53.6214 53.6335 53.7989 53.8627 54.0129 54.1204 54.2767 54.5543 54.8844 54.9543 55.2089 55.2298 55.3574 55.4594 55.7665 55.8037 55.9628 56.1874 56.3704 56.523 56.7442 56.8772 57.0897 57.3227 57.4346 57.4899 57.5197 57.6026 57.78 57.8577 58.1014 58.4901 58.7674 58.891 59.0149 59.4029 59.621 59.72 59.8309 59.9027 60.1187 60.2788 60.412 60.5272 60.7298 60.8295 60.9595 61.0774 61.3264 61.4072 61.5873 61.6825 61.9106 62.009 62.1498 62.2708 62.5557 62.6869 62.9236 63.0941 63.3125 63.3311 63.6971 63.9978 64.6645 64.8012 65.4767 65.9271 66.109 66.5523 66.6831 67.1334 67.363 67.5145 67.8314 68.0718 68.202 68.4651 68.5504 68.8737 69.0852 69.2225 69.3088 69.4602 69.7755 69.8922 69.9625 70.1709 70.4005 70.6361 70.9944 71.2931 71.5345 71.7524 71.9135 72.0002 72.1467 72.3788 72.5207 73.0214 73.2575 73.5052 73.8946 73.9605 75.4863 75.6525 76.6272 76.7107 77.0366 77.1893 77.3534 77.602 77.8462 78.7412 79.2685 79.4106 80.1718 80.6098 81.188 81.2463 81.4195 81.6978 81.8102 82.2775 82.9804 83.1305 83.2591 83.3308 84.024 84.7456 84.9866 85.6668 85.7524 85.8379 86.1343 86.4926 86.6583 87.1857 88.2774 88.4852 88.7304 89.4834 90.4606 90.9884 91.1127 91.4096 91.8804 92.1321 92.6228 92.8902 93.4022 93.5408 94.0441 94.4448 94.5025 94.9829 95.8276 96.0358 96.3833 96.6996 97.2793 97.8534 99.4243 101.4259 101.4827 102.302 103.468 103.856 104.5271 105.0481 105.2455 105.259 106.6476 106.836 107.1664 107.2168 108.0437 108.1687 108.5638 108.6457 109.294 109.8152 110.1874 110.6915 110.966 112.074 112.4212 112.9902 113.6987 114.1689 115.1297 115.6675 115.8172 116.795 117.1474 117.6015 118.2217 119.0269 119.266 119.6039 119.8067 120.0301 120.3202 120.9141 121.1045 121.4121 121.857 122.0712 122.8659 123.1207 123.472 123.5837 124.1074 125.0692 125.2703 125.8607 125.9426 126.2292 126.3831 126.7634 127.121 127.4262 127.7648 128.1956 128.6312 128.9449 129.1159 129.2549 129.7662 130.1273 130.7622 131.3477 131.9176 132.1392 132.8717 133.1413 133.1551 133.9798 134.1399 134.8387 135.2119 135.493 135.6662 136.1134 136.4806 136.6526 137.2809 137.8505 138.7025 139.4307 140.5722 141.4069 143.6558 144.3641 144.9444 145.5313 145.6298 146.0105 146.5484 146.7904 147.3717 147.5178 148.1234 149.2511 149.2813 149.5868 151.2606 151.5464 151.7701 152.5335 153.1367 153.8617 153.983 154.4912 154.8517 155.5254 156.6358 157.8979 158.5182 159.4011 159.9279 160.7829 161.4879 161.902 162.4252 163.4159 163.8693 164.3551 165.2118 165.6778 166.2129 166.3757 166.8453 167.2175 167.6296 168.7687 171.3542 172.7341 174.5722 175.1288 175.3951 176.4837 176.5167 176.6031 177.4759 178.0256 178.3259 178.749 179.2734 179.7309 180.4086 181.0247 182.1647 182.3552 183.4768 184.3022 185.3162 186.6755 187.1518 189.2618 189.6763 190.3775 191.4556 191.6385 192.0108 193.8314 194.5846 196.2583 196.4322 197.3953 198.4171 199.132 200.5933 201.459 201.737 202.3668 202.7505 204.6119 205.1007 205.7029 206.2165 207.0074 208.0624 208.3561 209.0479 209.8551 209.9536 210.2706 211.1621 212.1182 212.8951 213.3175 214.177 214.6173 215.1118 216.2293 217.9701 218.6689 219.1171 219.6079 219.7709 220.5505 221.137 221.6598 222.5482 222.5915 223.5773 224.2853 225.5627 227.8627 230.1598 232.0479 232.3177 233.9483 234.1881 235.8839 236.6037 236.9676 238.252 239.0401 239.7183 241.0308 241.9677 243.1274 243.5959 245.4235 246.0286 247.0967 248.2423 250.2865 250.8177 252.0437 252.4682 253.9984 254.5105 255.13 255.7009 257.6053 258.2231 260.1744 261.3583 261.7551 263.1673 266.2254 266.4882 266.5451 269.4825 270.3171 272.4904 272.7737 274.6148 275.1803 276.8856 277.8487 280.2533 281.6248 283.768 284.1788 286.6765 288.6572 289.6244 290.408 290.499 291.7214 294.796 294.9907 296.7649 298.6048 300.152 300.616 301.393 303.4049 304.574 305.3902 306.517 308.7401 309.8929 310.4618 312.4996 313.3167 318.8253 319.9511 323.3111 325.469 327.1804 334.1431 336.727 337.763 340.0136 340.627 342.2198 343.8831 344.5688 345.3442 346.6174 347.1533 348.0731 351.0466 351.4579 353.9299 355.4347 356.14 362.0117 363.9338 369.9013 372.3229 375.6739 376.7948 378.9394 382.1095 382.7655 386.2236 390.2623 392.9268 394.4227 396.4316 397.7505 400.6809 401.5029 405.4044 406.6093 407.256 408.7453 410.5655 412.4468 414.1031 414.8038 418.8234 421.6458 438.976 441.2519 442.5922 444.8867 448.7013 450.7798 450.8518 452.9013 453.1923 456.1118 456.6147 459.0326 459.6482 463.5849 464.6717 469.4068 471.0531 473.4166 473.9366 476.6792 479.0573 479.4434 481.3743 482.3896 491.1916 494.9902 499.2656 501.1392 502.8691 504.7685 506.9905 509.1186 511.4338 514.616 516.0467 518.7177 519.7583 522.0482 531.8478 532.8703 534.6955 536.712 538.0816 547.2683 549.9072 551.5007 556.2833 562.6755 566.2818 568.7894 570.0284 571.8465 573.5558 588.7783 592.1231 595.3389 606.5084 616.4939 620.841 626.0481 634.2841 640.4493 641.9321 644.4374 645.3385 648.0128 660.9279 675.8886 678.8593 681.2567 694.9151 698.1173 702.8629 709.3299 720.5157 721.3028 724.6385 731.9178 738.4484 745.1236 746.6995 750.0721 761.3455 763.8878 774.4081 777.0692 785.3407 787.3561 793.4085 795.4872 800.7084 813.3574 814.7191 817.9423 819.0858 821.8078 824.2036 833.0003 841.3286 846.5369 858.6993 866.2214 872.6151 881.3282 882.5813 883.1068 888.5499 892.4057 897.4291 908.5448 912.2789 920.3649 930.0188 940.5216 972.6914 979.9162 983.0063 1005.3132 1049.5588 1071.5253 1082.2868 1092.2317 1093.3247 1097.5068 1111.1166 1113.9554 1131.6087 1142.579 1151.5202 1158.6522 1163.7955 1167.8474 1192.2227 1194.6361 1202.879 1225.7221 1245.4491 1272.5305 1281.271 1284.2177 1308.3285 1325.7387 1343.3136 1372.7512 1391.2129 1401.3625 1414.0163 1420.6645 1454.2279 1464.4761 1471.2954 1488.9681 1495.0603 1531.1509 1564.612 1579.6406 1594.9124 1598.9961 1624.146 1630.3688 1649.4047 1676.7019 1691.8133 1703.1473 1735.9461 1746.3487 1814.4902 1842.2408 1893.5157 1956.1091 1969.7839 2071.5787 2101.7663 2123.153 2142.3615 2292.0514 2302.7442 2320.1119 2341.8183 2352.4148 2355.9597 2380.3576 2390.1076 2419.8762 2440.8945 2455.8599 2472.6273 2547.594 2571.84 2692.8958 2726.3699 2752.8771 2797.8763 2880.6348 2894.9764 2972.4167 3079.8109 3104.3806 3167.1471 3283.9067 3346.9159 3404.3989 3444.1995 3733.1531 3753.4721 3808.6296 3983.0557 4049.0918 4168.8293 4537.4311 4625.9793 4752.5196 4967.9961 5157.2393 5164.0916 5224.066 5268.972 5351.6878 5388.8043 5623.7465 5641.7902 5785.8317 6196.2326 6317.1427 6387.542 6893.6769 7092.4945 7281.3381 7337.3795 7624.182 7689.7054 7763.7024 8294.4442 8587.2918 9156.6478 10089.3959 10165.2284 10865.5558 11039.1245 13055.5255 13648.0281 14521.0329 16130.0881 17264.4643 17630.146 20045.2553 20606.034 22864.9757 37071.76 44587.5652 71222.6589 140324.863 252862.8222 


Tree3 - total stretch = 2.919128083278261e6, ave stretch = 26.62199235098869
[0,1) - 2894
[1,2) - 2921
[2,4) - 5780
[4,8) - 10806
[8,16) - 19391
[16,32) - 30783
[32,64) - 30854
[64,128) - 6033

Eigenvalues of lap(a) * lap(tree3)^-1
20.2817 21.1054 21.2165 21.7112 21.9559 22.0223 22.8061 22.8794 23.2568 23.7134 23.86 24.1544 24.2307 24.3137 24.378 24.4633 24.5504 24.8614 24.9979 25.0968 25.145 25.2699 25.5633 25.7294 25.7676 25.9089 25.9807 26.0512 26.1527 26.1662 26.2169 26.3966 26.4997 26.6775 26.7537 26.7662 26.8917 27.6072 27.822 27.9407 28.009 28.0605 28.2816 28.4212 28.5209 28.5624 28.6582 28.7062 28.7932 28.8473 28.9393 29.1076 29.1542 29.2301 29.2537 29.3143 29.3756 29.4994 29.563 29.6765 29.7215 29.8857 29.9076 30.0274 30.1411 30.1867 30.221 30.3587 30.3846 30.4239 30.7991 30.9619 31.1569 31.1878 31.3257 31.3352 31.4222 31.4312 31.4973 31.6186 31.6655 31.8304 31.9953 32.1911 32.2626 32.3535 32.3792 32.6771 33.0002 33.0117 33.1859 33.358 33.4339 33.4412 33.4896 33.5533 33.606 33.7059 33.7383 33.8646 33.9158 34.0149 34.0961 34.1432 34.272 34.3476 34.383 34.4289 34.6711 34.8256 35.0465 35.1134 35.2423 35.4007 35.4554 35.496 35.5492 35.7512 35.791 35.9451 35.9959 36.1278 36.2524 36.306 36.342 36.4658 36.5697 36.7423 36.8487 36.9615 37.128 37.3281 37.4195 37.676 37.8016 37.9464 38.062 38.1782 38.3053 38.4466 38.5474 38.7164 38.9007 39.018 39.088 39.1693 39.322 39.3385 39.4614 39.5296 39.6096 39.6463 39.664 39.8304 39.8438 39.9133 40.0048 40.0193 40.0883 40.1512 40.2572 40.4329 40.5166 40.6028 40.6492 40.6742 40.8487 40.892 41.058 41.1226 41.1649 41.4041 41.457 41.5716 41.7431 41.8259 41.8802 41.9689 42.0116 42.1012 42.2003 42.2474 42.4484 42.6418 42.6651 42.7603 43.0215 43.0422 43.2468 43.3166 43.4411 43.6484 43.6897 43.7978 43.8552 43.9336 43.9853 44.0677 44.1061 44.2595 44.3403 44.441 44.6028 44.701 44.7792 44.9093 45.1008 45.2035 45.3054 45.4596 45.5486 45.631 45.6998 45.8427 45.8839 46.0569 46.1227 46.1681 46.2226 46.299 46.4122 46.425 46.6398 46.6732 46.7786 46.8322 46.9978 47.1068 47.1485 47.373 47.6841 47.9051 47.9688 48.1553 48.2272 48.322 48.474 48.4991 48.6708 48.7953 48.8274 48.8733 49.0745 49.1621 49.246 49.3866 49.541 49.6668 49.8788 49.908 50.0249 50.0959 50.218 50.3549 50.4236 50.5685 50.7311 50.7593 50.8329 51.0869 51.1141 51.1577 51.3126 51.5597 51.6945 51.9472 52.1894 52.3764 52.3879 52.6277 52.8358 52.9578 53.0712 53.1473 53.3656 53.4827 53.6168 53.6919 53.9069 54.0036 54.1705 54.2999 54.4453 54.5488 54.7522 54.9958 55.0244 55.2544 55.3569 55.5209 55.6749 55.7671 55.907 55.9717 56.1662 56.2767 56.4433 56.6773 56.7354 56.8307 56.9374 57.174 57.4812 57.7704 57.8997 58.1519 58.3263 58.7034 58.9567 59.014 59.4021 59.4223 59.7124 59.8839 60.1087 60.379 60.5673 61.2851 61.6365 61.9326 62.4439 62.5703 62.7084 63.1229 63.1617 63.3222 63.3926 63.6691 63.8345 64.1571 64.2422 64.641 64.7023 64.9532 65.204 65.4699 65.7036 65.808 66.0527 66.2302 66.2973 66.4223 66.6116 66.7596 66.932 67.3994 67.5826 67.6565 67.7946 68.0359 68.1639 68.2853 68.5008 68.6779 68.9451 69.0882 69.4223 69.6514 69.7433 70.1089 70.2426 70.6888 70.7888 71.1839 71.4103 71.8109 72.0862 72.1707 72.6123 72.9728 73.1217 73.5253 73.8562 74.2321 74.4657 74.8001 75.1808 75.5754 75.9797 76.0378 76.558 76.8706 76.9742 77.289 77.6005 77.6895 77.8172 77.9866 78.1901 78.4246 78.5409 78.8475 79.5425 79.7459 80.0677 80.2649 80.5909 81.0758 81.0967 81.3515 81.5968 81.7833 82.0679 83.402 83.6951 84.2565 84.5587 84.8625 84.9568 85.209 85.9052 86.1529 86.4507 86.5242 87.1923 87.2225 87.4663 87.969 88.0864 88.4288 89.1782 89.484 90.008 91.8603 92.0777 92.4001 92.5332 93.4986 95.0596 95.6369 96.3058 96.4085 97.478 97.5014 98.4129 98.7016 98.9934 99.3087 99.8049 99.9361 100.0968 101.134 101.3397 101.7934 102.0379 102.9441 103.2022 103.5761 103.7178 104.0282 104.5217 104.6246 104.7068 105.0434 105.3369 105.6122 106.1764 106.3672 106.906 107.6809 108.378 108.8542 109.4905 110.9864 111.2178 111.2769 111.6888 111.8703 112.5458 112.6698 113.1345 113.3145 113.6064 113.9545 114.2128 114.4408 115.0713 115.3449 115.6001 115.9289 116.2678 116.7554 117.0076 117.4869 117.5742 118.4616 118.7266 118.8618 119.4814 120.1927 120.7056 121.3233 121.5713 123.1142 123.2387 123.6281 123.9717 124.2308 124.3447 124.6465 125.0644 125.415 126.0862 126.2069 126.7713 127.1594 127.2435 127.6402 128.3173 128.9434 129.328 130.0727 130.3509 130.4264 131.093 131.3229 131.6296 131.9479 132.1323 132.6572 133.6835 134.9007 135.5532 135.9782 136.8077 137.1579 137.5998 137.8789 138.4438 138.7185 138.7942 139.2173 139.6592 139.8558 139.9739 140.554 141.123 141.4483 141.6425 142.6197 142.6812 142.7827 143.4595 143.8903 144.0491 144.8317 145.1012 145.2766 146.1448 146.3996 146.737 147.8382 149.8505 151.4882 152.8419 153.3524 154.1478 154.4927 155.8914 156.5638 156.8065 157.1115 159.1486 159.3921 160.294 160.7655 161.4599 162.244 162.634 163.0652 163.3299 164.9047 165.5971 166.2538 167.053 167.8116 169.534 169.7843 170.7899 172.5548 173.8078 177.0751 179.2546 179.8511 180.3586 180.4642 181.4717 182.2962 182.9347 183.2031 184.0057 184.2064 184.7722 185.2488 185.7238 186.3855 186.7636 187.1356 187.7576 188.7805 190.1079 192.0654 192.4617 197.4519 198.0234 198.4276 199.0269 200.3877 200.9567 201.4365 202.2358 203.0497 204.0168 204.8306 205.9506 206.6045 207.6053 208.2229 208.6594 209.5015 209.9039 210.8594 211.2083 212.2492 212.8643 213.4896 213.9738 214.354 214.7311 215.5009 215.7196 216.5954 216.8973 218.0361 218.5549 219.5665 219.9758 220.4755 221.1558 222.7209 223.4226 224.822 225.32 225.4422 227.9681 229.4814 231.0936 233.4058 236.1182 236.568 242.1486 243.3926 244.3497 246.8115 247.9123 250.85 252.1193 255.6317 257.0265 257.4448 259.5854 261.0864 262.5353 263.5607 265.9253 266.7295 267.558 269.2971 270.6308 272.159 273.0775 274.2418 277.9345 280.2149 281.0319 281.4458 283.0539 283.919 286.9312 288.1691 289.0549 290.1396 290.6577 291.4522 292.975 295.0351 298.9239 299.3924 300.1009 301.1608 305.0783 306.2346 310.1422 311.4666 312.974 314.291 316.389 317.4973 317.9528 324.8153 326.6845 328.9183 329.8509 330.2351 331.2715 333.2205 334.8716 338.0464 340.8326 343.8808 343.9955 345.6162 349.3816 350.9428 353.7109 354.0261 354.5597 356.8326 360.9656 361.6451 362.5412 364.3948 370.176 372.3328 375.1636 376.2503 382.2013 385.3539 386.935 389.6077 390.4961 391.5833 393.51 395.6743 396.2835 398.0811 398.7251 402.8696 410.4834 412.1728 414.1922 414.2715 415.8523 417.7436 419.5114 421.0103 422.1501 426.0195 427.2945 429.9024 432.0821 434.203 435.9199 438.6354 442.5355 443.8302 445.237 448.9603 454.153 455.1491 460.5955 461.1389 462.9357 464.1234 466.5161 467.5527 469.3585 472.8093 476.9371 480.3122 481.4583 486.4703 490.7906 500.1652 501.0967 506.9204 507.7292 512.7787 514.9143 517.2046 526.7195 531.631 533.5757 534.8612 538.1136 540.6592 542.3152 544.8386 546.3333 552.0804 554.6833 557.7563 565.2977 566.8299 572.4092 580.1526 595.2677 595.4452 597.3247 602.9828 603.5282 609.3243 613.9912 620.4739 626.1825 629.7185 632.063 636.6928 647.2549 652.3237 668.4775 672.0436 680.0645 680.0799 687.6782 691.2006 691.8819 695.3242 698.0565 711.7236 715.6144 717.5124 719.0513 731.8336 737.8737 743.0773 745.6466 746.0524 761.9673 767.4827 771.5898 783.0412 786.9687 791.0841 795.4167 806.3515 823.6642 830.3369 834.4671 839.0149 855.3962 860.9594 865.8852 867.6461 874.4328 875.233 878.1032 883.5174 912.8796 917.3281 924.5409 943.411 949.5469 952.7691 983.5197 1003.3056 1008.6037 1044.779 1054.8897 1096.7545 1104.181 1117.0644 1122.6116 1125.7569 1139.4425 1142.314 1149.5664 1176.2636 1186.0399 1197.1814 1211.9894 1267.5593 1311.7564 1320.3083 1368.1509 1370.8101 1394.9776 1399.7645 1401.1773 1408.9825 1412.1492 1417.7339 1429.5121 1433.4869 1438.9539 1451.4162 1492.1358 1530.6724 1536.6711 1555.2445 1570.0403 1577.8105 1580.4505 1648.6236 1652.4052 1710.9855 1725.7085 1769.559 1785.7633 1875.9812 1928.5875 1956.3407 1971.7324 1989.7421 1997.4339 2029.7902 2049.2995 2053.73 2103.4285 2120.3776 2125.8048 2130.9081 2161.2326 2196.1493 2205.2415 2249.221 2255.7902 2305.3098 2358.2677 2397.064 2425.694 2538.2317 2612.7535 2648.8624 2656.4857 2679.8782 2721.6702 2729.9919 2752.7714 2886.0545 2887.4935 2977.7631 3012.0645 3109.7228 3192.2207 3267.6624 3323.9366 3398.6924 3457.3486 3558.8845 3733.2785 3780.2991 3796.4803 3840.9663 3996.3721 4057.0153 4265.406 4394.1731 4439.7992 4461.5567 4771.7721 4833.7233 4910.8629 5222.1441 5607.6074 6006.1203 6078.3572 6176.156 6210.7303 6329.9979 6776.1733 6846.9315 7821.862 8065.5985 8264.3587 9117.6132 9159.7385 9271.1733 9578.5939 10452.6405 10964.4112 11498.4101 14000.5781 14033.6649 15631.5455 16796.7458 16925.7664 17405.2417 18101.3793 20763.211 22020.758 22575.4393 23816.4746 32020.1762 32325.0665 35326.3018 35748.2808 40257.8344 44570.2739 46112.3213 55752.8559 56437.2825 76567.8574 88754.2736 132605.6004 179283.937 182902.9561 370576.5536 785682.8356 


