10 0.0554868 18.1006 0.0691457
20 0.00276014 4.28977 0.00544247
30 0.000196995 1.10108 0.000476435
40 2.28376e-05 0.335913 0.000102212
50 1.26655e-05 0.0590025 2.28322e-05
60 3.94314e-07 0.0107567 2.07633e-06
70 2.17273e-07 0.000883116 4.0278e-07
80 3.18688e-08 8.85245e-05 5.36418e-08
90 1.43548e-09 9.26423e-05 1.60501e-08
100 9.84024e-09 0.000213268 4.58611e-08
110 4.01663e-08 0.000803459 1.70947e-07
120 1.34498e-07 0.00295562 6.069e-07
130 9.35985e-07 0.0082388 2.51757e-06
140 5.158e-06 0.031576 1.07386e-05
150 1.48493e-05 0.051101 3.94193e-05
160 0.000113008 2.41335 0.000212204
170 0.000104895 14.4369 0.000668854
180 0.000284145 140.942 0.00494946
190 0.00116537 274.93 0.00973887
