%%MatrixMarket matrix array real general
30 1
-8.11417756267474033e-03
-8.24631582393536844e-03
-8.11417297218791633e-03
-7.32979941991046546e-03
-7.44914789625383822e-03
-7.32976320857930963e-03
-5.83684124285355210e-03
-5.93189462020168867e-03
-5.83684037249826426e-03
-3.77968808455003691e-03
-3.84078252441441559e-03
-3.77878608432656582e-03
-1.35630597570168820e-03
-1.30324786096817913e-03
-1.20842275603733756e-03
1.33801975865394107e-03
1.36002492444457779e-03
1.33844348679851288e-03
3.75552307377802208e-03
3.81668923420747097e-03
3.75553666839567590e-03
5.80958018355198780e-03
5.91506142003433988e-03
5.83097448626818116e-03
7.32238963246345520e-03
7.44163507215953035e-03
7.32238872993118406e-03
8.10596937122465278e-03
8.23797781621177228e-03
8.10597237576338170e-03
