%%MatrixMarket matrix array real general
30 1
-2.53185219004595563e-01
-2.57308305105415691e-01
-2.53185075382300451e-01
-2.28710409021509242e-01
-2.32434418059129011e-01
-2.28709279200494942e-01
-1.82125902315712962e-01
-1.85091837783865676e-01
-1.82125878631816701e-01
-1.17936925485242941e-01
-1.19843244274823388e-01
-1.17908780539989419e-01
-4.23205707001259729e-02
-4.06650079173785511e-02
-3.77061972736629503e-02
4.17499891589077285e-02
4.24366123780194615e-02
4.17632106726866167e-02
1.17182908935365260e-01
1.19091465677760466e-01
1.17183333185948202e-01
1.81275282472575600e-01
1.84566594466658185e-01
1.81942845040706430e-01
2.28479178237479041e-01
2.32199996755227317e-01
2.28479180200816062e-01
2.52929099761261378e-01
2.57048135745587492e-01
2.52929193913701833e-01
