10 2.2694e-05 0.128362 0.000104994
20 8.60786e-07 0.0131926 5.45885e-06
30 8.8431e-08 0.00125806 5.59782e-07
40 1.25098e-07 0.00100124 7.2995e-07
50 9.80531e-07 0.00840358 4.66989e-06
60 4.2534e-06 0.0658146 2.29632e-05
70 1.04225e-05 0.133248 5.10307e-05
80 2.21829e-05 0.59648 0.000127069
90 2.93369e-05 1.00674 0.000166241
100 4.46373e-05 2.89579 0.000336972
110 7.05847e-05 7.90799 0.000804116
120 7.75432e-05 9.40121 0.000910153
130 9.21031e-05 12.8975 0.00120341
140 9.56162e-05 13.8395 0.00123
150 0.000102564 16.6561 0.00152854
160 0.000111312 20.4109 0.00181539
170 0.000114405 22.267 0.00198288
180 0.000132566 39.0607 0.00320938
190 0.000179199 94.7173 0.00799864
200 0.000366599 295.324 0.0235328
210 0.000414823 343.898 0.0289646
220 0.000424744 351.887 0.030359
230 0.000427189 353.839 0.030878
240 0.000427794 354.506 0.0311221
250 0.000428083 354.878 0.0312816
260 0.000428478 355.309 0.0314584
270 0.000429324 356.271 0.0317675
280 0.000433557 359.431 0.0324517
290 0.000448243 372.547 0.0341766
300 0.00049542 418.15 0.0374725
310 0.000521247 435.007 0.0375339
320 0.000522906 435.305 0.0372733
330 0.000549978 452.232 0.0379584
340 0.000564089 460.591 0.0391843
350 0.000565411 461.614 0.0395078
360 0.000565796 461.849 0.0396216
370 0.000565951 462.118 0.0397462
380 0.000567558 463.494 0.0401334
390 0.000585099 478.899 0.0420512
400 0.000647388 548.949 0.0459225
410 0.000746344 660.179 0.0530539
420 0.000769888 680.642 0.055636
430 0.00077393 683.916 0.0563695
440 0.0007749 684.702 0.0566483
450 0.000774926 685.034 0.0567992
460 0.000775273 685.397 0.0569599
470 0.000776118 686.373 0.0572811
480 0.000781423 690.754 0.0581623
490 0.000811721 721.555 0.0615692
500 0.000948121 867.297 0.0702261
510 0.00110613 1006.37 0.0810765
520 0.00113166 1020.24 0.0830855
530 0.00113576 1022.83 0.083717
540 0.00113692 1023.76 0.0840339
550 0.00113818 1024.76 0.0843651
560 0.00114334 1027.81 0.0850621
570 0.00117459 1045.88 0.0874561
580 0.0014616 1298.83 0.10601
590 0.00165282 1453.84 0.117695
600 0.00166493 1460.82 0.118912
610 0.00166554 1461.73 0.119217
620 0.00166594 1462.05 0.119366
630 0.00166653 1462.72 0.119611
640 0.0016729 1467.19 0.120491
650 0.0017773 1565.69 0.129051
