%%MatrixMarket matrix array real general
1000 1
-4.065338071218354
-12.502563094074583
11.804975100278684
9.395847177140555
19.60802615027066
19.689539507230226
-1.2101724896232986
10.430806423035104
18.389339574617946
20.218013949006625
-32.95888972081342
-6.6907129166670956
-6.241266174615539
-5.5365399416983
17.660200711761327
-3.8079548769326035
-14.44841917526252
15.98829764454335
-1.798387320326593
-11.680345206078218
-24.614111541394347
7.798369729786672
-15.166186220329449
36.534795666478864
-11.369238492518857
-17.31053201772553
-7.6823593908531675
2.0409420437159054
-1.7997256295265203
8.064266227586014
4.695582805937942
2.7135169305437747
23.66429671652986
-5.0829829426052004
4.8378991455348626
-1.3145063872548977
5.24049495582551
-2.1754667080407204
-22.729524260227358
-9.03630995232444
-10.747057657261223
9.191171166557677
8.81862313544456
2.067063178805594
-12.32037598261158
9.866720534876169
-2.301305178553437
-33.153885040280706
-10.972598853849556
-6.055964182021631
-8.289786819841243
-1.2947203218291186
-12.273020319552835
0.25900207977813156
12.349918943322363
15.92975453727559
-20.642600596100433
-0.6319918678139216
-5.253396194038582
-2.6090057236578152
22.415536099094155
14.203118392277641
15.83573974580791
2.7237815515263177
-11.74526923073261
-23.23350163973844
13.031313611628516
-11.508485279119318
2.8230312025471207
27.618116864020088
24.393350079560797
10.27419897587647
37.59160134904112
-7.6509135676469135
-21.19214940488204
-18.09996775726169
-7.627555503467591
3.853864025955789
3.3156766904686874
24.91178751268495
-8.240770621170594
2.523835216753882
-24.225416936217982
-1.0950536842265624
9.03018483867016
-17.395429734913943
8.880031082119906
17.66754390649726
-8.197744231464778
-6.733901413488133
17.881186736321126
3.6149053115824805
-5.343818091930407
-28.21402449116766
30.30648782580009
-18.504711213786
-5.846227138349473
16.958471875464955
-15.15083424473146
-7.9299181339482026
15.419115515698753
-0.4326810327200949
-1.035673254738912
-15.530732247151079
9.804896204696721
-20.51222139927635
36.08641232759503
-13.996963394866587
-9.381273001017169
-8.914783440053917
-12.099136129878591
2.277329123131039
6.828530541606774
12.215015181783805
-1.8045198180929714
-10.05783957987001
-11.677933658104811
-16.448617626658177
5.729023191548775
7.615650974917038
-10.306208809701523
-7.649443528299998
-0.52423094288676
-5.313446512758027
12.333693362404867
-1.2371133626746702
9.050808210447075
-4.670971537874466
4.068924932893935
4.954856396683513
-27.79421991651631
1.1829293530484115
5.324438847042989
-3.285042795613073
-39.44830158932189
3.6059376973635704
12.784855053138282
12.77964898116959
16.370367986554896
3.3329172859604217
-1.8424147377073856
-18.53844175219836
-7.339545918592508
-1.9246769989847978
-9.003484305237993
0.3531651713858767
-4.210645090505056
-15.828431957563332
-8.336395653511955
2.0420846905365297
5.378998508020985
-26.85625522856496
15.225972551597668
-13.658398334713526
0.8511476335328976
35.504001441589075
13.079818605077305
-3.1530207506960415
13.269305782996067
28.002838801105096
0.15327220394632962
9.466476096621957
2.2133656023311774
-0.8666875659088616
-1.3718475570845075
4.382221917688583
20.313322785284726
8.922687851963005
-8.003471429927885
2.9817118834751226
-3.687793611461071
-4.446499943706604
0.5390041558879624
-16.527698387674963
-24.3018235021059
3.4453383026521145
-0.8158919637698769
-31.056156673711772
-1.5547948940570155
12.320321132464272
-10.779166304917641
1.9344597555998957
-20.45978436534748
-2.1252861097923623
4.7709393926471035
-7.957951455964037
13.031567433257102
-6.354658506605589
-3.430259641095182
1.4971310961412838
4.58730259976894
-2.6222946490876553
18.81744645423642
-9.783768735828435
24.13524569063102
0.9526936959552038
-1.4356488426742147
1.5668885933266574
-12.50134212304501
0.5379456165537602
-22.415935975826276
3.6429875592116243
-6.852091885031925
16.683843227396906
-17.42518321233638
-3.6316348818439947
-0.010788788434458194
-26.36802425869308
-1.6481849806316702
-13.33989236110606
-14.001588714884488
14.185921635193376
8.218810689370027
2.2918730684237834
-0.4973296248801902
-27.82899884020584
-3.058442839616729
2.3193623072364082
-14.514329950301187
-0.7726396278410596
10.84792593720611
12.927712547165786
-0.6583101874477477
-6.7401960463900945
3.4675553686251916
-18.84224263903947
11.437251322712571
2.293269927546862
13.77480598840006
-2.201421244474576
-0.02054659744220456
-1.2132274158779714
-9.06076766355502
8.50180263266486
5.17635447345311
3.1133947643145437
2.602114890983176
-22.442949936157834
-24.103016499925026
-4.162087422579465
-10.03354686752128
3.193287104818204
-6.046766188140646
-5.797639730216502
14.983680510817416
-6.427919352074724
19.596323658317267
-5.135334866890835
-7.32890350685659
-2.9379583542475602
-20.79465179414375
7.3779603332883354
10.754162062311298
-15.862735813098244
-19.536688839840938
11.58657520820189
-9.599036406187127
-9.36988185358257
-18.574413040766743
15.007954742416159
-13.374001049779231
-20.607370315035247
0.012659303026127137
35.61434672693109
8.704351388088735
-16.09691211710102
8.689082249721862
7.301575767050377
-2.25200287611841
-23.91990860452003
2.9387712814348235
22.589733588366823
7.49587086714369
2.6371206210250357
-0.4528584148837713
6.574333369074622
2.0085651005158325
17.63584920105586
19.783648930387766
-5.545989197645444
-11.751177921135826
-2.186587810189931
23.39358444804225
3.067562915039033
14.44340217732384
16.112240980293688
-12.277066259555996
-6.197697904638489
-25.290246779613682
6.498215609568603
-7.48181685666882
17.327871219771392
-1.2790467425702843
-0.4570498586984151
20.3637240799306
26.283581608250667
3.541412096333031
5.5026604797817935
-13.879570482759636
-2.2287826273955167
-6.4104147062587495
28.15908892040304
-10.875079756930532
-17.2934283069569
-9.466898730646138
33.34649492564607
-8.604288489806773
-14.806474639342484
-4.099149441328412
-2.7807918715980877
9.599477582433522
-16.433667607551662
-7.7521850562933405
13.992775833823114
-36.08128020429311
19.990028581116547
12.106620348426476
-4.8100656000742985
-9.913293633782715
0.2102541022481622
16.51895104874671
17.065954748110038
15.707253439211055
3.8551054817573416
4.290330078209144
10.254084267159493
-3.5445741729058096
12.43854104833706
3.070802102066226
12.523091283905078
-4.950195682274162
10.485254309386987
17.62243805128653
0.9608323545984835
-6.581573998568063
-17.857642989371374
-5.898571706200053
-12.05737467828175
8.501304028482878
-29.516703207777
18.40449226486423
4.653406418950393
-19.014483768652983
2.9704048659012168
-26.526134834403294
-15.684909210980075
21.038306532399968
-0.46398854716718296
-6.738236003966572
-23.943886288178792
-8.994304882434731
6.8597950023599905
15.773354702336794
-2.3444751231580203
-7.47875135490211
-9.407798666913818
7.677921105098498
-10.715810202459844
5.845767650363233
9.012242049973127
-11.743840573973515
9.801564071937266
11.130230891204178
-3.5752497408699453
3.2192035351671655
-5.290708188840559
-4.582724797895178
6.323774184075769
-40.01591691694565
0.29048084488305786
-16.83642224708848
-57.31968880824001
-12.902912116486554
11.284006085437085
0.5651219364587654
31.231250563716056
-10.633530234185852
-8.868377462278888
-12.803487692650542
-8.92388480543352
-9.486120510995509
3.340353599125743
10.088093436399216
-5.168622822656932
-0.006764482565487946
22.12806315760243
12.756272967625348
-2.615905885907517
23.20121236664896
-8.18955779374728
3.531541199224617
10.638700456009182
-3.4175775599358738
-23.230174876478316
1.04291858500198
10.733573098325714
-19.718493172277498
-18.72092267347921
-15.103784452824813
-15.918016098935755
1.516943797052663
23.291382969235315
7.745491735276674
26.8733451885806
-11.556763971274636
7.864294481116025
-4.58796037555321
17.293525628721937
-29.10042777750654
25.6700894222841
-24.895265134978832
-10.801558894518148
-24.58637775698006
-2.8566043298752204
8.913603497705449
-14.568891646655693
22.699290841776403
-4.688245095198312
13.306805936799995
-2.575411407182045
-3.677318629046622
5.295217148416438
1.0334210177794483
-2.172683767900688
0.23266901746277666
-17.977280988082946
4.263748234035216
-11.26696705483904
-5.216660013153816
19.28913204088029
-6.9761962650651235
6.222823361350206
-2.8525580937141797
2.1500387123701477
-6.9939418481113504
23.136153109279643
15.510778983667013
-12.948029775642212
5.374272822861755
15.565790866645074
18.911136206138004
4.827569413557378
5.265782739646746
6.468999588411009
-14.71857058365306
1.141926958098333
0.003283814092701111
-6.849413262131334
33.876053334502615
5.980124455615507
-14.547970478958115
-1.8669448778435402
29.68660542952134
-0.7773973048054191
-4.3731352931792715
-20.768587520205738
-13.58579489796459
-5.977976643372109
12.388692165940938
-2.92234813067523
-16.688885310608377
2.7184147430684646
18.620902615270676
-3.5919779645573464
-0.24836993721215977
-4.154572812283701
-1.5541353352465834
6.049502153967786
-4.4893098159842255
-2.991730269773002
3.2966080192685014
1.6467409830278383
-13.889804217254259
-3.939607601338316
38.233307565554576
4.891378833643333
-9.343843177547635
7.8057696598205935
18.05277729110086
-12.285387193265425
-10.24691377727134
-3.762763681446515
12.633811435982325
3.8454114437382683
0.8326315838459197
6.1197687124146185
-5.279088080396504
-0.4199256696327359
-3.9825327755109603
3.1884714039848854
-22.87839269065648
3.265452935230195
18.6554984067405
5.807070819360596
2.9943019737945784
-13.431673147913692
-11.194205678305558
40.12837537973557
-28.547783146814428
-36.06824525837701
0.7246357570845975
-1.2654885498467976
-3.2848247756534557
-4.989977437528005
10.178687937532334
-2.364228911315086
19.597526735020523
-0.6480463159570571
-8.535281877398322
-14.301352918043351
-1.3482041856582463
11.006236548128602
-3.0443544829114804
4.4646529462573055
10.647492048623027
-4.810122500557817
1.5087922750393434
6.872228262015553
-27.31312487908359
22.938425723784203
5.309793750418493
8.60862035104826
7.12010379511957
-0.7538052848550041
-1.165246073438428
9.498280571052181
-13.084189177153204
1.231843127107364
-1.5051698974665795
-9.821951257311115
2.5948207515040296
-8.012703944206399
2.6022687169346104
56.075534265756644
6.402691062569399
-6.115257058034758
-4.717353350445928
22.1890062843504
-5.012390128036932
-7.591843729540873
-6.757678649536402
6.188793336052845
7.650283212924976
-15.490491480832906
22.24680446222376
-12.8225993685074
-1.6193454194144634
-10.941637620167834
-5.800782066526531
6.427456607725302
10.157513230602616
-17.609552428376134
-10.79958161931466
-7.447874808902887
10.746631462653133
-16.86891117800652
8.106701925562998
-9.32013212168323
-8.675551838206168
-5.563620482147559
-8.203753657069504
42.60502809844647
4.30255419995964
-11.366455146366137
3.5407358272651375
16.387994947694096
-4.162737930710384
-11.744360468798385
1.4313454620749089
14.452554071485771
-26.043073695157716
-11.01289570111513
3.8605817789811634
-16.050870248312155
3.089323202959531
-17.39640759815206
19.277147199873333
6.033785619566828
2.786065918890126
-12.81077760746343
7.109529857178349
2.106432799438413
3.3581583584699635
-7.821045089111615
6.504017957208847
-4.904813133982395
20.852564781948306
16.721687232354828
-16.334291027667668
9.122372544893107
-3.6344413456270823
17.925338826027446
-14.202090893324172
-22.21218200624647
13.704355900221298
-15.460640627582192
2.2103168647200326
-4.534726350294369
0.8409464005635352
35.230817929516824
8.805437999757034
2.8958074815973034
-4.97188063094919
7.297139472270634
19.869345985403832
13.177509447988529
10.300153779262747
7.528532556150533
2.818575403836356
-4.903339652815052
-10.157306437427513
8.007519926562418
14.480797443584631
4.846757083810392
8.472302291326615
-11.166688047070547
-1.983683826022876
-2.903059503294968
4.88472416007211
14.377560875137526
-25.339277782981846
-7.6732054192331685
22.950431520990833
14.343812503796613
-6.922712621661683
16.75459448126128
3.054104029126683
-2.2002885039947064
12.148266569062752
-2.851403384314875
11.437812230827955
2.5014459885055187
19.97729346562212
8.64333836547724
-22.274509112570716
10.38880782815897
-42.1149407908304
5.970004246367872
8.144554910255275
-17.743715448022627
-17.868078017940196
-4.182753785303038
9.550205684947374
2.3225257254162552
-6.678942537338806
6.992505243716319
20.181807457164112
30.553499021265594
-3.519972476289262
-8.864089213314571
3.9808053341549448
-8.168687513978648
-14.559001664392385
-23.980386344059113
6.917973365346728
9.109364310376852
-5.697633293409818
26.314955089222767
39.40352605997756
28.43834217451037
-31.69684814422066
20.31972916055107
5.021409775677226
-13.010268100377214
-27.03609839659717
13.369752786582037
-4.566224809395877
-2.2368228529629466
1.528720507998183
-20.93366127243112
-14.693954299668462
-1.4669930391240729
-15.20940633790773
2.179593826702109
1.1963147280657411
-20.477774718170128
8.924085680497864
10.72531603006624
7.440501364570569
-23.578244955266598
1.2745185524343714
-1.3610496869933495
-7.888093854185955
-24.64539938265459
8.98879421149777
-2.2201965132475765
-10.807873378664873
0.028976963734355227
-37.436410154094716
1.3401932124260252
4.641968790194064
20.789026213138616
-1.1547944981346274
0.9914947195114896
7.424869205078787
22.57801147905931
-8.855416219494803
14.472709807065256
-25.446853988098447
3.9012740957890224
10.36204732741691
-14.606721382137914
9.75945196052057
-23.252383187407354
-12.553651964909308
17.093817506521653
-35.77253993043627
-16.30308389671921
19.218959463034402
4.719992203146856
-6.685398506392374
10.44466169465836
-5.254082270634843
-18.93215789234522
-5.225676353672335
-6.914569913611493
2.936896814668696
7.440186873532668
19.43693524553846
12.858150323846306
-4.312235701304862
6.308041461149081
7.43359812692869
-26.976016584084192
19.067579691177553
-31.355493621836573
-21.626140253176573
-8.949033802171401
5.950989118104066
23.133138481366508
-5.634042596554963
-12.675713388396174
10.792825058588624
-1.9662117680297007
-13.936236179155106
4.782230687339003
-15.852305759601608
7.887300556212274
9.204633069784236
2.891154263969157
-14.64003394572303
22.57305819867042
-12.757937099740676
-29.743724321469404
14.568663042838025
-31.345957083658792
-13.952235185927822
3.8470899670122156
13.537703497980177
4.209148333922455
-3.8989946031605953
19.79341466903373
-6.1620073103891
20.68651108449832
-15.589446042381113
12.121522017769607
-0.5227640750068601
-15.570271189716667
-13.422203889173321
-27.154257189336082
-9.170384737031014
-24.96691428769928
-8.433255861365536
2.4653850520345046
10.871121405629811
-2.0245774119385542
-24.422073993069972
4.199426305977784
-7.348624855945577
13.515429763868529
7.689871112790942
5.683825480633176
-12.73373832144448
16.078642423833426
-3.4272579255103457
7.470029504219438
-14.228063878396663
-18.16692458979154
-14.64590721809015
-5.854905260914834
1.970931719973342
-36.356684626923844
17.70978314007225
-13.177006753456334
-1.7875042123816336
5.783390491502652
26.0908675657382
11.755910668394286
5.821815451064001
-18.382577714298893
9.441568480143868
6.11738892612254
-8.839237434567448
-7.1929731646734405
-9.031932403774828
2.0464810715145942
-7.201041819911019
-11.312818352611501
28.051436538640015
-8.92530295467478
16.28762442676805
19.819244051277817
15.584512103891644
-0.2311313308414727
-10.120642852912667
-3.3587298553973337
-12.185648059195946
0.44586063278725563
-3.641420041628969
48.44695687813948
11.366260116907787
-12.779865120077211
6.597607472818868
8.666031927645266
1.9852905790220563
-7.322950073057069
16.621789505316084
-5.759228033183783
-3.3474294084468537
8.833633035527955
-6.217464995967398
-0.257963517216473
10.393447577409498
10.276702298575913
-16.167657814257364
17.046796555215735
-4.28415679764743
-8.145878958575114
26.781508120307148
15.818095120844102
9.451812014591923
-13.86437601178775
22.57928629333128
-13.582075580023186
9.692211671562841
2.2994406861013976
15.484903538073265
-6.0192551266895205
-11.44815405763861
15.7363687222843
17.520134726157288
0.20802640535111588
10.581831241396905
19.2425295546713
-8.552235577438527
27.856666877478656
1.2025019989139487
-3.6694106995330222
7.849670056974622
-0.6235121317686969
-5.442537550536408
-9.527590363109423
-14.089933953324685
21.504361039667458
-6.938413170487745
-10.769788846231606
14.264214258550153
-10.6826619660406
8.750878572376314
-17.120109116005658
5.238139180767642
-23.065496762710627
27.298912390919746
10.294981192883885
7.576724428914171
6.213522573788276
-16.175984629943375
5.358712046548309
-12.030998269832477
12.773139797767191
-14.030425389198516
-6.419799328055316
2.2794146401283735
10.309893555921462
-6.162037099955401
-19.015103728398465
10.592190299096531
28.64723003113728
0.8401464954092948
9.32578797891835
6.763647994843263
-20.51569310134149
4.483783844085388
31.882023223378425
-16.30935640562271
-3.8894154292777166
19.874256251177176
-3.4873992680449133
6.730782506494259
-7.321093100517615
0.15794134467302096
-18.91440803454171
-2.254989960308105
-8.54606487949406
-5.064329188596473
-6.935001548279486
12.817251850168143
17.66636441722695
-17.003700718326588
4.582615123731188
14.342786681695245
-2.470243109889069
-10.720948398299065
-15.501914451065092
-4.2691481304806755
6.3237180553675705
18.68477683751459
-21.84589672934356
-3.470110415195739
-6.416230839584615
-4.919284774884702
-1.4293189215010482
16.922659370304263
-5.071940786916517
1.14564640860722
5.542740247337068
-9.669998270299164
18.602231818606125
7.941772200465379
-5.760317637958022
6.3861387795721445
3.470786211121104
13.335124640408095
5.39679364185881
0.59793014034682
-0.3697686749468185
17.87705245611761
-20.598244444968262
-18.394165030084555
18.79734809117838
2.692749951640975
-15.463753058663256
-2.9234793149976763
-20.78790067392765
-11.30915607482037
-22.264475046357436
-19.312510803923235
18.31674666968535
10.263978404832372
-18.044722069957935
-16.674781803254206
37.67415241915827
6.486299804868911
-7.609653805132438
-3.562176366245138
5.362803207686028
5.3893389096042705
8.703485426455575
23.066225827193204
10.895722337775824
8.922369872087131
13.543440246429945
-9.669259216070863
-3.700446292992817
13.853785309298742
-21.86273581387857
-5.9378259435186
22.94687634551434
-5.080135428731309
7.8971646407278735
10.718770232117919
-24.655773761736956
-18.442052684081208
-17.823179234101772
-8.784860401648071
5.232053085491737
-21.727332624267206
-7.583890541048196
5.78364266598915
11.058510105326231
-1.020325155167309
3.959814559053759
-5.14277552203143
-1.964911891086018
-7.346183947632249
1.1610477642061847
16.267600729000822
-5.723059074444289
-10.12812649766568
3.7856004370925915
11.586996019249476
12.391979792651188
23.846729457394108
4.317191846227673
-1.1476210132688864
-33.43746172658866
28.43334631614806
12.588843183561355
11.379162012529937
-5.471336874142087
-12.339818853515945
-14.629575670261742
13.194280132890164
-11.274840136455536
13.442416086906704
36.41681614730297
22.068238439587088
13.378575326994417
2.100753613031864
-17.342465794802987
