%%MatrixMarket matrix array real general
1000 1
-0.23790622155291724
-0.5532127404891813
0.5604731048348424
0.6928920050256551
1.0087980257960412
1.151993536588478
-0.213100439896033
0.639600675022959
1.795539534018659
1.309614557737804
-2.6155041189221873
-0.5740851387410622
-0.476083812996141
-0.34798903853388985
1.0036218514821995
0.09426523528820754
-1.1209789743036715
0.9652749941293822
-0.35381733535724125
-1.2057129875614496
-1.5934199194161418
0.8695949138253811
-0.9079345688067085
2.7177689302100094
-0.6395120338911708
-0.9718446800546972
-0.48769665309859167
0.17927289705511995
-0.18995834860572453
0.8080211999964476
0.30503437525040067
0.12415382989789789
1.8674661518162787
-0.35174491489364956
0.1343334367324932
0.23591314421264456
0.2706281955407408
-0.2619163506410871
-1.1787059450702926
-0.6313157227747245
-0.47294249256025456
0.9174383623951701
0.3259512842176111
0.16579693749486424
-0.8821745306198037
0.6965954147391052
-0.23204155997694856
-2.3135246207170095
-0.7125043836183481
-0.5016622084104576
-0.388946461672253
-0.2099491597503169
-0.8665870011058597
0.23992368501761394
0.5552561383303828
1.2187252856741193
-1.4119764519635527
0.02891912025395736
-0.22333598316205586
0.006715159863696224
1.6675584630473617
0.7190036216281286
1.0356250311160444
0.10037892766374709
-0.8792438283315431
-1.594150487081144
1.4429274394121525
-0.6816534670916022
0.2458291946102709
1.6926994377534166
1.3172774897799455
0.5783866983858506
2.0881990971802535
-0.7509714762083735
-1.347390242654156
-1.1927937501837689
-0.5628389099904071
0.3901913397267446
0.224938719175007
2.0782097881314563
-0.5845279531486587
0.36297190658925194
-1.698594308142384
-0.15886430826486247
0.7849933998842811
-1.1791064268969307
0.5664536816370573
1.0919977931965257
-0.5578591564138854
-0.7090407350531446
1.0572877785174049
0.4696080010977687
-0.8727158913177037
-2.2084447083903385
2.6404077982031637
-1.6388325466742057
-0.15536777308865202
1.2624869242009173
-1.0923385817841267
-0.5218903191678679
1.4585370901173889
-0.01669613790878113
0.1832326541719048
-0.8530334036888454
0.3590870401722529
-1.6066874390689772
1.9891715600539417
-0.870805965139599
-0.8491975021327819
-0.7029196255780649
-1.1166862215303988
0.2966351852093443
0.4621720953598688
1.077730425406521
-0.04243693836232921
-0.883237891589453
-0.3102861566723243
-1.252921093661756
0.6361497858851185
0.22201237962968454
-0.452285840395358
-0.6202200341391401
0.06466754946121177
-0.1778978660543424
0.8433191726015958
-0.06519206675319161
0.5924351658588737
-0.4617068973656996
0.03985338359879724
0.4239503934314349
-2.017589648225502
0.25085384123628085
0.22961920028008545
-0.24195876303689662
-2.566031739026472
0.21456607784517437
0.7225440863945867
1.137203261651425
1.2707843204010572
0.23120756482812624
-0.45866489040027514
-1.3249834169946437
-0.6488056067529693
0.07908584819468702
-0.5198780141257732
-0.04356031635085931
0.030628094149220436
-1.0425114127721773
-0.5068868544464206
0.08046782075294036
0.28684294193722837
-1.849544985453449
1.117193053936832
-0.9733830253008495
0.27225068377670725
2.25382649754073
0.8430893238958072
-0.38718586868541194
1.1176691160541405
1.489824238621479
-0.18217223118491316
0.8980722062017549
0.40634388359103923
-0.05422439887998871
-0.11023343488190991
0.6018335981489934
0.9503661728320077
0.5156757381468282
-0.49772716278304663
0.4715395967329322
-0.2852769896242937
-0.5800404972309103
0.17631339415658953
-0.901009546673005
-1.2573849774224473
0.21106801552627238
-0.15307014056426452
-1.7987370862627323
-0.05832103870411397
1.064926129760263
-0.6670133959468943
-0.3015116439880212
-1.7165663182121704
-0.3856986365508195
0.2827397762280951
-0.4056391783323243
0.9394685617262206
-0.5256545837195722
0.11046539972594319
0.19332102971339596
0.2724272082651287
-0.4430777969295474
1.435299535777643
-1.0001552803543605
1.5924568025791435
-0.003915286117671932
-0.1051157332591257
0.2381973155987732
-0.7041036166539079
0.2198901807034023
-1.215089698686848
0.4976421590661454
-0.5053079372167857
0.979289986795067
-1.4171326916195714
-0.26799744019802085
-0.05312925996544406
-1.998345797737585
-0.13907945040003866
-0.890433307837613
-1.3388639266661395
1.392788576870553
0.2696098111204477
-0.1504065231703332
-0.21560649973328094
-1.7741090534465658
-0.2281512392163476
0.10259147482782086
-1.2306446250228553
-0.1394371070612348
0.5435937109459013
0.7061668103984486
-0.17516232441277885
-0.7872490751259874
0.003849501643914101
-1.4622998747530127
0.829805937913684
0.3056854215096868
0.9580528555558965
-0.02127259015432418
-0.25839087863239973
0.12223324585981626
-0.7090436969368751
0.5039358809652692
0.38353762760492327
0.38653582378272333
0.45167715069533143
-1.4979413950150424
-2.020071389192079
-0.447809658218285
-0.8663269339655668
-0.0974121174023585
-0.43025643761811416
-0.21135224785241832
1.2490728789491354
-0.6151656865071753
1.5104885448805971
-0.1748016254069055
-0.1315348389124737
-0.19504080368529936
-1.8156333852718
0.4044835912622714
0.7596394543398498
-0.7487364389569854
-1.5173648964770605
0.7373365419841488
-0.7381509508998428
-0.6897489321590954
-1.3981869225905181
1.00252835195809
-1.1071275907973905
-1.9456638956726455
-0.1390566181039759
1.8271217184832114
0.6395883144175699
-1.7035059796094345
0.7289226292934995
0.24989932550317037
0.1409573265246209
-1.7221413139952946
0.3504989660105208
1.6752071825414085
0.5706058767445323
0.04907821677263112
-0.14702866520103158
0.5052640333540515
0.11908151458558675
1.2552885282657757
1.4736961910092718
-0.2880572268043605
-0.7678487199599624
-0.3475777856222829
1.674175345110774
0.13947303133755934
0.9350254519481217
0.9949334225360299
-0.8546596502969916
-0.21861423323298013
-1.6350528075682293
0.7537250410089548
-0.42438007929350663
1.2645543560369343
-0.22812648183845222
-0.1725454952403647
1.1884995502192954
2.2315119961343424
0.3973611526529979
0.4515501748242644
-0.5564728869494432
0.024907839400940573
-0.5789878177175467
1.41901477750673
-0.46252488731520247
-1.5677043900220162
-0.9321114258733577
1.9643307491051822
-0.39236922662930174
-1.2093647496599211
-0.13017206129084705
-0.15348608310123002
0.6607788935787929
-1.0522940982238072
-0.7134309980532901
1.2655792356039854
-3.1202191202416745
1.3347470971997828
0.9719874560334262
-0.027842567402140375
-0.4678467942720751
0.009971661272371993
0.9160024059218587
1.4433543473393302
1.8629630023764776
0.029151702841569704
-0.06665868791321441
0.491369914920064
-0.23441435132847593
1.0054486787432184
0.6099160401639413
0.7001884993522792
-0.23098710880940418
0.8448922364165408
1.5716818159455797
0.21238033462634467
-0.30667802807701405
-1.150971292345025
-0.1378014503414243
-0.8248956526471233
0.9058836974641157
-1.746649157328555
1.314237062883892
0.4495075331411713
-1.4612732434975475
0.38099798285227227
-1.5695237538510742
-1.0329070042556248
1.5258526553691552
0.13884131953332265
-0.6413485953260761
-1.6017991286101991
-0.6690340464383179
0.6988018889262683
1.43862010296747
0.04498241992017482
-0.4467422520824348
-0.8477668042980395
0.3644732070190668
-0.7388979261555239
0.24859480626942518
1.051706233397356
-1.0547037337415313
0.7217875187549955
0.9896159390861133
0.009076842949449292
0.2772477962039186
-0.40337199665103485
-0.26329749490714693
0.30856036109414353
-2.6060187179283543
-0.06489184683276204
-1.3518612716465666
-3.501343071439479
-0.9792002212035725
0.6921119784301532
0.06261663018903874
1.7953989005455897
-0.98125189799165
-0.9997882554474865
-0.5596396055369119
-0.8020652457873614
-0.4922698400918646
0.28360008681604065
1.130804104278804
-0.28905122044506404
0.18982804488868704
1.4225173304723027
0.5936814819091089
-0.3029641621399727
1.423530670940776
-0.25200948723329747
0.6454112837855569
0.3856674300491687
0.08811709982699009
-1.5988041487787508
0.22540385534587234
0.813114149417142
-0.9953283311650473
-1.6357752295790395
-0.5835901583505498
-1.4229533302567323
-0.17316364083794952
1.575828250890853
0.4593199718832838
1.3549739570356623
-1.394986600048363
0.6355547405081156
-0.4219533999722902
1.071252855017212
-2.046328614725111
1.5558567179082452
-1.9956037556401787
-0.8940099892416545
-1.8004797223257485
-0.4066044259662379
0.6540003589832812
-1.3161936677414388
1.7128888465797503
-0.33678805137816714
0.8725341150307435
-0.38402317002812447
-0.40456115688357486
0.41080326668840395
0.3335923438203635
-0.11031422131168422
-0.02182080285555508
-1.3159739502226548
0.22102165007625965
-0.6240928859819815
-0.5290123478505047
1.6783426413989695
-0.523076038979074
0.6383895085089897
-0.4083860446708262
0.3074403156017318
-0.6188142108435185
1.5401462835799742
1.0775407524782372
-1.0855780734405707
0.5864602541484717
0.7600920782973197
1.0563525576374193
0.508204162408241
0.2540195334964179
0.5998900348205305
-0.7981377912289707
0.3585987312243859
-0.03774215461061366
-0.570974633442832
2.1277906668104265
0.07331722606869863
-0.9776948649892365
-0.07281316375303737
2.2038242334928184
-0.0005769268817304926
-0.22002716235321002
-1.1528509573846035
-1.1653757374386389
-0.3982362414213543
1.0391874828182024
-0.6125712244143581
-1.1696816708909237
0.14868390745125798
1.2205324451584751
-0.16779326410920214
-0.11196068779284633
-0.5828749519694119
0.043570917658693864
0.07581945843277026
-0.29443079937534533
-0.33797461218105995
0.2823721347761923
-0.19675285370335757
-1.2604943457827158
-0.23162634148949257
2.910178244403115
0.4719323215088497
-0.49118290540562404
0.6814974129907307
0.9660709273553688
-1.0635701097950767
-0.30098942803778606
-0.21034117573901864
0.8553385136877962
0.3905127405939638
0.4204098534418873
0.09064206253606094
-0.18067814593946946
0.2615695659028783
-0.03676555919010459
0.3307210662954252
-2.0244440365501535
0.44110504076944346
0.9475151577913834
0.5913490322885883
0.4306936499257069
-0.7436623294628528
-0.7602212856159336
2.720799295921186
-1.4997106990653004
-2.4342781289734474
0.2109411730340576
0.13556015590190307
-0.183703322470526
-0.6027542877855903
0.7541077591456721
-0.3452318118051164
1.1658508235292058
0.33101509053112976
-0.8799013304395734
-1.1529552065146207
-0.25302508665213
0.6890406253457219
-0.14969885441051684
0.3905939610586622
0.4407234163131578
-0.22790342811685066
0.15861818966472452
0.4625771885435297
-1.666571438411377
1.8283521991741378
0.6341115702709121
0.5971003753042935
0.48357991812323586
-0.3275515374205058
-0.30024742494226186
0.6587142910669547
-0.8913512653510502
0.08542418297667556
0.011444301879988864
-0.3016708901226248
-0.16370743181985065
-0.44803566305306264
-0.09038580750508893
3.5326342110049493
0.3482094634236039
-0.4991458078138432
-0.10020711840232069
1.712799333811915
0.05117100530490075
-0.7989167307591409
-0.5010045503709236
0.5376267458677317
0.5197935191160259
-1.4698224211060709
1.7834180898834062
-0.8504497529527316
-0.26504234780939195
-1.0381450304333089
-0.2011365956648343
0.5406997843657557
0.6072858227381285
-1.4182267014966141
-0.6180568378803525
-0.520864580352445
0.4424659406805038
-1.058651080116166
0.3871912652734041
-0.7100884160868106
-0.7459711078588167
-0.3834259668013307
-0.7938912304484459
3.007914726080042
0.012018294817458287
-0.49251704830165477
-0.06145873023014936
1.2433677241039442
-0.27679024580967226
-0.40519327387676674
0.3253207046952846
0.9452733094637958
-1.8508068501765629
-0.7646031048956358
0.37468596783297425
-1.084732210845382
0.47624899991661274
-1.0756211751410485
1.1428268016930117
0.4692925277276129
0.2841971443791034
-1.0773828712486293
0.28627206078513034
-0.03656185055073273
-0.06289732273609847
-0.40679950841125945
0.5436056767651549
-0.04386514647579771
1.5870508884440309
0.8933433525473637
-1.249998173019593
0.8248389431638521
-0.1755831505039931
1.3061289656098596
-1.1396022462281543
-0.97048426306688
1.390618964032907
-0.9766535167243215
0.011936506634132253
-0.2999134994194661
-0.0288601074829666
2.009086834469523
0.3603808899784213
0.4005524219198966
-0.46624406898631454
0.9446828121802003
1.3677410236372358
0.951056307464003
0.3642818689244607
0.705861783905507
0.019949083662720635
-0.36089634213911426
-0.5766402117314757
0.3433467580603282
1.1386189447556818
0.12879163230253474
0.5426594258036932
-0.8489679798613458
-0.11869002860313671
-0.19774793086783965
0.20363491101653067
1.3348667198453088
-2.023298221411963
-0.6907038392935112
1.3324113230044612
1.2607017483396794
-0.8633439326384861
1.137222812140065
0.19731207087312494
0.09354467278677508
1.1830508240273907
-0.28809548628221976
1.0591579853139819
0.20853943572338413
1.120149535567755
0.5290803203641241
-1.6532818140736063
0.2577821212847424
-2.5815989319775214
0.534745956961381
0.4564103615750741
-1.0120267683647945
-1.408141243646914
-0.3967382491046413
0.7584539056606354
-0.24044824843838533
-0.789058201567574
0.41791354028373684
1.6789895750582025
2.131015716878907
-0.24201100385237412
-1.178992438420801
-0.11009245114535533
-0.6038094521102676
-1.1992300374145433
-1.4368294794530156
0.0293785156033661
0.7038292562284355
-0.7556861975920109
2.0511882681282665
2.9189735847900407
1.5733329053713991
-2.2100907573829955
1.5425610960618465
0.19686705689208053
-0.6740167038778301
-1.5369918700823408
1.5896704938380375
-0.5871531499699078
-0.41057478534582725
-0.06528757907055524
-1.367464795185705
-1.286597950690368
0.0815380534574418
-1.0588503800308262
0.3354802029413896
0.19087920398337385
-1.689447921217885
0.47822807673932
0.9113437799393463
0.5239293696806644
-1.8916450318516733
-0.0015664841934643972
-0.3897901210265885
-0.6871722484369588
-1.7604886126491497
0.5816412956536049
0.2618384058862163
-0.8932599168699792
-0.22116372204011805
-1.8114868630772383
0.2241731312792917
0.41415045003944595
1.2654830866545754
0.16034089430331497
-0.19925300999789705
0.4454688461116534
1.2484576101925466
-0.5984784269286421
0.8711303234979993
-1.2967793124661107
-0.06802951469434179
0.49352546922952945
-1.0108592500907239
0.7337314270758556
-1.898845226470092
-0.5810006273705356
1.407502372691216
-1.82830026949187
-1.0812198614438664
1.0452507360618855
0.11742007271835897
-0.6142792948262225
0.8102217640530439
-0.5064071543165678
-1.3779612435855588
-0.341949093218593
-0.29147521318485714
0.17663112375951315
0.520475883656736
1.8015970973817552
1.2440260202636002
-0.15122557379088913
0.40465844729805056
0.955816333120372
-1.8875840555830465
1.521475697611462
-2.2515346880032103
-1.5677335715679077
-0.6480835167045756
0.5016064650693864
1.607244972450844
-0.426062850188355
-0.9025258896615106
0.8323030579453375
-0.0007611972426145655
-1.103992321632881
0.6798280024460494
-1.0565849693140015
0.47028544106608927
0.92925947126742
0.21261464506304703
-1.3886000219440697
1.3253378551378936
-1.0602926816429705
-1.579401752025931
0.932768787122489
-2.283251759636759
-1.0019945003298851
0.2696496987977235
0.8628069667297814
0.2903006356298967
-0.2502371143129975
1.4400682811626762
0.011399111291982698
2.046318526665151
-1.1801683389014468
1.2439251277625651
-0.07404804033166094
-1.2756609908112162
-1.065623838737742
-1.60674034253753
-0.34751249637558024
-1.462709404069969
-0.34266736332726266
0.13161787409821196
0.36308967882511456
-0.3768352639786148
-1.3279517545430708
0.26623742091949165
-0.24268263816709942
0.8161945116454355
0.37894465516832276
0.35029549588332676
-0.8330150437390326
1.323765597217266
-0.23027480062968447
0.5050517860091824
-1.1067141466288133
-0.9588052190765843
-1.0367271586664832
-0.20968747936445062
0.5991245830679951
-2.5838418067319595
1.1968535514595282
-0.6833810562241581
-0.48741596860080316
0.15912155533116545
1.990575852672439
0.5911905083119937
0.860038087523416
-1.444651286009251
1.2012386640618267
0.5920020909922471
-0.9046327273779332
-0.6515267673061287
-0.60441590801982
0.11464554205974148
-0.76910162255662
-0.9229977758035784
1.439038744835194
-0.3950443249032589
0.8760738477539837
1.7060985518975806
0.8128096937966955
-0.2648447924700522
-0.6336475370706289
-0.18623069999268227
-0.7908277225303283
0.17278779695505495
-0.08233830697640188
2.875054304742194
0.6954271000622758
-1.0043617093951651
0.6874737340654037
0.5176266385288045
-0.01988756858395003
-0.47853483855642465
1.0630924280570673
-0.21000350265770643
-0.20980184816843972
0.8132197286556054
-0.3142966116042484
-0.13110687157585932
0.47108258893133304
0.48119595919279035
-1.3785866911066254
0.798276547572669
-0.5017085072631694
-0.3540375112588986
1.904789663482695
0.9439076366745127
0.7518310374835018
-0.9962603656290191
1.5003180603659614
-0.8156865397903876
1.0983544479740768
0.18116758150064652
0.647435772816531
-0.20920256225075265
-0.7572158548687052
1.0941913925994278
1.6656576752140573
0.18037476985223372
0.5325602200444867
1.7822404492584478
-0.6196391724385223
1.447672735094755
-0.21319457417315457
-0.2917166631046991
0.5923341630758321
-0.3354549241548864
-0.5058009372118593
-0.6020643093007991
-0.8874749626509021
1.5513065780615538
-0.6302667800276188
-0.6853219066781971
0.951026495775806
-0.6358800673259715
0.9463987079189286
-1.1812839222848346
0.36669292572564893
-2.0415728850708876
2.127070702500359
0.8209252950070609
0.6309299012470378
0.6428267772024165
-1.2121094759406945
0.42043540792666256
-1.078581178617984
1.097493089668941
-1.1622638449628817
-0.23263365597948804
0.3151007741602745
0.5566147334003209
-0.46324511892154674
-1.3821674803418433
0.8042827530968196
2.3077077185616104
-0.04220965171582651
-0.006722808859744175
0.41072887055222906
-1.5490688626366163
0.3142879456528185
1.6909416736075567
-0.8834890378569161
-0.731968253003735
1.0561653234313397
-0.3256433574572585
0.40007231619673866
-0.5908838100773718
-0.19395851441855302
-1.2377098419480503
-0.14483126027735693
-0.5015282381512042
-1.1043902655837934
-0.1721657942155388
0.6077091408440914
1.228018434298536
-0.8845068991736005
0.3640124040905247
1.218072921964218
-0.17836343799047705
-0.6055724804185709
-1.0056436453517932
-0.3377949951299173
0.3186729839584742
1.4398595807249894
-1.2304947711135403
-0.2534958280926255
-0.18620105099809817
-0.1534697584931888
-0.48160861132163457
1.2968952212036335
-0.5572521864325827
0.02039202705725837
0.6947410256007029
-0.8088889683346083
1.3630646164372042
0.7023107098464915
-0.5857768688064778
0.41078569648645735
0.16352843505280554
0.5238081386932975
0.6976991895138812
0.161542093123984
0.0539218590309688
1.1061782141952
-1.4287296211894356
-1.6332992693118282
1.2504928850662047
-0.11460312798724415
-1.2180231982176886
-0.09291850240085528
-1.3946127228502887
-0.4194951063126562
-1.158724983295081
-1.3371334672307404
0.9789786007699984
0.6972747647464682
-1.5635270698789983
-1.2169209359459385
2.8894874601935054
0.24858192717739117
-0.6078024542180405
-0.5761094394966845
0.14712330014380468
0.2965025805214584
0.5875112161796151
1.8552832764102591
0.7698600502908333
0.7066905202934812
1.1889078808292322
-0.7898130318682385
-0.0638366209773525
0.9072351328756425
-1.2518102903589403
-0.5180411731472162
2.0602699732319087
-0.1486640059927612
0.7643009466212399
0.9727593818090233
-1.6593434862208307
-1.209925660443569
-1.3335755863558132
-0.7587435724152113
0.5587095432221034
-1.7307617118819405
-0.6124618877569669
0.22277652906568055
1.2360774633348666
0.21329624297890412
0.35224668574508244
-0.23848452982228055
-0.18513394857993715
0.004288531606621515
0.17109007839744514
0.951134505166628
-0.2954896121091589
-0.6912126049053885
0.3419174578872829
0.5917170246268915
1.026121537359074
1.67810908302228
0.4885761875798994
-0.28795747312756353
-1.840623372653839
2.0350266885435273
0.9343022960753193
0.8627455518237561
-0.457503241175508
-0.7470287975271986
-1.0911063394398368
1.449653947811805
-0.8191236880340695
1.0194285462461017
1.9460131620134784
1.1823797159979086
1.073286047186499
0.40884901920278127
-1.4287755671288889
