%%MatrixMarket matrix array real general
1000 1
-763.8211171396438
-556.0803386338258
-121.91764169214206
-131.3945807315673
13.349359159157371
-25.545331153077665
281.74465723117714
161.37458716881457
-27.982382706860555
-218.7721551479726
-60.981269317427255
152.70991363844954
-32.98433545464077
-43.5556470138736
147.43894528175778
21.307769517350216
124.14287748208773
489.5700490753945
-55.32767383745135
-22.763388029240545
211.21206968413588
144.32117978852847
17.98489327910929
180.3894354230537
-236.4004306234456
-215.39884426797454
-276.7677700770823
-78.0961098852958
-593.931470419033
230.44213030894494
-155.2817462746624
86.74674721410597
-22.390787450305893
-564.5567860482926
300.24694952627954
129.26315136397184
-107.01863395870777
-48.25846330936395
221.62395318764936
390.0103210717147
354.72822056743644
-408.66652056162934
231.32796678640696
504.87343981501766
-256.60814691660966
-56.86267638045012
177.37992849144288
40.425598089252276
62.76484747570589
44.628334285574276
473.0027098952393
169.3473516483734
41.77562689893093
98.34332408138512
73.1667914307681
57.19486924043941
-33.37784548400385
24.429964707236216
-153.99505256432698
-192.69948256645878
177.24048410171844
180.9785742044742
507.2551132138042
418.52752722890756
-411.6592685814984
-439.7788144540056
-233.73944297523818
64.03032681483816
103.3769649798934
-516.2371156096872
142.82356497025302
338.8135954092827
-107.87020173845117
348.750662279254
-130.30787430252644
-147.2825136672474
-113.10489766439434
-325.30183861991765
85.09400352457169
363.0546194521911
615.5350867749596
-158.63569137808625
75.66537007807888
-54.274782512411456
-291.46087865063123
-216.79527760081785
400.27271106586517
695.5412608113493
542.9887558169826
-2.26295807630688
-487.0232619884515
-51.4250786020448
-257.5445388615154
-131.79453802252812
-115.27088697155007
-123.0240295977627
-325.7827762898647
-102.18493255139293
-291.8369201976044
-268.94452877189457
-337.34746054113793
-41.93485347031895
287.8293040206022
366.8749526930403
-200.82697700392134
-144.48887081027442
208.94767405398454
120.5366055352179
2.153019715756368
-184.5445919680003
361.08513572369503
242.58092310114154
-198.0579983596517
-245.8693358461187
-49.25311197385598
3.801271268302406
-452.98470896662843
-533.9654483462018
-59.108230761524894
637.4783513273355
-126.01389309102132
119.75268613657786
-68.21758154374325
-139.36332927186297
-331.038623044186
-6.033950216888204
72.73992358479666
312.433360511996
141.2678001056991
269.1943005122218
-100.57888061951407
-259.44993482691507
100.50621619348578
674.06257479029
-437.606784250638
35.121523076806994
-71.02546078381152
-285.5824323326333
111.53014017134704
-340.3618569191732
662.9088490634674
-149.4223257335218
-203.22691435540264
425.1303688995445
89.150599392487
-107.5704353987391
-85.53829675974588
418.5535225920992
220.249735393113
-32.1399750908298
286.9840588379789
-279.4152108981036
-268.94546185984973
-470.1259514211322
-559.087922129095
339.2880410046286
-49.72963132009305
-373.11833718919326
114.72573189193446
84.50036500778516
111.23644261655649
271.9001846716004
266.72897620978983
397.98499514158186
-212.70693172924757
394.04357948570714
140.73846577915353
-71.97028342261586
-104.0160265409434
-88.23338451121599
-533.296299738414
159.7989355051379
400.3829179446991
-309.1392602603814
191.53774801859066
-218.61432658017404
-573.998166040523
-45.374278622484226
-417.0310792634284
37.14256527255795
62.87333251811425
119.57685270331096
267.191872527425
-63.22576300773681
229.31015324887738
27.23626133977242
123.18527746355667
-243.07445476386437
-225.153878178397
273.37683421797436
208.68357389212366
-61.61343266152297
-279.0489883302967
-102.30880374337937
-142.45056120555998
93.15544438771225
-42.39782900834415
49.65197695747424
-551.632214978044
212.82615158916968
-498.75723321142584
85.56433296928611
204.35344828341545
322.9277221181632
6.741724880970185
202.97931571920748
-279.77970985400367
-279.09861239256713
246.80144953742888
-168.75529466506148
-105.27707617296929
-186.0890307063278
-24.483907864687932
304.89947933467425
231.79016951204144
26.551243600415948
-321.9717608165249
55.57795988787932
11.556986739761257
-31.57240681813582
-256.3757875533169
-73.49534104427049
-207.33165712487903
-504.17301810339444
65.71767730182385
25.705891013180423
436.24525773533196
197.8042815837365
-314.7011014551415
-54.87626546750029
-348.25384293519534
202.60375747164036
169.2472846110937
-71.31403444303173
-284.2012053286123
28.0152168550954
123.0046840921992
218.91314379296443
379.15160273357765
158.73360998360803
144.77573258499459
-111.26183578532206
-65.79190231459548
95.59077495929512
442.2014861477554
180.70839359591798
333.06754998610234
45.218454763903964
124.1838854187611
-167.5658727862036
-384.96373672590835
-328.3702996719447
23.621888982998566
-303.4608227382285
167.64947493260843
-584.6345679191531
-90.84811050831838
-332.4958852458927
145.48100887001743
-279.36738127727597
42.415456991458356
245.55138442054022
113.05863479862803
-696.3733182344234
-489.0240346547839
-15.356824602759403
224.1537023788236
360.38827223266503
-69.38202661730247
-364.33347888556
-54.92225895524518
66.89652698593763
-416.1497954014824
-278.1873777549426
-117.14479721257548
378.02984013892143
85.3908833948903
-166.81945231235733
-49.750797370544355
-194.42213409973073
246.1672173782778
281.84304716832395
210.53450072946032
-133.33809398673847
-45.37827621798036
276.30107968689606
-286.58415512056393
-477.1335952016396
-256.64551025969513
196.59186109605784
366.8093452317467
380.3894637216916
217.8716543975446
-149.56122033658968
161.4455133066073
222.4925814713488
20.450771955538283
-335.99297026117296
-128.04190360693076
574.9518336652737
-9.544489669051261
135.00133668294347
49.73321826480236
19.76114569659913
-64.66933388245974
-126.76753699612361
169.82769193056657
-230.14702956184308
-83.90729581572465
290.58146914061933
160.10560316557374
-228.01700945990615
-376.6131199216629
257.4146948709455
-52.01464448989114
205.11282375771472
-154.98264033656523
21.127070364726944
249.26245217992903
-124.16675827134345
-316.1703573007325
363.8823320312365
207.68035605825054
139.53521775911506
32.07823751901751
-115.3443775308259
373.6442648001618
-584.5862265218319
-116.17124461213778
-369.8782641864467
-186.25759364933586
-639.808822241313
-142.92984489791198
257.9860392013049
-176.4842722762704
56.20401008353172
313.0060101211051
95.95035743946681
-369.35397621726565
-431.156955720446
196.48213415262
258.4596791237361
-177.66252434387465
135.7908153265115
-40.2388608116498
416.46539824911736
176.64718579793552
-314.6254465389489
-23.27792182882513
293.4940127052481
-129.181494197129
106.27536471605879
-234.5004187972118
-52.94870149860227
-199.09675209440624
-36.63223305484137
347.22957128122135
-184.84832514925102
-592.3422398126722
163.10037557843148
-249.2985813179766
-188.8156419933481
-170.22763407332786
-437.7630307564727
-160.8527118567731
-210.94106000749505
165.19308853347061
236.44171930457455
-219.19166391282926
-191.08158351111868
87.87924590791775
-405.5953054368437
339.44918245635535
-219.95570516962383
-160.54633664946184
606.3345661118077
180.14373714086335
113.93004763497812
13.119697739284918
31.53237386407697
9.152045310759584
59.14089544867644
112.69511336375295
-339.93746848269177
-198.1522658352417
-51.33538844154838
6.992377642871555
46.253112299235525
-192.09288746675261
310.77523389278304
-27.99643882480841
-189.0753057285494
0.2533137552765989
-110.73812006285627
190.18124790495784
-775.1539343020261
16.901646650013056
392.3112865277387
124.6404031308161
163.435096577428
405.9941524789817
-63.753735936292706
223.8575444608917
-235.30861873434853
224.28538227212897
321.9568346852882
61.903031471561995
563.1840825942629
441.9698100896186
-165.56251181076829
166.7816016779198
24.141760398855013
475.9372109304046
81.76680722509943
283.990801443582
14.759703267730673
-287.81658014388125
-40.3325671211446
-153.2826574270295
36.944794155473005
-260.6026553023867
437.50357375550936
291.7757802285508
20.69243930112142
56.66278578345696
-15.529995384618577
107.60156823848959
99.26717415517352
48.652354387018974
386.7953209171341
-199.5927314871255
-174.78180244458812
103.12731127254084
-121.23690904299413
-138.4653247592519
-18.54613414483824
395.0288469734412
-375.64698499891114
273.49164026983004
40.602542958288275
-63.611390417382324
341.77002388825025
304.9054105165411
-210.54774442734617
-222.19609688983275
-68.90061103028674
149.1556846662048
-154.9987244092026
-431.06851760869324
227.5731439127964
-568.2534521908317
266.6101836252698
124.76631113750157
-8.27012013384593
-135.2007853835783
155.14374536312044
291.13178941017713
63.97787591968226
-315.07432492565675
44.56243161482323
506.9945305118015
-330.6649391859269
-350.69475760367834
-97.74272372821035
35.85291294869444
-340.3668467914688
225.06625593047946
-701.4473964856163
-196.31325629776524
-368.0243475624098
61.27466730513663
-816.2703222889412
457.3685343992252
-77.44636987462064
-23.873730035913976
-379.5058939578272
225.3784768272089
228.2433466219195
-250.42628445547967
-244.70133176945674
241.68591644326486
340.9302275651773
-10.997925823153468
71.45484998890814
-23.47758970332278
68.81014924111926
186.9832156270163
-187.93768525308417
164.13358614576427
-199.57881532902692
-42.31366298777392
509.23923951343374
-140.5711458027094
44.89590140610409
3.386225853412196
70.07299416355796
169.06853574961525
-134.40270061009147
139.57163343401652
366.51653787508275
-179.13351480869397
-596.5983084457513
230.01957960043015
-21.270028973301923
-294.16928948308015
248.7166994226153
-190.50624136550664
131.15105557515054
366.6594913368006
161.48844669842885
441.22955348584725
-410.00463040449904
36.12094182999298
-49.3423952237143
-59.554257906939064
38.30110422089622
-237.60134706185477
-114.83077974872184
46.915460622450894
62.75455279671248
304.5065814288699
216.46279554228624
-327.3943787539092
163.1549030369634
-434.12585654497104
63.71691071027338
463.7398683711777
-416.0456509958718
-74.37759927965708
85.88123320315069
-409.13517128160623
108.70232546391642
22.092131666151293
158.13231521256927
-108.72169693192596
-87.64178507806288
-472.18507653178335
302.0641851399537
391.7209937484757
608.0144222468839
-187.45180391027395
-135.39957555074298
356.8758663147667
-406.8710909905354
-48.591891622539116
-210.1351011863168
-116.55700474464433
-134.0039086855865
35.84486568118857
-342.35542507770316
98.83216658636981
-162.79930292801723
260.08735524257656
245.36358596639496
145.68801625391126
423.54269452791704
181.4535447387629
131.03085504277186
209.8009953615398
142.74926394842754
17.886404227255777
-159.88097870827
-448.4327128071253
296.32542823400377
131.76239237511714
254.20646127410788
-15.757006897147559
-106.50695269958265
167.4648203302147
-90.22877372386499
284.0869740104955
-41.639574398608794
-300.8024509147819
51.605544544659416
91.11515318874787
73.65648094981066
351.35630499202654
-220.80787418129916
-115.50925392763294
148.633003590095
9.050595423821372
-196.09435089443164
-179.23952733515662
-16.086512187791904
109.62669747441161
201.64680107968252
282.60512090648024
3.152656659176996
-179.79220863863495
-436.43549526372425
-86.14779978243193
220.58126746045613
-626.8981292844084
-13.593514101432074
103.60655519310268
0.8736203003324067
579.4141239675948
-480.4779630901481
-337.8781581350018
760.9720154833734
69.9819637110156
-60.155250034949326
-50.053758254960925
-3.5693731576496366
-458.26140418276873
-3.7971106034880044
149.82403976924581
-15.367043940124871
-308.8306640793624
175.90728576274762
352.03765973528664
72.7719032531036
-447.46957614889646
-263.3567809711504
13.186346063672826
421.22783565481956
479.3720772199328
649.0114077308956
-117.68400642382281
533.3135019405884
111.16872160943024
-54.280315566697695
-274.17633592322085
-136.69762509665603
-87.76940259267649
67.51756408702715
-7.249296684212272
330.46759561629943
-421.1939992906288
-306.53835083613967
-457.0129652055726
-100.21949470447944
89.54712404472285
-100.24375614225288
-172.8821954966175
263.4935520414421
-0.43862866608575685
-106.6710318143686
-49.33936703084954
-215.0064451632154
231.9250274691972
-559.2415287116914
69.75586316036
182.34578756695768
-44.56789566230333
-10.570698410366665
173.33479802207944
137.01217261366577
247.53209086677307
15.947047919145808
-30.140617155538074
362.00524156901594
-32.862182138621414
-30.985153546967883
-220.44858415200227
237.56783070010667
219.9751689049744
239.17649176471483
853.2481017915733
-402.44698877160334
310.38061415561754
35.19472328667164
-171.0662850654948
461.14824097870644
778.1302291073055
28.637482130953313
-622.2847452871566
-314.49974637809436
-111.87182168714602
39.101031050111324
208.58928364256474
-468.69677450944914
144.96523437860338
116.68970024616448
234.19529785584385
-1.2588738626347684
-392.62095629410595
-250.8062370024908
-191.06029039386462
-10.958811447222585
703.7943772660368
391.21418343190857
304.30209658347843
122.27359981619945
-100.09902623079321
76.32262525638924
214.66418270769938
188.47978562601975
-422.44867773402325
281.9836257285822
3.416498353245389
-192.86302543580362
-67.7977719868996
-231.58850480062327
-51.64667236658988
65.77439607239666
-117.12164224403512
-51.91909191292944
-471.53749665075685
74.38560666548884
-274.68333405269414
-62.244505736609796
53.47241137575984
143.71018632905714
-137.89395916219695
-14.458004403048408
68.12302021760551
473.66098488984017
12.984615298516026
50.8925040693297
226.76700115960884
-332.76858289132343
255.94691425485246
-146.3656425546605
39.36397528162929
468.2077188321303
74.64028450247845
284.9138155645872
-146.1645159129546
513.5307354081668
265.70607646968824
22.4216668558593
-66.92868150125871
-30.768151931418924
-449.9523981941025
-213.44617295489758
84.75257275503867
-343.958658031778
-320.97842057086507
-60.62416962078937
-136.8605883085822
-231.3576700490345
-203.64082156046686
-106.54094616539902
513.1228864399297
-43.90894033843758
-17.484556192593512
-256.9100451718518
246.2826642619618
-72.59280931491988
218.7852017130975
144.81091603987718
296.52568394001617
-146.31147287617597
-94.07238997889947
-198.27156067163114
187.6801193743958
105.5624738956866
-472.4535411502923
-261.3216732464267
361.70876186451386
-89.70930139686692
-134.55712643980615
140.27899188994454
19.924839885148085
-95.46979962672386
772.186697039455
-63.88373024407901
657.3346174825294
88.48180941473636
-193.06175177142933
237.58242895554196
-409.93174117560295
-233.8092765377114
-373.85939845433893
-152.7523015180572
205.3242460675715
-147.0295579312314
-9.7332083722513
-378.1786487887899
-129.38346681166755
318.80480338155223
295.93813397126377
52.86734596381142
48.16027008101869
-217.01139572453388
68.78851630467815
545.6200656046237
33.782241898624555
-200.60375420226765
-156.830100412347
-161.88067945444902
-47.69973163944438
114.92201717404954
-92.67489358339053
72.06250556554542
307.70962472573353
410.7108032770175
191.7934813223469
-376.41792762194586
352.8154922861827
250.04683300693148
-69.7191929562734
-56.03622251820992
-478.47994807136007
66.55350084437072
-63.791000093583165
-335.6113856191276
-136.10179413643058
-121.21104349884
-18.50131767318734
-232.6466811483082
-553.7672635916812
-125.88128583383532
-51.18402471233676
536.6002972756289
-168.87080553410644
153.43090550101658
442.0651214301952
-377.972008763681
-132.1098566948809
-184.02670744939743
-566.6404618453046
-270.55049781431046
-52.801862945766366
345.5433145143453
242.87948199039351
-214.04252552956544
202.6020237441673
-315.1187021523979
138.02816212617194
-433.37270233165526
112.28821640588457
64.04029217591268
-256.5657754716291
-41.207700543092415
434.45959126058943
-67.6252567308547
-53.23948756396052
-385.12255896132484
192.7407185648438
505.9663016843104
159.59824628441297
-36.40808472019876
-509.9549424988681
-11.336956236200027
138.97977753898425
-538.2255668336002
-139.54622643643447
180.17378597415635
-130.38145998980218
350.539253065801
210.9346789062311
-193.45583569874495
261.59459935929016
-56.79112239101181
-300.9393536563045
154.42116210875787
303.077550575283
53.38871407918402
289.1490700113364
-196.48449318933564
42.41562082050916
-126.30085254412394
238.9039310991517
289.3850048866755
-71.69415504183225
-123.66302433320044
76.95475344160248
313.10063666447087
172.48799066728498
-137.25344790080754
442.8092872910785
-512.149741489459
-41.066092749338424
371.8058157784447
-331.1101142726265
-69.84753926602784
-307.2307834305241
-283.82291895864597
-83.54245843538737
154.40452435381337
100.17183248396083
289.06097290191576
50.48033597795298
-137.25795591085728
-359.84032252126485
94.13842952204443
245.39576453353004
-34.49156077252797
-189.79401739317137
-446.64387378173967
6.853679555132907
39.25462224409151
-332.67387672643395
-292.89044752123374
384.1999893177581
-211.58718062113425
-123.9919240350359
-325.1677385680352
108.8867920001372
35.940819263200375
-134.02955639097746
346.8360644833736
-121.49845272419253
-47.16928176273853
809.3249332049539
-17.01593327556595
176.19229279432884
343.63495607473834
-449.6067386161291
279.78981290300777
-404.46693965931786
-254.41661948524643
-443.1729003304553
-275.7832680511607
209.92365510287033
-14.813108891981955
-97.31653063260183
30.522585763708427
151.89742429033137
-10.71906186176215
11.592197951328924
238.37213289342662
-96.35782000525262
-246.09678174089126
-118.89865354097816
211.05074795783977
-121.82551185880268
81.82876852022966
346.00915579181424
359.22195367633947
-44.139412048106266
-519.7020726650286
168.92014766177317
-74.36191373516522
-149.19741152073973
351.4283333549939
81.71669417937176
-227.5190645436834
138.2107995229673
86.01227351388663
-4.4305460525811515
-515.8994355086838
-589.1675910138965
-676.6594864641806
-106.40596985656572
210.3884142476383
239.05356681746602
-119.18720954005504
188.21028632446942
-455.31917693742975
-149.30213419738482
-255.26284526710333
66.61483210475208
99.66621604019568
-108.28979145991627
179.60639443752487
159.13378825265355
701.699070394003
-211.6536626317005
480.1368870355865
-143.45961135263283
189.42623323181436
-166.88966764149444
17.902644701621565
171.87137077685043
-1.5551641345885123
203.07889443811328
124.12227448847638
160.5293252117962
-245.18260111999865
311.9017366725538
-435.0678749551373
341.1898633095395
110.69534666701155
366.14608330327627
-118.06547538787224
-183.53607390643265
591.6021963696879
-123.58202918867734
3.6746575357582616
-191.2906435345688
461.6316984742655
-287.34873738939626
-323.90328123575216
-213.189164426065
81.06268123031123
108.52012428814812
485.12083919921804
-387.0858005586873
98.76255160192899
9.078830826894867
144.5301181770604
4.327176873539676
467.3099410641437
44.86434957379496
-198.48832755298392
39.682009088907755
-59.02518387116022
373.2607536407635
91.74583434140186
-731.4105791536956
-92.66722730769337
-165.24652164575085
234.137832092803
-186.63038407712241
217.84975017811638
679.3999039673481
15.992374132085596
