%%MatrixMarket matrix array real general
1000 1
-2.535509398241128
-1.5881836260360638
-0.5220215764918319
-0.17864470007160432
0.006743179284889467
-0.0731786926090986
0.8036183731661647
0.4606264927656242
-0.2892705881289307
-0.5021200757299378
-0.12484711676091802
0.6129563898151118
0.12754697455981764
-0.067269537654817
0.36186488728981725
-0.09762893060129214
0.30874355334412795
1.8721940427171635
-0.2755005430696516
0.003246456199087441
0.8259430524036154
0.3194040953081556
0.14113060968505686
0.8383804754068407
-0.9005525170371241
-0.9060068866738942
-1.6338763604562254
-0.48940121005372783
-1.7893527154868898
0.6676906925309108
-0.6027158716976715
0.07353951367138074
0.12391950249259588
-2.194893389885111
1.1561752118970638
0.4245150922631793
-0.4460108302882758
-0.29409082104865275
0.8938330989769919
1.3486746904969547
1.5750750396416704
-1.3525362160139167
0.4525127784089716
1.8073117851724254
-1.0436254949388593
-0.0841839625142082
0.8338199583395242
0.41935266875095223
0.12522574501358016
-0.08698158793804452
1.9012622820680367
0.6669557400685038
0.20625056261351568
0.07359849215312823
0.04563263523872475
0.46447988571014576
0.004938185900672343
0.16785542779553453
-0.7662279535217265
-0.8558698486393889
0.8151608584371618
0.6565215544133485
1.4657964566199337
1.3497405643027516
-1.3093633764201655
-1.9110293938568141
-1.131231259577409
0.46833870649777803
0.5239150412212288
-1.8423696652964496
0.3808545245035085
1.5800942385268324
-0.6627997144447303
1.700134969912142
-0.5750293325619174
-0.8709342628960901
-0.4261181373885039
-0.9936411349047471
0.47030478308796475
1.1341204744490236
2.021577067218094
-0.7146870584086288
0.19134708240010884
-0.2641344929675932
-0.8678963829906656
-0.7950961163123655
1.1871703089603238
2.3077541071533396
1.7790987960729545
-0.059916127068517365
-1.769753321926289
-0.10250507630792843
-0.7459669432375895
-0.32591177539695937
-0.529223928305727
-0.4124863123388049
-1.1278233971738216
-0.4953238975769158
-0.9483889677567884
-1.0216305155289438
-0.9790676434180993
-0.06580963373057509
1.1526987773255366
1.0175203777131314
-0.6661061512816198
-0.5348408488328661
0.575391619983658
0.5767064066991892
0.16991973232940652
-0.7128900735912793
1.3694865497111002
0.7996846952807088
-0.7737146386593572
-0.9159039275233074
-0.1808490968255081
-0.01971098058772334
-2.2489866937988436
-2.088835021919413
-0.08606797050943958
2.661792345210863
-0.5559447476469849
0.5437930808694127
-0.2507490551507908
-0.5149687740631578
-1.4452679041040666
0.019059868033538454
0.0350298830101809
1.2127046724702997
0.8521250928930976
0.9143776558064877
-0.35820998445300345
-0.8757510545759335
0.062484793607735026
2.371218729354798
-1.7903066248212096
0.10516635090437489
-0.187915806135807
-1.3267493948396807
0.48204345753822625
-1.35440475521986
1.9397555633688321
-0.4247258753539474
-0.6077268485959706
1.7444298642527707
0.06381163671328922
0.04359201068132168
-0.2834011572339846
1.4641362558512012
0.812138380813869
-0.04297257924401607
0.6593334726850643
-0.8861276324476508
-1.354545069388635
-2.020988782957883
-1.8393050260919686
1.8876929375279865
0.013312503185550446
-1.7366412130833107
0.5548026402276244
0.46111637224067975
0.5217530215803574
0.7606860845122234
0.8314098145611737
1.3890453496252813
-0.7166453388830099
1.3980561150033022
0.6949767944266438
-0.577045243936058
-0.7374072351751231
-0.23575152916919756
-1.7078323581150099
0.6478270092962637
1.540706943796824
-1.0151707697392192
0.7281020231803591
-0.8637292697859458
-2.6039429606769917
-0.030289202072609003
-1.719633146304774
0.350485978062178
0.10918927753351454
0.583706688028883
0.7779386920431682
-0.352987500136057
1.3754582113039742
0.1688839790910148
0.3015860746051592
-0.9200997375700667
-0.8610749727205347
1.2338103668443798
0.39637631732320366
-0.04264056610720913
-1.1095315895398223
-0.27067693789207586
-0.4891035370338109
0.5720221542608817
0.09664148510248353
0.1999744173238972
-1.946192763876355
0.5958330403288257
-1.5785976850016024
0.22481476641670697
0.926608597240909
1.316259678365086
0.006899136936638683
0.3244697176627873
-1.0818153734773817
-1.116414037684533
0.752622610394381
-0.5262077678732214
-0.42673523996116175
-0.8956562949724945
-0.15542139988076975
1.326160049395951
1.0961671337160535
0.17984371958426448
-1.206752771962059
0.27814467931410514
0.026929112063675244
-0.09431981336136329
-1.146589106605423
-0.5575147501097523
-0.6147649744578096
-1.5121941250674147
0.5517146118734978
0.25114360789419493
1.8293989918110583
0.7271003453217239
-1.2806543955814458
-0.17150800846989342
-1.3739492150618642
0.7986551083022488
0.8237753710447538
-0.35279090278899294
-1.029765938434805
-0.1093979990754747
0.9516822950725273
0.6144853200700616
1.1790082613532116
0.6229193657336907
0.44120695160983736
-0.4327079130201048
-0.19974458282230625
0.5828041562591136
1.8022162429936488
0.5900018004735792
1.5919211973350043
-0.0005697212737768714
0.14806231061966005
-0.7427895775720176
-0.83170978373129
-1.1285389404981616
-0.022807312879262055
-1.0335395244756642
0.38523131505387664
-2.071438326399089
-0.2811837560561157
-1.1131006715677139
0.3337701154833097
-0.938208642368224
0.05566190667534716
0.39319873229935615
0.4548305140723141
-2.672979310132328
-1.64825229374586
-0.12942886176636398
1.0633741069000187
0.9937965557678118
-0.12936257774086182
-1.182379095845853
-0.11255770179484134
0.2301855328946667
-1.7051739700739115
-0.7411426110310948
-0.5268355560692928
1.2858144327753107
0.6159586085707478
-0.7313884785959036
-0.1273132516375714
-0.8502975921340963
1.118361409829778
0.8799653447842682
0.7894701460012258
-0.7954885541434967
-0.09118602111722697
1.4803289823585
-1.424895239182626
-1.5290583135326143
-1.0419614585960684
1.1534254369493235
1.5231365774067345
1.1886933544741587
1.0361896304913227
-0.35222046265846024
0.3407178347507725
1.2561203773567224
-0.08950368657895362
-0.9788040227209641
-0.5388123916150476
2.2725583991619125
-0.005038207061506129
0.6329780063113983
0.6479005811088074
0.2151952899866401
-0.3787219147619709
-0.4725772747219236
0.48207214985813807
-0.7812130446834279
-0.28458154402196273
1.2515803251273634
0.6454737569875315
-0.6154796605456249
-1.3517653163887144
0.9220032722603803
-0.3830741153939661
0.818178598386148
-0.5849531745804328
0.1920586683297861
0.9164646330089683
-0.6442681768514248
-0.8118104989463675
1.8028092999172387
0.7963143621032442
0.4696941468815576
0.13441142574403875
-0.4566820531126721
1.421919832886903
-2.3000037921523995
-0.3980137117880046
-1.7278413713412137
-0.48726270138646965
-2.215399181434651
-0.6499239402092089
1.0285011175965113
-0.525706786824845
0.2149159346213431
1.5257975042282284
0.5806457628815369
-1.1893717716171768
-1.6239326399214258
0.9297919803049881
0.8089902284804454
-0.7027854058709557
0.15111466949788593
-0.13094712332615382
1.6153723016943071
0.6185515535786661
-1.3069703593471262
-0.05796431935388078
0.8969746494753279
-0.451100725896266
0.4545108261648862
-0.8398662818156812
-0.4701798432509075
-0.8104359363658272
-0.11054101515561245
1.2993282315002987
-0.7921320995345686
-2.1202436017556967
0.881151997767684
-1.208807586143774
-0.7819731237021996
-0.7604632932523833
-1.215153687482277
-0.6986175111811588
-0.8015794694860576
0.2604025468786787
1.1341006710026225
-0.7520823067069713
-0.7349952709391355
0.4392444160625336
-1.2070545626225138
1.2411329202136938
-0.7901323919929353
-0.6758298763826138
2.4324081204681725
0.35341392080276285
0.3544300091047566
0.11656783970628981
-0.04500644827688562
0.4367703616384209
0.2604884784543335
0.4072750814567936
-1.0825116352632995
-0.6748075384937442
0.056153935715472676
-0.0028351324399251776
0.1329706765154745
-0.48934186721256007
1.3195711736355582
-0.12865673282443182
-0.5091348515506736
-0.007876606622674375
-0.35581714607415965
1.016927873405521
-2.6993796445761737
0.09223980985804385
1.2298402907563222
0.20892142488901289
0.6095980074882285
1.1471874592550806
-0.19712137869214494
1.0991749001290552
-0.5775263286131235
0.6460937500073793
1.3091611099163065
0.32954010482278007
1.8260659138257727
1.5636059894384624
-0.5042942910654554
0.6443079835860723
-0.37496634180514504
2.176991875659388
0.37956610526853013
0.8739447883318784
-0.035626560145483176
-1.0835575203118653
-0.5007778769646744
-0.7114559577172829
0.1550510658421416
-1.0115837981325904
1.60235812294402
1.2379602170475854
0.13815592944049873
0.4080540199538906
-0.17489007948798066
0.500067217408682
0.17726074357111898
0.20253377890622234
1.517646437009927
-0.8278251093903397
-0.6310229648079776
0.46736817944846787
-0.38878897769197496
-0.4048073993449511
0.10489217413862269
1.3588434563116987
-1.7789866477719236
1.0344041222759375
0.012841120247910535
-0.07954519535332086
1.3124525302711947
1.295652564364752
-0.6910971899164077
-0.8512167179204805
-0.20435805934631826
0.521369977168057
-0.681633429664734
-1.296292433500138
0.7184364925745665
-1.8429280164054318
0.8365102807119515
0.7759013116180034
-0.12899262171880985
-0.2837971380416319
0.5141744418797228
1.0587195136697738
0.18275724878304775
-1.5425068775891653
0.31718829690413625
1.5398797965265099
-1.191835385419025
-1.3128940596090732
-0.45215953994919555
-0.04152760262320963
-1.4546800071665582
0.8416348872552859
-2.255133300447889
-0.8095899808163046
-1.3912126254093882
0.23364293067146583
-2.8103697313327882
1.6235791209222818
-0.6160266533092028
-0.22732812289681684
-1.691352092827835
0.5935129453349348
0.6488262615146178
-1.047195945556129
-0.5509913884763297
0.8669385107672919
1.04508823116504
-0.05325980597081415
0.26567463981490075
0.05508404007785719
0.24137835455772955
0.27693080788113994
-0.5961105538235179
0.9925209755696617
-0.8638888389749505
-0.14213716260816903
1.6819039747188966
-0.46140967117627113
0.030296999497345146
-0.05798162871105809
0.2815392411816783
0.621802089367631
-0.4922623773406763
0.5054532015910279
1.3552214294673137
-0.8612270849379957
-2.2999029301066023
0.8689508472807365
-0.21257920513136408
-0.8089594537534639
1.2561873384713955
-0.6305882120446349
0.47428157846746627
1.177430996253314
0.5079856262077703
1.8576875198345983
-1.579815539732039
0.0673247703063125
-0.26935199062532184
-0.34114863895199227
0.16726805026170502
-0.6595487800455798
-0.6514073345690146
-0.17837928617386695
0.3870189950322482
1.2737922984167434
0.7964484094882929
-1.3297771125469242
0.8476161637010229
-1.6240387117421995
0.17174416485747349
1.4473444578251162
-1.894819606900966
-0.17755337424297626
0.1509812909457972
-1.6091555494829735
0.7771301087966006
-0.21843714622536511
0.7426661434636752
-0.500607769997153
-0.3669399325720786
-1.5344574995278142
1.2254461865894881
1.3832334920245972
2.3811750691428557
-0.777793337033142
-0.4680048808348441
1.0092606851490458
-1.6357907206100821
-0.05394624536787139
-0.5230562173844355
-0.42190328057155446
-0.20079878749005092
0.04241046851354559
-1.2431126418735314
0.4509605644891037
-0.7930140661068643
0.9419924307841507
1.0467487205769854
0.3065994846545443
1.5980701253294323
0.49895414645028646
0.5601958619863879
0.8838890017783143
0.351542211133079
-0.19815083381086115
-0.8116266427237276
-1.4799784524911324
1.4054419520596209
0.3724580219854329
0.8916474668177172
0.17704047698900258
-0.5360054529500149
0.48615387360070156
-0.47294026620796814
0.876763654208268
-0.29364349093895015
-1.072030161538123
-0.0011961105264632578
0.5384879537269659
-0.10265338761330012
1.0226135097386306
-0.9918225230051864
-0.3193871271319358
0.20210841905995325
-0.019067384105448948
-0.970275418111063
-0.5600802000955484
-0.07294948580032089
0.5176246248073683
0.6682257220426673
1.0224039424714542
0.09779713038296416
-0.19581343676832505
-1.5461021557220562
-0.1964653773278479
0.8029322679595925
-2.0707254966357627
0.04514668250700765
0.23638434698386357
0.15755162804772282
1.7891546036416837
-1.3985337759269187
-1.0386479550131642
2.4015767710781626
0.42909025076399615
-0.2887793119722138
-0.09281349307543563
-0.0055029029603210254
-1.6792408745321115
-0.046096634096698924
0.5177909646040736
-0.14390568500669987
-0.9394686928409429
0.4155763375235431
1.436049033911211
0.2280594857881693
-1.9244282359750446
-0.8606029663269016
0.06784633591680674
1.568640014159951
1.5397232058024366
1.975695072674932
-0.05764424072466385
1.5331376076997696
0.5822661601183401
-0.4260029461385463
-0.9355156524061755
-0.5060493440261526
-0.3826999602725195
0.15720867372867525
0.05666422939945055
1.4324106701850894
-1.4305599661481516
-0.6865115250314265
-1.623288322032124
-0.3235704280606152
0.7862163473760809
-0.6610886138441473
-0.7695947543018506
1.252232181022059
0.0018567014403345606
-0.5306869793102393
-0.22568594291821403
-0.6564473897255787
1.0481784331864323
-1.7748673418545404
0.36605115401805455
0.4061292622512613
-0.20502585980360424
-0.3763032306935132
0.689330455582269
0.6589456873874969
0.8849143475515561
0.05260955016499686
-0.16711334843339923
1.7751880555606594
-0.282473259271723
-0.0872389644516489
-0.8605864888166729
1.1156934291693228
0.6153852989507794
0.6609299667434255
2.8330335194966687
-1.9465676388706343
1.4581780573354193
0.146274643537179
-0.4960985439569849
1.6885495698884914
2.9862875905865045
0.21801006851625762
-2.1984644742014594
-0.717403595481464
-0.6431033625958319
0.08167726568640005
0.6260483436023175
-1.4510140329885979
0.6771488808864345
0.570955259588206
0.7119938980548333
0.14086318187551322
-1.4773721337302002
-0.894088323343754
-0.8365000979114946
-0.06056766492901861
2.2589915853580247
1.3594194310387322
0.8493588639606255
0.28681485755775293
-0.4550726636268458
0.3101143881468492
0.6818996003992522
1.257185880038986
-1.5587290600476844
0.9539685963454955
-0.03633988659810221
-0.9378054345614751
-0.17328249720547595
-0.6946096698305615
-0.3273197942227951
0.5079247452754541
-0.44782658939505054
-0.2977403789110618
-1.6278450741305217
0.3146707005170258
-0.9073504434601584
-0.4407224962091977
-0.14342537064640024
0.5378443907616073
-0.9235022876283141
0.0720419523248958
0.20506497938071147
1.9489862118418153
0.1270538528096541
0.24586160102881324
0.6382579795394063
-1.465691441945534
1.0285688326425428
-0.419831381982182
0.27421000016163677
1.599666794010549
0.3081953113592623
0.7820918785756393
-0.4085557330433562
1.6860696282689336
1.2374723094405682
-0.24636192493413792
-0.01385182695509361
-0.006486973241819291
-1.2939687617835784
-0.988168483598717
0.4177713121458166
-1.1754898598511179
-1.3437041414738697
-0.1628494960306794
-0.5194688811000977
-0.7788527118359668
-0.8446228312787099
-0.5031830618290439
2.0772716410128327
-0.11782761296152328
-0.231816233538095
-0.9965446297078725
0.7181222928018917
-0.01550223521403667
0.9092676297933222
0.5912945031849635
1.4052389748881993
-0.6467433590764435
-0.26601072865906256
-0.6833008233220914
0.712289493861271
0.38870114634004554
-1.2677507020381462
-1.007340890581375
0.9122252414513373
-0.617736324391147
-0.46661465040232536
0.5423609010892183
-0.16766340056874832
-0.18367710757744798
2.2077733848403893
-0.2046829090201845
1.8218936962300343
0.20493625584318284
-0.6049146706009322
0.8083424952833783
-1.5410275547654628
-0.9229208012521143
-1.5531571053838962
-0.5588907601937259
0.6802876262821772
-0.39606211399780067
-0.1309205957713441
-1.2298789792094684
-0.46086086674417276
1.2866795143115743
1.2573152917428685
0.29188922910690873
0.13471444309513528
-0.4657211498249662
0.16213879220370397
1.818133892587667
0.09494863699055259
-0.8644381856202235
-0.38214929156059335
-0.7379256948593731
-0.18772287112661412
0.3599581832305244
-0.38515330134107906
0.3990313309804058
0.9726371953831416
1.550113342352489
0.6653481330997874
-1.4714583832143537
1.154413384820146
0.9166975104711376
-0.09966562795841902
-0.06485741443168229
-1.2083799463540659
0.3167164513495508
-0.23355817647572458
-1.4450609196442716
-0.5803064062193264
-0.557311263254445
-0.29463416783717716
-1.1024371141597002
-1.7165512418676527
-0.24984395697728465
-0.2629569079813395
1.9152154602655538
-0.61235350079561
0.6301575425477525
1.609356334496471
-1.2772673739607858
-0.4527679028847793
-0.7865281361173566
-2.643986427433925
-0.788465605117588
0.12366825772053616
1.1898106880259667
0.7022245811975617
-0.9395663051581796
0.7934798416012249
-1.196919958964301
0.9784306934396129
-1.3734396023988868
0.5415521127526643
0.30908770182537587
-0.8828149243039208
-0.30491839787251424
1.739744263815087
-0.09887819382006074
-0.24954399003305586
-1.5418985363941735
0.42725982935848944
2.019246577975125
0.6860513934254852
-0.4524289402798593
-2.1111309955141255
-0.15668389743068825
0.2929733660512387
-1.7847562576657146
-0.458061169614828
1.0577178659578241
-0.5110264921380889
1.1537604111416464
0.9126935146648794
-0.5617319799380438
1.2413631586345664
-0.3503466304276585
-1.15436255420836
0.45302222027040145
0.8003871466640863
-0.10375407353723978
1.407628062233861
-0.755742614605039
0.20240838005991607
-0.4647483981284031
0.5078985449846773
0.9559221152462891
-0.24818078491950138
-0.7254452128947624
0.07573749140210141
1.2192179731737112
1.0400534991989345
-0.5608328746624537
1.6639472672112667
-1.8544238656325263
-0.08027823402164178
1.2504937604380078
-1.2659184297888069
-0.6675650220296444
-1.1858578070901116
-0.7792185306049187
-0.1168325264067413
0.711475876555397
0.31660079491931675
1.1494823460001058
0.1676752211583007
-0.8696064453935711
-1.2036913782891803
0.3440911001143624
0.9502990758289298
-0.03916599819085677
-0.7176151276943181
-1.1845305198798728
0.3955475256888025
0.43680840535172255
-1.1571244751889078
-1.5931022718723
1.7119506879478261
-0.8742196769484823
-0.4177152627917865
-1.3845800641344599
0.5242948137748421
0.0972104707207174
-0.6998368403834884
1.516430492000165
0.02674556120837707
-0.2899407524931249
2.478823902654075
-0.29971691889866714
0.5504492270298841
0.8525879626893176
-1.6622040715518578
0.8014695181510143
-1.3011282183413726
-0.9252013054684659
-2.065913578078101
-0.8917382191207088
1.116127640547084
-0.15270256279613365
-0.5575116229246306
0.034131456218102395
0.48168320470543574
-0.17599595215929814
0.03375291254881256
1.1802550699985321
-0.2489106725349782
-0.614917306380557
-0.18093781394486
1.0027594569522618
-0.38774511011503593
0.1772729276367288
0.9531613825704768
1.2302677851379737
0.02793911137505403
-1.9562962068056589
0.4362781821604834
-0.22471935956779604
-0.3377064624682846
1.543620396448954
0.3391611980524234
-0.8855478366739978
0.7086250772248462
0.5483780319330105
-0.18149159751308142
-2.00158217341251
-2.159620889692599
-2.5622925324157424
-0.35879346163232384
0.8769507689448077
0.7239094919355761
-0.4087680012075539
0.7362511828746798
-1.5049356434332055
-0.4288544940177211
-0.45711288903953445
-0.04167388995977184
0.48205602852429236
-0.5060053099029642
0.7118160488627144
0.6293955173241729
2.3746048408457936
-0.8921429305306312
1.6045988873629777
-0.6043099744322551
0.5205037931989301
-0.70328886723413
0.16880094819633493
0.8128177629568827
0.0505535697985149
0.9155327764553068
0.4529460714163509
0.6534923608163823
-0.718394297353686
1.3773179871319667
-1.932820767141619
1.2263446044957749
0.45966705921426687
1.2210871559335612
-0.21475415326547567
-0.7201066307142794
1.918317323193513
-0.6016138284638775
0.23814495936878957
-0.9072914142893899
1.891797635772795
-1.2604155365541208
-1.172241252357565
-0.7432996174841279
0.04458649944675663
0.43397639681209915
2.421740502797796
-1.408401534264133
0.1646510638694922
0.17273541121585578
0.7716585490657203
-0.15404116509893412
2.1706153213032753
0.10887634187214702
-0.7977483119172643
0.25978411968488124
-0.25479360255457667
1.226314794284693
0.009567091470324134
-2.9116856710512025
-0.5115118627464396
-0.5043752218458919
0.9062501674269835
-0.4097806842216072
0.9746688716393481
2.5018655119493958
0.05603315802617524
