10 0.674557 0.636593 0.645643
20 0.255611 0.28719 0.258913
30 0.0934801 0.112212 0.0985281
40 0.0315905 0.0372334 0.0334991
50 0.0113469 0.0140454 0.0123187
60 0.00394605 0.00459523 0.00415896
70 0.00129213 0.00150445 0.00136015
80 0.000460974 0.000545434 0.000484419
90 0.000157119 0.000187313 0.00016631
100 5.08927e-05 6.1226e-05 5.36174e-05
110 1.6553e-05 1.86626e-05 1.69258e-05
120 6.5304e-06 7.70676e-06 6.78767e-06
130 2.30964e-06 2.61201e-06 2.36914e-06
140 6.94173e-07 8.17875e-07 7.19596e-07
150 3.03846e-07 3.50995e-07 3.147e-07
160 9.95677e-08 1.15357e-07 1.03467e-07
170 3.35175e-08 3.91376e-08 3.50908e-08
180 1.5445e-08 1.63562e-08 1.54076e-08
190 8.72946e-09 7.01948e-09 7.73447e-09
