10 0.806045 0.747454 0.770007
20 0.616779 0.540075 0.569658
30 0.393466 0.365323 0.368472
40 0.228555 0.230189 0.220387
50 0.131663 0.13994 0.130813
60 0.0709232 0.079161 0.0727497
70 0.0395446 0.0461837 0.0417051
80 0.023673 0.0275704 0.0250746
90 0.0138539 0.0156457 0.0146538
100 0.00818745 0.00954055 0.00879295
110 0.00469607 0.00545785 0.00501733
120 0.00272183 0.00327099 0.00293938
130 0.00147101 0.00173437 0.00157253
140 0.000908533 0.00101187 0.000938714
150 0.000570686 0.0006392 0.000588939
160 0.000325795 0.000355933 0.000331228
170 0.000221912 0.0002393 0.000224595
180 0.000126622 0.00013683 0.000127086
190 7.2152e-05 7.54089e-05 7.16744e-05
200 4.11037e-05 4.45115e-05 4.15404e-05
210 2.56904e-05 2.81504e-05 2.62505e-05
220 1.59308e-05 1.72789e-05 1.62492e-05
230 1.01253e-05 1.16047e-05 1.05972e-05
240 5.93681e-06 6.71619e-06 6.17609e-06
250 3.75835e-06 4.13615e-06 3.82852e-06
260 2.23944e-06 2.41817e-06 2.24143e-06
270 1.38846e-06 1.41692e-06 1.36809e-06
280 8.99269e-07 9.18518e-07 8.80659e-07
290 5.27953e-07 5.42495e-07 5.17805e-07
300 3.34029e-07 3.52248e-07 3.31162e-07
310 2.17177e-07 2.33616e-07 2.16999e-07
320 1.41776e-07 1.51224e-07 1.409e-07
330 8.45487e-08 9.35914e-08 8.57207e-08
340 5.36001e-08 6.2046e-08 5.56542e-08
350 3.19777e-08 4.02729e-08 3.53157e-08
360 2.10586e-08 3.30374e-08 2.67406e-08
370 2.28968e-08 3.36487e-08 2.7927e-08
380 3.4184e-08 4.26164e-08 3.73766e-08
390 5.88973e-08 6.74187e-08 6.08962e-08
400 9.35764e-08 1.00551e-07 9.3973e-08
410 1.43987e-07 1.55454e-07 1.44401e-07
420 2.32086e-07 2.49474e-07 2.3232e-07
430 3.63554e-07 3.80794e-07 3.59828e-07
440 5.18193e-07 5.47814e-07 5.14001e-07
450 8.71596e-07 9.04574e-07 8.55319e-07
460 1.26976e-06 1.31366e-06 1.24504e-06
470 1.938e-06 2.00367e-06 1.8989e-06
480 2.88685e-06 2.90801e-06 2.78853e-06
490 4.22917e-06 4.43717e-06 4.17047e-06
500 6.40219e-06 6.80945e-06 6.34886e-06
510 9.79334e-06 1.04346e-05 9.72775e-06
520 1.34725e-05 1.43264e-05 1.3399e-05
530 2.01323e-05 2.13666e-05 2.00569e-05
540 2.98049e-05 3.16555e-05 2.97778e-05
550 4.20664e-05 4.65186e-05 4.29029e-05
560 6.21949e-05 6.96155e-05 6.42376e-05
570 8.60286e-05 9.48348e-05 8.82183e-05
580 0.000123675 0.000141672 0.00012934
590 0.000182995 0.000208783 0.00019182
600 0.00024694 0.000286052 0.000259805
610 0.000364928 0.000422252 0.000383902
620 0.000528964 0.000623288 0.000564989
630 0.000772917 0.00088463 0.000813118
640 0.0010913 0.00128128 0.00116508
650 0.00151808 0.00175858 0.00161525
660 0.00205403 0.00240482 0.00219734
670 0.00282429 0.00336082 0.00304603
680 0.00404018 0.0048688 0.00436409
690 0.00579941 0.00683446 0.00617949
700 0.00799376 0.0093492 0.00855328
710 0.0115933 0.0134535 0.0123846
720 0.0155447 0.0176072 0.0164731
730 0.0209241 0.0252158 0.022331
740 0.0276406 0.103574 0.029087
750 0.0366335 0.460309 0.039136
760 0.046281 0.0596422 0.0497886
770 0.0561866 1.37511 0.0640852
780 0.074052 0.273845 0.0862945
790 0.0920372 0.801813 0.114063
800 0.11208 7.93778 0.147082
810 0.141037 7.33166 0.182048
820 0.164117 10.4174 0.220783
830 0.20866 11.3157 0.29291
840 0.249665 24.2175 0.355695
850 0.314606 9.12223 0.443451
860 0.342734 3.40814 0.517352
870 0.370225 7.9251 0.529108
880 0.396915 22.2445 0.593932
890 0.417535 20.5327 0.64661
900 0.498627 22.1754 0.765399
910 0.526796 34.5064 0.837345
920 0.558605 6.98071 0.850085
930 0.586043 16.6904 0.909718
940 0.600751 1.15273 0.953949
950 0.674798 19.2914 1.05879
960 0.70784 47.458 1.06566
970 0.674252 67.9723 1.07206
980 0.748409 67.3123 1.21736
990 0.828948 41.2635 1.27739
