10 0.869554 0.849237 0.856982
20 0.759126 0.68176 0.716293
30 0.594814 0.545955 0.560862
40 0.441078 0.409024 0.414811
50 0.300106 0.301234 0.292097
60 0.189886 0.205739 0.190364
70 0.125663 0.138721 0.127835
80 0.0843275 0.09321 0.0865794
90 0.0607559 0.0685792 0.0629295
100 0.0385568 0.0434896 0.0399329
110 0.0281322 0.0306391 0.0287438
120 0.0206737 0.0223435 0.0211375
130 0.0126223 0.0143055 0.0131666
140 0.00757772 0.00900222 0.00806869
150 0.00505642 0.00589159 0.00537429
160 0.00388015 0.00436953 0.00403598
170 0.0024995 0.00288488 0.00262016
180 0.00173362 0.00200975 0.00181615
190 0.00117905 0.00132978 0.00121379
200 0.000742431 0.000800791 0.000749405
210 0.00050606 0.000514845 0.000494796
220 0.0003679 0.000377995 0.00035994
230 0.000248424 0.000263176 0.000245934
240 0.000164819 0.000177144 0.000164486
250 0.00010775 0.000115735 0.00010787
260 7.89995e-05 8.478e-05 7.93191e-05
270 5.11516e-05 5.61863e-05 5.17694e-05
280 3.711e-05 4.20179e-05 3.80097e-05
290 2.29606e-05 2.53757e-05 2.34422e-05
300 1.62439e-05 1.76613e-05 1.64515e-05
310 9.94762e-06 1.09769e-05 1.01944e-05
320 6.67214e-06 7.42719e-06 6.86118e-06
330 4.51276e-06 5.06005e-06 4.65867e-06
340 3.03456e-06 3.38613e-06 3.11521e-06
350 1.86386e-06 2.06504e-06 1.91202e-06
360 1.20054e-06 1.33739e-06 1.23834e-06
370 7.99035e-07 9.1716e-07 8.31321e-07
380 5.48196e-07 6.24547e-07 5.67329e-07
390 3.38625e-07 3.76098e-07 3.45299e-07
400 2.47995e-07 2.72926e-07 2.51036e-07
410 1.59168e-07 1.77084e-07 1.62295e-07
420 1.04193e-07 1.1534e-07 1.06471e-07
430 7.74301e-08 8.48351e-08 7.9085e-08
440 5.40549e-08 5.85052e-08 5.50103e-08
450 3.17296e-08 3.7232e-08 3.34585e-08
460 2.03518e-08 2.40868e-08 2.15294e-08
470 1.48777e-08 1.74507e-08 1.5732e-08
480 9.92027e-09 1.13076e-08 1.02484e-08
490 7.00715e-09 7.68299e-09 7.14468e-09
500 4.82214e-09 5.11038e-09 4.8338e-09
510 3.09317e-09 3.36542e-09 3.10478e-09
520 2.13217e-09 2.21576e-09 2.1205e-09
530 1.46709e-09 1.58712e-09 1.4765e-09
540 1.003e-09 1.11524e-09 1.02193e-09
550 6.75463e-10 7.54085e-10 6.91978e-10
560 4.71924e-10 5.53825e-10 4.95981e-10
570 3.07985e-10 3.52904e-10 3.20838e-10
580 2.10184e-10 2.37737e-10 2.1839e-10
590 1.61799e-10 1.8091e-10 1.66914e-10
600 1.00631e-10 1.12129e-10 1.03627e-10
610 7.65139e-11 8.59978e-11 7.92233e-11
620 5.25662e-11 6.01066e-11 5.4975e-11
630 3.74703e-11 4.30322e-11 3.91462e-11
640 2.46373e-11 2.78923e-11 2.55529e-11
650 1.71506e-11 1.90971e-11 1.76525e-11
660 1.22402e-11 1.34949e-11 1.24224e-11
670 9.10156e-12 1.00934e-11 9.30727e-12
680 6.421e-12 6.75173e-12 6.40123e-12
690 4.76204e-12 4.99653e-12 4.7015e-12
700 3.56965e-12 3.67345e-12 3.50638e-12
710 2.38507e-12 2.46263e-12 2.33342e-12
720 1.74847e-12 1.75225e-12 1.68393e-12
730 1.31112e-12 1.24583e-12 1.23632e-12
740 1.04958e-12 9.47361e-13 9.69391e-13
750 9.48534e-13 8.08516e-13 8.53625e-13
