%%MatrixMarket matrix array real general
1000 1
-0.17531269867434282
0.7534422433249287
2.4679811004734242
-1.2469100597642488
-0.8071016321060324
0.026441573439436438
0.8332087158621932
-1.1679906111427485
0.5183335405576259
-0.12882014325023908
-0.28286654712351605
-0.07140180601689025
0.28935720533280623
0.3757523827723105
-0.4544033119174163
0.7191495296535579
-2.2965687569167508
-0.7541354114600024
1.7674477375136748
1.6259518804854085
1.5195467054587755
0.056765676976210475
-0.3110705507824981
0.8817115692598454
1.0659305312529104
0.7862300767189384
4.208669398619955
0.27607911426790593
1.6149689600066006
0.29644197195463456
-0.04852251797167765
0.7212227061675301
0.36684048298097804
-1.4701924649518125
0.5510757811681679
0.1307725230380692
-1.0338865588628534
-0.35254839669596333
-2.4328362731104196
-0.6080200448981574
-0.37058191956730135
-1.4123079256249798
-0.8416763469249852
-1.3473209158057493
3.988735125873184
0.26903362240259365
-4.913114124302127
-0.1781861292335377
-1.6009603752583872
-0.11643448772147531
0.1772243938545114
-1.9976328241737176
-0.8588512802525451
0.49525558865367153
-2.137822176866745
-0.47520952421720314
2.083594114718964
0.5033011596457417
0.3992406576890359
1.8362068684334347
-0.4166487087256721
-0.05675986879508456
0.4301983650354954
0.25112456327607696
-1.2415915807116547
-0.4970414641264508
-0.38170675673019017
0.6666004603644834
1.9359938821990967
0.41797826853818026
0.46240314298572
0.01831309446704329
4.259102621968171
0.49655872660839967
-0.15170187186510772
-3.764201827155855
-2.4518177539778074
0.15092418802414787
0.006753610890148494
0.7539925652049037
-1.490726280659952
-2.087836894509352
0.3896703976288194
0.04633450965614208
-0.09465738809197492
-0.4276435060172462
-0.9695686778982207
-0.5344894699653895
2.49691480229487
-0.40538239563023726
-0.09059143292027332
-0.8819885262319647
0.23435630008029362
0.04027134760318734
-1.98164823868102
-0.9388005128316109
1.5736426990558168
-0.5649565713520753
-0.5279166230527489
-0.686713330003237
-1.3002431970180488
3.085194494393398
-0.001968606103379063
2.8394340551917905
-2.4117336279165245
1.1479783965172434
1.3767773771076817
0.029831315555420995
0.8364710659369883
1.0705119316752545
0.7139277092019013
-0.6575817547499642
2.462431599369682
0.5510884628989082
-0.8654236075682002
-1.558421579144702
-1.4483154173409842
-0.9172475604645011
-2.2832343757377083
1.6298428354937948
-0.6123119825479729
1.9008086363864265
-0.04336133651990479
0.12067153829177997
-0.029941635610402327
-0.42587167818481864
-1.2305831704286994
0.43377277669177566
-0.10478632567502398
2.327551344632949
-0.3832183506971567
0.7928594761823095
-0.5782394019593596
0.5539864894169714
0.26730736760885754
-2.208153660864865
0.846963123142464
0.38734096294433623
0.11413018967440189
1.1009184855489502
-0.9189210298013735
-0.6482253906386505
-0.043603460720071444
-0.5319719670827902
0.43568966279107535
0.33358587994947986
-0.12059951943904944
0.02798498398722421
0.2577976627920067
0.07466164475801493
-0.8002855657320456
-0.7229154980661875
0.3776795145848613
-1.1122909808542385
0.34215881925965186
-1.0531811641679347
0.0026977154709955215
0.877132913893369
-0.024665909509068745
-0.011705692179446567
0.4712031480057914
-0.18650671508454128
-0.09514435112176482
-0.29601917178234366
0.2845745058004926
-0.6049723605731367
0.14323848087061417
-0.2706918446272893
0.11983586781329575
-1.6161605304213345
-2.2960743007478337
-0.7476059868764868
0.27980475793856985
0.9679510989696389
1.1500822271781213
1.1237810828418366
0.16786208402134473
-0.864728303807626
2.232783304550886
0.9824272426033852
0.7107653277196977
-2.2300121993360906
1.0528903331402548
3.737236787627314
-0.289720860229981
0.948586931331473
-0.28892574056731646
-0.08701775982712562
1.1759481710690731
-1.1764753390619695
-3.2562229296303964
2.7014403165232257
-0.15131795881424134
-1.631190180053445
-0.9718716964783538
-0.34227308000881707
3.6626620902387814
0.8092284199866977
-0.3571372657522408
0.4702264363334446
0.23097999995902843
-0.042586372037403196
-1.8067715005786138
0.9897911366363517
0.40336234125737136
1.2169429900839441
0.4532795210848364
-0.19335761874710505
-1.0279431809247206
0.9058230401525265
0.5377297380710953
1.6637651170631496
0.3357127024518691
3.8855856869787075
-0.08007701054185365
-0.5505808409437362
0.39625807363243104
2.555572086000168
0.233357942548465
-0.09239422439495949
-1.4038848879579915
0.22927143215537454
-0.5633474799883303
0.7447713510830939
-1.3166899409861679
0.6137169410742991
0.7849003587757705
-0.0018133554136605132
0.17322011711235386
-0.5046020079713588
0.8677908635206045
1.1037036093258696
3.3214069900227767
0.9192582321131852
-0.42120613354556374
0.9017324140377755
0.5201158445452394
-0.6911167592562403
0.5080479818149489
0.6422711031976305
-0.1542007120401655
-0.23152369080658675
1.2333087934253215
0.09609474839683842
-1.2667153546840422
-1.322619300548646
0.6321233536062922
-0.6041892647100607
0.7988913007755667
-1.3139224175796127
-0.6151115692381294
1.891633753835966
0.675363366863988
-0.8197035942747025
0.405897136447888
-0.1177945650725271
0.09485938572314266
0.2794112568671626
-0.5546521740252928
-2.4389156741965743
0.29919023193524596
-0.7982954041361826
0.67097895230809
0.06531298209520166
0.5563726356303212
0.07097369946330329
-0.8309122767351046
1.7874881268636478
-1.4652718922619843
-0.7077806012533804
-0.5067649843311867
0.15412612195921208
-4.00321483895349
0.23853024804867523
-1.3240740224170588
-0.9870645018265755
-3.8191217442126444
0.016526919568992212
-0.24341273400599941
0.8076909285068006
-0.3890806320283818
-0.029873301238399735
-0.2279421811993351
-0.058726154150988065
-2.952300379717868
-0.06192420307918384
-1.7414621884699064
-0.15920546756223716
-1.200278547629519
-0.2206089442323747
0.8953642466782391
-0.8788683225758369
0.15792106310105022
1.3606102081532243
0.3464884637121861
-0.46675998922774176
-1.6409876355442632
0.08815389439063595
-0.8243061218680782
1.6461742700709872
-0.16871059340109437
0.12834352686203132
0.4820071575331335
2.4872822063506024
-0.03186445519051878
-0.1980352692902684
-0.14318892081496717
2.0167870996964394
0.14517660212301317
1.0548298655909851
-0.31112559096553166
0.8637374203040158
-0.05819781209010468
0.3133327182294511
0.23539782898458045
0.196102006192667
1.2824995171151703
0.9531190065640852
-0.1600485020702735
1.8867829586770133
0.11396137931977085
-0.1474629512920275
0.7385114033935309
-0.9913213765475527
-0.2702581429945199
1.1937159268413344
0.233828368383815
1.5979038016632232
-1.0362618268600754
-0.73332572938182
-0.22345012853850613
-1.2605330928758123
-0.7702966741909115
1.963239425150031
-0.7802593511586415
1.287666234424088
1.464627096617971
2.0398783831635052
0.005312996987452244
2.2179798535865167
0.20189221463242563
-1.5683103623755346
0.4802431217089253
0.9863533649067882
-0.9363924175512874
-0.5581606597524724
-2.532102514889872
-1.4495027514008283
0.4340458417403739
0.8004861829342416
-1.7045682058939229
1.8497396187562343
1.1711569047523394
1.2215863641689189
-1.8878235687412626
2.716779250089655
0.7419454839354505
-1.5539532824238125
-0.87266099250837
0.018414674992790234
2.0880556826101366
1.1596720695600649
-0.26181926225411944
-0.5643263981100652
0.8984744552644249
-0.615609378763034
0.5457675565851895
0.08865342604481198
-0.4854300292099559
0.19990906873755743
0.6692170163616249
-0.9109282350134591
0.03587475689865233
6.018488241659447
0.41087149725587946
-0.8581064089305639
3.225827342989221
-0.817796664340849
0.5126419407570822
-0.7282758237421852
-1.0947942126320425
0.693102642806306
-3.458556175396498
1.3124871320962173
-0.41217109467531066
0.5662974270236241
-0.25164439072714906
-0.7082984878739741
-0.5909806957906559
-0.15667704113415423
2.1698120606028333
-2.5624049859507747
-0.004123957225821316
-1.6264386223655336
-3.5420270310360187
1.1417282628300274
0.7431518891662433
0.2497939475366577
1.3005838452623268
3.199307326971512
0.3788945813356445
-1.512337449000157
-0.3446027608484171
-0.4621603417313228
0.6013530753601953
0.7174092950467068
0.2893691934028053
-0.9386611136841436
-1.6867347917296749
-1.343434747480176
-0.43417147649256416
0.2669506045033126
0.018200997353117917
-0.5580907788634847
1.1664224858807133
0.4357061512284045
-0.6725512822240407
-0.3547455811109998
-2.0402862221231133
-0.05913780047876319
0.48585476316713366
0.4591318803303763
-1.473494365832131
0.8838896376512586
0.8637131313353253
-1.7001956729253438
-0.31774515479411936
-1.0164180491030224
1.1705500309195505
0.39888474312649197
-0.19109838305997393
-0.7088385132973097
0.18597335460166411
0.7076552931871831
2.0195690314776207
0.09983946271146815
-0.5105135110098877
1.0700897993656528
2.6061835093368346
-0.6693544407027101
-0.6455638640597768
-0.3411422632710205
0.7623349032924569
2.1400393396639714
0.9776926396646978
-1.476178401488808
0.6771935024380358
-0.8692556629724841
-0.4357029543010841
0.38401900916806914
0.4822157523663996
-1.290762604006375
-0.06471510855732449
0.70965727182503
0.4157154686219019
-0.5855344021783594
-0.9273147312621742
1.9796172986139575
-0.5318231797328637
0.9402443990239584
0.5799169172746745
0.04998766023735514
-0.6355866061241288
-0.16740800096185496
0.8191710175672265
-0.3623213033063791
-0.7013072649496407
0.15126548999113218
0.029359553130444502
-4.024171601067303
0.23624170181026652
0.1118650279542458
0.5342409906686993
0.19309248518586478
-0.48675557052479423
0.00316354159502761
-1.3732963210183566
-2.4500650299266855
-5.697461153181701
0.35243672336228504
0.03364850323030726
0.14219731378899747
-3.9589651519555957
-1.5025081268588452
-2.3056245438990994
0.6813577177608691
0.48382594957036856
-0.1287666671476777
-0.1377949443111509
0.04756512991530107
0.7510612685255678
0.43905125866508893
0.2507641056041419
-3.073936697158774
0.05717737817870575
-1.4304260703709526
-0.1767555069421973
0.30062979286290203
-0.8747645813323252
2.6639382858403065
-1.2979335639295149
4.698349382399742
-0.7458387172746591
-0.19659938766787236
-0.4129683018848228
-0.30151582918499287
-1.3783889423052054
0.10701846152960216
0.8118082991490323
-0.6357218644899786
1.33750615954049
0.6233172092548309
0.09486422219329985
0.033900659726016434
-2.0146413254653077
-1.1300522732074996
0.578616188865935
-0.04515401656591347
-0.15000303446682786
-0.4424544220207427
-0.4228157043499251
-1.105202539352797
-4.518508441008669
0.11252174196088513
-1.7911486233986529
-0.379394509210663
1.162246739315633
-0.19210532249183457
0.7967346971495453
1.4615259584492806
-0.5676787895491703
-0.7492968951891124
-3.911749212387022
0.4833368797885752
1.077432741404985
-0.5199326286481898
-0.7286258892422282
-1.968527255053225
0.714809883959525
0.06115564600265407
0.9711300103653419
0.5467075773222928
-0.6295353641430467
0.09646781717807901
2.4638457614807017
0.27860469643683816
1.131945578248521
0.5898350155958004
0.22702730387872216
-1.7095781892302155
-1.0247688588033905
0.917265333817729
-0.4732143458492342
-0.79711720335717
-1.0875436158320368
0.31832492261784184
1.7807603232899323
-0.0943006539747412
-0.139497610606248
-0.09073127047571383
1.7885680139944167
-0.25560851449905553
-1.9705953209696792
-3.0857566899754825
0.5311152288041903
0.15776926880228825
-0.151158054882449
-1.0222912800452426
2.131849555144145
-2.4054130740331616
0.3002895442502872
-0.3372760994708306
0.8149909185175479
2.0484902195195964
0.12658006376069786
1.0885394292828843
0.2601059283531165
0.20492790492183388
0.29673349339424976
0.04062969386604481
1.1904146482426536
1.9768221312009173
-0.7105415467890769
-0.1707300794769653
-0.041136507020991024
-0.8101311375771563
-0.6376791661165181
-0.1164791092244274
-0.9248599924159122
-0.7577720280052069
0.9960470982803672
0.2425379819229029
0.8018828109815397
-0.14031419010369442
-0.6930050006944198
-0.28001540461248214
-0.37720891092775466
-0.9060910185986709
-0.05441200573536638
-1.0228341797354517
0.4541609641256342
-0.832039814819275
1.1203799349028418
0.7584252593935409
-0.2659925892488191
0.8059309987435097
3.1633512786933276
-1.2643642653109128
-1.18015889678577
0.14241221293831427
-1.582580603757451
1.6112505569735318
2.645753892990333
-0.923920187361208
-0.40777262663403147
-2.1015068271903745
0.501433124000929
0.7416744334799601
0.7070510503628555
3.4898136335608556
0.5079145270951001
0.4589653241562963
1.3898874035877464
-1.7042892513973047
0.778407482157611
-0.27715817079486665
-1.0018983496883005
0.00882655866975428
-1.519091109803446
-0.05666658177628675
-0.31783135672994167
-2.6702464424077332
0.23331953452231827
-0.7114446655429821
-0.3476609328701883
1.6117986368744486
2.186878306084704
0.8391330312653937
0.53211296753599
0.7347661579812109
0.21529991513105814
-3.1641736911609075
1.7054762812369695
-2.341652401021079
0.7561422986427347
0.9527757351981233
-0.36948074474239445
1.2526510360310783
0.8618270291555726
1.4653777133375383
0.32144496555841096
-1.0358950537260276
0.33554919827616836
0.10221504094539464
1.8576600690753875
0.45471944769618355
0.3863183794866287
-0.4942265591955126
0.9251353038556414
-2.7271542556362336
2.11034802978224
2.2443428267481074
-0.16073536053803164
-3.1722712753281717
-0.6699986863634099
-0.8674563689537106
0.5093931571331904
-1.2948586144668592
0.8415618729332375
2.972225459789253
-0.9268395570163506
-0.26204876258470633
-0.14063373526811143
-0.7251251908971253
-0.9682006302567527
-0.6699169680795845
0.32078576941412296
-0.06735340275153961
0.5574206959466701
-0.4845187683781874
-0.27654808333202563
-0.21961678597260392
-0.4921841104354327
0.7300546252835375
2.656297376558512
-1.2687929263226507
-0.21578447997340466
-3.3995326034690794
0.5086528178575771
-1.3987686573850056
-1.3036309660979577
-1.4900270389700112
1.412332120303826
1.0445852770599338
2.508292223422053
-0.04657713657382774
0.5481132484429597
0.12637841733329244
0.011657170014284809
0.1465952192069818
0.5371634166058721
0.13273680227605483
-0.22779105001278246
0.3739356047808714
0.1638466982608591
-0.35791478935388976
0.13736221099820198
-4.895082132914991
0.9323131350224485
0.07376848977036815
-1.0510772096065801
-0.4858888757519701
0.2073602314954027
-3.2494255231445344
-0.6877154504807175
0.31089830349741654
-0.19929151489896296
0.7681464690751749
-1.4655812559210117
0.1517087491316239
-0.6789135075683332
0.8969921570621928
0.8188165597783698
-1.0585525467610881
0.09807666783700723
1.2132038564085161
-0.5498575749622784
-0.4785048446497248
-0.25588881317469886
-1.853872929207122
0.072383873705394
-0.15227045601425068
-2.6639419994419016
-2.5642422392984843
2.268587420174828
0.454854606080607
1.5754583076092745
-0.25444444333753913
1.2254705077409933
-0.7225538421599719
0.5604676984728718
-0.3435717285935934
1.2950402319559702
-0.8041575920409186
0.03851087656721142
1.0102748988755068
0.7177658982591418
-0.8529728285847445
1.065271374953297
0.6351990675331249
0.275368315689129
0.02958207558563062
-0.11118430006236964
-0.17926385027340053
-0.0918755750786699
-0.6110892273357144
-0.5400039605081158
0.5551985014141654
-0.7958258919096759
0.2857503836872988
-0.3149831518651454
-0.7151043944918575
-1.541331108753378
0.7485219670346992
-0.9564350144266055
1.3040308010202963
4.168195959667032
-0.827298038193405
-2.435839438259905
-0.06201312941507225
1.011048056592073
2.0113550880988016
-0.26921090181964347
-0.27449387829677024
0.05405786875388988
-0.23954527572826792
-1.2732513793903788
-1.0436024989186843
-0.4942278218493743
0.46039247485435875
-0.1862005705959869
-0.2253480989501354
0.9570351469194822
-0.8283575081336773
0.27455433318108113
0.17748189481516566
-0.002854166518311906
-0.6650190540473728
0.6337755242414894
-0.2257458349207277
-2.5719830215291957
1.2480622159789279
0.13345047631644164
-0.42811322104068644
-0.3188852866783422
-1.7387870106833079
0.598609267235428
0.7385207118411828
0.08199427025694687
-0.5911438312931184
2.1625870894993353
-0.06817696039243291
-0.2799201543387482
1.1733217698276999
1.442509948352812
-0.6806649658169748
0.7579220010031544
0.6902080896185561
1.146110830263767
1.9484988389208104
0.22828542023075507
2.545716957126622
-0.897743329316255
-0.15098344909752234
-0.6676050062476291
0.6708274389687854
-0.5582589311345175
-0.1863911088749084
1.702153232728031
0.6041889025316682
-0.7964269739186549
-1.3207996670534723
0.2547460451076148
-1.0553189066961688
0.20153311337527252
-0.3898548613689566
-0.29525915278326786
0.0694113733968439
-0.3556775224552447
-0.7379705293700115
-1.080817513491524
2.3007342993872912
0.32951237636852704
0.26986069635012533
-2.447782899456911
-1.1387223994550417
-0.6602289342179343
1.0970702383310773
0.861712509809466
2.990103654826494
-0.2590027629594972
-0.6284703545847999
0.7880752107142769
-0.4761071523762352
4.769581144635308
1.023847408642372
0.05077703375292535
-0.38054535168684483
-0.4609358763324312
0.3376097561599322
0.6706908751986578
-0.7428039757558632
0.53925686425165
-0.2230193244552773
0.9629586139554075
0.1408778820586973
0.7403388215077574
-0.3760795316651553
0.4643747563154528
-0.9697512786884064
-0.48061279637393034
0.5727798295055365
-0.25632895391969956
1.8979587043866657
0.17187223991935677
0.019349461183436018
1.1163968192745506
-2.527755200892881
-1.3736446064011456
-0.23301157072348463
-0.019827022436287752
0.4039341187123927
-1.0660539697868239
-0.15350956870591556
1.4179682831688023
0.9836268593049857
-1.4561317695845184
-1.8412846231735513
-3.835266831917493
-0.20511691180328134
-1.0173361170472428
-0.1176341534897739
-0.7444259743755923
1.5339327555221445
-0.38481361314349094
1.8487294311095874
-0.034091158838920034
0.44267536504069394
-1.1090093332051105
-0.8925221917100401
-1.9841133082000295
-0.19290595132379212
-0.8099059894970081
0.24339463632875782
0.07322560853323692
0.003763867523780256
0.06986367383459272
6.160265999935765
1.648708971388347
0.3366117653304399
-0.7181167515635947
0.28742473010427005
1.4940963503408704
-0.13354940979590038
-0.1530023730903692
-0.6473032527401376
0.66278320539899
0.7974710592828789
-1.2459822738647675
0.1740434822833499
-1.2315794166717398
-0.28448466609812756
0.24353578958235203
0.023881330079331218
-0.37989353936210646
-0.5561901986427247
0.24918809506177614
-1.5495493065351749
0.9419360689537309
-0.3996323498797736
0.9367094245585821
-0.3903403768323965
0.0012056205324120527
-2.329583267148657
0.2960975174184938
1.896255800187672
-1.0007109882445346
0.5882245616706776
-0.9345337821890694
0.664745657515011
-0.10635981480583935
0.5372994288478316
1.4762119214258482
-0.1041774142097812
0.4153238918629887
0.3211608860195162
0.5181500986277573
0.8269965111699927
0.9702911519439514
0.8242406187594871
-2.7565368442315186
-0.2117967626349539
0.7361114546681462
-1.1076149618305289
-2.2969290199812975
-1.387223456957664
-0.13747935868610292
-3.5515679949908887
1.5510374349843878
0.6713889422065851
0.2826436928763833
-0.3168465556010239
0.04554126006505473
0.5167407985697683
0.21552109473082054
-1.395680356153278
0.225252685857486
0.1478762823992814
-2.5732888254839157
-2.3432787483402118
-0.6903961612657789
1.1649672662837196
-0.19295833985152958
1.7359862057276187
0.3893169510728418
-0.5415549751298273
-0.42788178484193723
1.018217293520807
2.0319610711036185
1.1514586320150844
-0.783540324549464
-1.6056152557417265
0.18393835339221656
-0.21084940679886877
0.27344914045002766
6.564240434382544
-0.15227540127049607
-2.875434871511472
0.4462665763772926
1.2211382297121505
2.7168790003786376
-0.06169735803497848
0.2995553852225292
-1.5085151742049372
-0.950744497174163
-0.14182209280282154
-0.8476983396394546
0.2640593875294372
2.2628209620343127
0.04848367889713769
-2.6886005557180086
-0.6429445358784912
-0.8808473812990879
0.566754842915544
-1.7772813518938064
-1.3701494235830811
-0.012082952531785452
1.3629883248317807
1.7892015191695294
-0.20152855391619853
