%%MatrixMarket matrix array real general
1000 1
-3.43061205372401567e-03
-6.79248505797980327e-03
-3.72929479993321837e-03
-3.40880176999431520e-03
1.23917485496784774e-02
-9.79960595722823534e-03
-2.34057165663640199e-03
-6.01404044248072395e-03
-2.14469997771175348e-03
-5.65130317059718383e-03
-3.34479279213895087e-03
4.44374774639155843e-03
-1.30223566069476333e-03
-7.73308628677805716e-03
-2.76289392396557353e-03
-6.24179573450939218e-03
-4.94520718036916196e-04
-6.17221506131627930e-03
5.97665840423623126e-02
-1.47933019532920859e-03
1.22971914324559554e-02
1.45346940439561182e-03
-6.67636609280819384e-03
-2.42535520754800712e-03
-6.17982772477387345e-03
-4.55839910454970861e-03
3.30645063812395152e-03
-2.40328751644801808e-03
-2.59199401251078215e-03
-6.03399368439655766e-06
-1.24073389757000940e-02
-3.75838000818047926e-03
-1.35486891490051750e-03
-3.45816061576596692e-03
-7.50029788761254115e-03
5.53368558609749518e-03
-5.33297482352970611e-03
4.88817795498883503e-03
7.77915013932612906e-03
4.14523773085123236e-03
-9.00336310774835918e-03
-5.85860081933067215e-04
-4.98005834951670799e-03
-3.26909798205745131e-03
-2.47383224355572856e-03
-3.68623646535405115e-03
3.51719309963609934e-03
-1.88334532719453061e-03
-2.40730612690058608e-03
-5.27148785000848552e-03
-5.95412694953482806e-03
-2.50544859370502911e-03
-5.12451306543424030e-03
8.78410782888522923e-02
-7.67317828844603627e-03
7.35018669244385126e-03
2.78172162145841556e-03
-1.38389281990828399e-05
-3.87436476625254789e-04
6.31409675652646468e-03
-3.29008674890045360e-03
-3.61754551192077379e-04
1.56780539421363593e-02
-1.94477824656799311e-03
-1.06929055157586146e-03
-2.19489620409177907e-03
1.19421849315189035e-02
-3.85630745705212467e-03
-3.19568791242263355e-03
6.65371596378216707e-03
5.51256366259952457e-03
-6.71058489792229979e-04
-2.94668507098079773e-04
-8.33305925012627156e-04
-8.90742201124949430e-03
1.74887401645769857e-03
1.00959505834388626e-02
-2.22937593443021682e-03
-5.23989094917721391e-03
-1.07209674582778424e-02
-7.43276964740260428e-03
3.45168043701105662e-03
-3.38092242773599307e-03
2.89096014891148737e-02
-6.69845298927279099e-03
1.44827411702475369e-02
-2.03560901278342608e-03
1.13462917762028465e-02
3.78669403022103938e-03
-9.70723061814830063e-03
-4.44348963649766632e-03
7.60888160781349361e-03
-6.18203619624022298e-03
3.95957559882344971e-04
-6.63709054369106786e-03
6.15055187975421542e-03
-1.46315349530398340e-03
-2.81909595691734894e-03
-5.67692498289254152e-03
-5.92989137653888217e-03
-7.46195690554426246e-03
-1.00546230774450408e-03
-9.68722209131863028e-03
-7.18288288138835035e-04
-3.04781438360898858e-04
-7.27492760109289382e-03
-2.72626841930298123e-03
2.47353176221202576e-04
-3.57663881300863355e-03
-3.54143941824177624e-03
5.58374919748827817e-04
-8.43444621580527638e-03
2.07251429321577384e-03
-1.17683212308798378e-02
-2.91308911906689155e-03
1.26273382374656861e-03
-3.28206864674860559e-03
-8.65588136219178658e-04
-2.65726847573212119e-03
-1.36782413048298023e-03
-4.13976498544203417e-03
-8.51248272126688132e-03
-7.76617693618653158e-03
-8.79364233381152785e-03
1.71617554902099741e-02
-2.78108884346468452e-03
3.37988778261270814e-02
-5.96202247821970947e-04
2.85822642988665422e-03
-3.41508342764890649e-03
-4.33417021717575832e-03
-2.99031679030316300e-03
-6.38485427293020158e-03
-2.66170792691024271e-03
-4.40769317255248084e-03
-1.32100787001230582e-03
-3.72140494564575808e-03
-2.37362426613985491e-03
-3.73831094405267317e-03
-3.76266708735393434e-03
-3.06002671846737021e-03
-9.94927273912981974e-04
-7.17436799512871041e-03
-7.07251613164868939e-03
-4.55142339178347328e-06
-3.35059042662835468e-03
-8.86312567436596532e-03
-6.49097562469700979e-03
-5.90835035175667992e-03
-2.09317936537254745e-03
-1.27446681837041086e-03
-1.50983502089157705e-03
4.06037138625543216e-04
-7.56496691660018920e-03
-2.87593978149307912e-03
6.77732731364533159e-03
5.67574675799796449e-03
-5.92636053475456819e-03
1.07616388213961633e-02
2.81917402792079700e-03
-6.57929121020059317e-03
-8.81730126842763563e-03
-7.26985992422864461e-04
8.21430540275693011e-03
-6.64691190959256026e-04
-4.30678325104943364e-03
-1.03852623187218052e-02
-4.56805278442561774e-03
-8.37073399849389173e-03
4.89231538082619821e-02
-2.34236842147929033e-03
2.45851406618094155e-03
-8.72368166043402914e-03
7.61470669617424819e-03
-1.40813283325911176e-03
-5.57522821268714892e-03
-3.58410795176120414e-03
-5.85251002668114948e-03
-2.26519868660781656e-03
-1.65214214951047355e-03
-1.14391748505706953e-03
-4.94175265519163770e-03
-3.86705492230074270e-03
8.35453813203870799e-03
-3.23208804967536380e-03
-8.08865645279937748e-03
6.82014300823563860e-05
8.74342547390267594e-02
1.00027618448689081e-02
-1.04409119075473864e-03
-3.31265509237678273e-03
-3.37768583992383324e-04
-1.45733688347552694e-03
-5.03985616772227325e-03
-2.94350030655216597e-03
-7.26439181962691607e-03
5.68325611843454020e-03
1.32117210687684311e-03
6.00390393939799396e-03
-4.50942106088538137e-03
-1.78793369303881016e-03
-6.66094700298679957e-03
-5.20532037817488490e-03
-4.18095139801885011e-03
-4.45078462185562618e-03
-6.27695277721238790e-03
1.17477587203701564e-02
-4.08546954062563236e-03
-2.63090218040793562e-03
-3.43743807040938765e-03
-1.18571470704517223e-03
-1.52854679736361934e-03
-4.28277898823930733e-03
-1.13760886446986789e-03
-3.20011270140534761e-03
9.91886941820988369e-03
-2.91528837271749428e-03
-5.73283003213102393e-03
-5.75412475759514656e-03
2.46819207244384836e-03
-3.11504532191378457e-03
-1.40192508079978683e-03
2.13330547453735467e-04
-5.11520742041841371e-03
-1.69498783598979455e-03
4.93890426632475482e-03
1.31896293128612088e-02
4.30393738768382501e-03
1.45968287271703752e-02
1.60753188312156604e-02
-8.02862108900556648e-04
-4.88067570589662079e-03
-2.99078390145118139e-03
-2.72804977116756662e-03
-4.02637557657449258e-03
-5.64485938217391611e-03
9.27623075201565624e-03
-1.02531131899949741e-02
-9.64693078701355997e-03
-7.86343762209450702e-03
-2.82498044903852852e-03
-4.16699449852593433e-03
-4.15607316393734778e-03
4.83760956209246403e-04
-4.01427976035595609e-03
1.46572533895648937e-03
-5.52503401650170090e-03
-1.24468856989180775e-02
-1.05411386083750537e-02
-3.31624563698656527e-03
-6.55255279683472202e-03
1.38668182952363843e-03
7.81046829872768592e-03
2.57953839028110575e-03
-2.38933336164858000e-03
-1.66933187748289774e-02
2.11905907820175085e-02
-7.86997893531543417e-03
-2.37523310675838949e-03
-1.06280554255541683e-03
-1.84973868559908821e-03
-8.57766696530526569e-03
-8.43349378940107600e-03
-2.58767827894519241e-03
5.29986384898975798e-03
8.24202834990006399e-03
-4.40551165294537743e-03
-2.51713141934217181e-03
-5.00199041925985036e-03
-3.80850652291847168e-03
-2.69831050242794017e-03
-4.88979568898540405e-03
-6.26377309068028645e-03
3.49099341078140972e-03
-3.34958880985918592e-03
-7.54213121608807505e-03
3.04776474112288236e-03
2.94584479155846546e-03
-2.64258121820166569e-03
-1.42254283684779955e-03
-5.47442478921028423e-03
3.27673245501306082e-02
1.16443466917406820e-02
-3.35870164773454955e-03
-8.87087633808832945e-04
-6.54098658361716104e-03
-1.56643223042328070e-03
-8.47900781910767946e-03
-4.61987256861903610e-03
-6.68216578504020418e-03
-3.45750669801186484e-03
-9.09401837347650899e-03
-3.90680937682374736e-03
-5.24196909712619508e-03
3.60890773765549676e-03
-3.48583290320136517e-03
-4.77265351137168975e-03
-7.47433374341421874e-03
-5.50836877301469525e-03
7.71798670126055530e-04
-9.14497708120103254e-04
-4.56007341870262508e-03
-5.58506007650447830e-03
-2.88963040262357187e-03
-3.88499685947459213e-03
-3.89755126439293720e-03
5.47510494773250592e-03
-5.06255764618061084e-04
-4.40736682122110958e-03
-8.11090567457143849e-03
2.12647177052805499e-03
1.27101664507541130e-03
3.25511901950112162e-02
-2.34991640414723355e-03
3.28139567511521449e-03
-9.19472157287961993e-03
-4.12000812187533153e-03
5.34102434698763024e-03
-7.22568806718623907e-04
-9.72365541839364383e-04
-4.13402166789339238e-03
-3.08746841060959483e-03
-7.98712766777328644e-03
2.45069577094929943e-04
-4.29516337398832930e-03
-6.21668032476022439e-03
-1.71695675390353061e-02
-2.28080728028810711e-03
-4.42563583389399002e-04
-3.12763604240475163e-03
-4.44507410386208585e-03
-1.04471051530775644e-03
-1.08444662621657163e-03
5.14759834351163187e-04
7.31701778050380600e-03
-1.79222546479921685e-03
-8.29043440447366393e-03
-6.39690617440201968e-03
-2.38222507864707753e-03
-2.88931744632113052e-04
4.84473993729689324e-04
-7.40769823646767172e-03
-4.51333303195951968e-03
-3.06817282258788808e-03
-3.28845000496344258e-04
-5.00215836017437951e-03
-6.49005251798155311e-03
-3.21900499300873007e-03
-3.94231904441560369e-03
-1.74109034473718220e-03
-4.55638867421726598e-03
-3.58886782008392084e-03
-2.69145662348814745e-03
-3.22176309703117378e-03
-2.04114337594091168e-03
-1.92997112110745821e-03
-3.30795302283556870e-03
-9.85080407861010313e-04
-7.43145351147329446e-03
-7.52592004841549922e-03
2.54101302149604361e-03
-8.46293686759130859e-03
-5.41531594163402723e-03
6.74516023897031719e-02
-6.74531686025728154e-03
-1.30365315326165434e-03
-5.48087077509129376e-03
-3.15551407187160144e-03
-2.63057528145621881e-04
-2.31196366773070774e-03
-2.71717634948579270e-03
-7.16659994936529477e-03
-8.90109698563621744e-03
2.09934882514748464e-03
-2.82026015461585592e-03
-8.74979140326090192e-03
-3.49174223798650457e-03
-3.88333410906723181e-03
1.00995927499425465e-02
-5.01170103843270463e-04
-3.29229229896270100e-03
2.79970394742701419e-03
1.83426619527348031e-03
-4.01764845765237993e-03
-2.97857369512920548e-03
-3.80231240470003300e-03
-2.06392522118512044e-03
6.17214496388257625e-03
-4.40679253666524575e-03
1.22677898159247352e-02
-2.07342086804747057e-03
-8.30331731864247498e-04
2.16683248304724019e-02
2.24972638473325166e-02
-3.47438915423108063e-03
-2.07221733941815450e-03
-8.98409296643993931e-03
-2.45004166480418673e-02
2.69651764715252845e-03
-2.47573154855123276e-03
-1.05252803742866309e-02
-1.82992090029401779e-03
1.81196747703015540e-02
-4.13896243906313691e-03
-7.10158653036682078e-03
-4.39314525241778914e-03
1.52857282239091646e-01
5.98830247968628986e-03
-4.54354173927851157e-03
-7.48220251020845564e-03
-3.97087092096198423e-03
-5.10895290423781998e-03
-6.24079538338839172e-03
-4.83022509863497568e-03
-8.22672803367282949e-04
5.20805890674845215e-02
2.60383887583381718e-03
-4.81649880349464647e-03
-1.95462075632712312e-03
-1.30538658289731761e-02
-3.97071039174618987e-03
-9.49910727782288071e-03
-1.56446862760687491e-02
1.05648740147349651e-02
-5.58477905032895607e-03
-4.24580303335084057e-03
-3.87206576598628184e-03
-2.46955577168901175e-03
-3.76375965048042667e-03
-4.63414004623259167e-03
-4.17031037251675701e-03
-6.56513240117413861e-03
-1.08401303512234842e-02
-5.49079613628368924e-03
-1.34660579329592370e-04
-1.09491530225236128e-02
-6.42008683396609256e-03
6.24855323392165267e-04
-8.00681409150616127e-03
6.68295340130309768e-03
-5.00868046900967284e-03
-5.34084563553831630e-04
-4.61724188252549388e-03
-1.34373313245963457e-03
6.31705049068377513e-03
3.28307324090256966e-02
4.42328764631243925e-04
-2.99744566217140154e-03
-9.08969412931387791e-03
-2.57403990903142237e-03
-2.02514477842532983e-03
-4.37660041237747204e-03
-1.06516444398683033e-02
-6.95813466964019869e-03
-4.87325531651532345e-03
-8.32549347544359638e-05
-1.39815828861744465e-03
-3.30503228193245423e-03
-8.32140189700628086e-03
1.57935086405002140e-03
-9.74174385845239257e-06
-5.86624899098631223e-03
-2.21596149902719827e-03
-1.31219632383932998e-03
-4.37116022986669839e-03
-1.69703641080137524e-02
-1.64201763166129657e-03
-2.98439301673850393e-03
-1.26919441138397264e-03
-2.41905305905343098e-03
2.76979217872987398e-04
-9.59982566853541559e-03
7.62029275580205275e-03
-4.96228249274398812e-03
-2.65612717351727725e-03
-7.53472522270139371e-03
-5.78767238595180415e-03
-4.79095883799921310e-03
9.05327358420131940e-04
-4.86519633644423924e-03
-5.08775419450701108e-03
-1.58341276097624054e-03
-1.92914209416964908e-03
-4.68426982564408134e-03
-4.51061931695985029e-03
2.68779088533487032e-03
-4.29205180115250096e-03
-5.39943058550763823e-03
9.40254019287719123e-01
1.83354590856223201e-02
2.81125850099643842e-03
-2.48150312585188959e-03
3.40103365120613830e-04
5.53991871172200296e-03
-1.39825051173835349e-03
6.42676390995788383e-04
-2.13057506845861291e-03
4.76927727848994957e-03
-4.81866326270660207e-03
-4.46884356783263607e-03
-5.44768707308562836e-03
-4.81652532476677456e-03
-1.59280133280048750e-03
7.61321791685926367e-04
-7.26806016112215361e-03
-4.31345410079976219e-03
-2.54680299858658704e-03
-1.03512839893473330e-03
-6.89464371859521458e-04
5.29496034296355646e-03
2.92642345307971355e-03
-6.41031499669521190e-03
6.23298727866670142e-03
-1.25459500320056483e-02
3.63093548900050237e-04
-4.07132910866699928e-03
2.36575706527538071e-04
-4.64644718946953961e-03
-2.21715253629213788e-03
1.87757707318948188e-03
-6.40547749136349126e-03
-6.23500076105990095e-03
2.82126776230193351e-03
-1.34710452538818384e-02
-3.75787686445170407e-03
-1.86474775727228583e-03
-1.93572181040918600e-03
1.81161674228132591e-02
-2.27382842450235892e-03
-6.26451518136835004e-03
-1.02886162714693188e-03
-2.10160498594341152e-03
3.77840828057084783e-03
-4.62618589652683335e-03
-2.28462704341449076e-03
-3.66938264411184384e-03
3.20405357933066558e-03
-7.57944634949529218e-03
-2.71780650709269218e-03
3.37488454915853102e-03
-1.85219634324740767e-03
-2.94645999993101973e-03
-1.89712153423274126e-02
-1.02497370929254365e-02
-9.55583927068135927e-03
-7.07530226428197077e-03
-1.90862856704268375e-03
1.36494367428013799e-03
-4.11803281780944667e-03
3.35528476533582319e-04
8.67415258417944014e-04
-1.23212047573797671e-02
-3.17390566580458928e-03
2.01852757348526144e-03
-7.03161039914429204e-03
-4.20055755141060787e-03
-1.65368313210995576e-03
-2.91217193236733727e-03
-5.46917004206170718e-03
-7.42605031033068716e-04
-3.65659040831627351e-03
-3.00910880844996054e-03
-3.82737990584196058e-03
-3.49528150419312978e-03
-5.27678741817313914e-03
3.43980737700642295e-04
-2.99588787076116502e-03
-2.99872945977873754e-03
-3.64692491390390672e-03
2.62714293346448767e-02
-7.75926721577967649e-03
1.02684193131334263e-02
-3.12907687701206383e-03
6.82478107971647174e-04
-1.10490347566506199e-03
-4.17241716132438038e-03
2.07950436312560674e-02
-7.19863127534341347e-03
-4.27300078058173369e-03
-5.04093599925017205e-03
2.49578003366524963e-02
2.05908345066881555e-02
4.73862755896633072e-04
-3.40802439075693197e-03
1.55770134504190760e-02
-3.93445539062028341e-03
-1.28838903913702108e-02
-3.66848084329947930e-03
-3.40490887632990697e-03
-1.88423376119309957e-03
-7.58211848335270389e-03
3.73374705273153565e-03
-6.81119157551231518e-03
-1.75719232554054222e-02
-3.60759610962076193e-03
-3.43516411151356758e-03
-6.69893501694183904e-03
-5.93165496472254465e-03
1.72229523948895825e-02
-5.14186490883066210e-03
-9.97436487469023463e-03
3.52899881168051944e-03
-9.59185485113870848e-03
2.95922615311482911e-03
-6.76767234716223708e-03
-4.81927186704413958e-03
4.50044303104638922e-03
-3.29593876546489806e-03
7.78568761157103200e-03
2.53641499891213386e-03
-8.64649798094090961e-03
-1.92118070375326528e-03
4.55182541461917212e-03
-3.52129834822666622e-03
8.80011361761225998e-03
-1.69445590894119107e-03
-8.01812593165461725e-03
-8.16965523493117830e-03
-3.34499652177291593e-03
2.75973299600562952e-02
-1.26075900659900343e-03
1.75838025773902232e-03
-1.93193606966249581e-03
3.84754266336796297e-02
-1.74354078186558965e-03
-5.79688399303768948e-03
-4.94014007038033696e-03
1.57808109187858227e-03
-4.94499882770953799e-03
-5.79438484479731768e-03
-1.99859432874819606e-04
-2.36301801169661475e-03
-6.21102477749010343e-03
-9.26018993752108534e-03
-4.59476879388770205e-03
-6.30106209322635856e-03
2.33642964880757071e-03
-5.04742173215079037e-03
-2.48579724240376729e-03
3.44350184748175412e-04
1.47793885039657312e-02
-1.21569522813059507e-03
-4.40041305259870376e-03
-3.80513498391622925e-03
-3.11446822987343887e-03
6.79744819548692286e-04
-1.08703369870761408e-02
-6.12092165245228369e-04
-4.45741462418380602e-03
-3.58499032215285488e-03
-3.22932801827643425e-03
-2.60478262655280610e-03
-2.56653360857102622e-03
-3.55752721889666598e-03
-3.80955231919320606e-03
5.48569001302182916e-04
-4.51270802923086408e-03
-3.69125544143134900e-03
1.82132692190319460e-02
-2.35399794369648644e-03
-8.44107708305681659e-03
1.96963859527942049e-03
-1.04586424128073376e-02
-5.44231995511869609e-03
6.91835663073959474e-03
3.76575797951416444e-03
-3.74240562878125002e-03
-7.47840867221769359e-03
-4.05679031477567190e-03
6.15705121198551115e-04
-2.96981827408105987e-03
1.85235784113242270e-02
6.70002222094718538e-04
9.01699823608225729e-04
-8.00799932614714403e-03
-2.14284631269804704e-03
-3.21275538969779820e-04
-4.75648263663920080e-03
5.85647432267469552e-04
1.97168434692437632e-02
-7.56842961967457272e-03
-6.80528276703959694e-03
-1.20894506876725199e-03
-6.84762730812691917e-03
-2.48122878471009143e-03
-2.80798409462268417e-03
-4.80443660069060710e-04
-3.10518982122617773e-03
-6.78642571483176367e-03
-1.49873774665161097e-03
3.91751663169282675e-03
-5.31579633583562864e-03
-2.48519099929918373e-03
-5.75644129389855756e-03
-2.58802649592670833e-03
-3.16804210773086918e-03
-6.16609893743695278e-03
2.81703273569271113e-02
7.23911649997769219e-02
-1.28846702714454364e-02
-5.02860365227809480e-03
-5.04856049061871894e-03
1.16012659195420683e-03
-4.60923397607459345e-03
1.18406490529590260e-02
1.17256727079572456e-04
1.78207477815416179e-03
-1.84798063340419340e-03
-1.66094620369077383e-03
4.41187057950785232e-03
-3.38510757887097290e-03
-4.59404129283585289e-03
-4.69078300846523504e-03
7.62069647614767570e-04
-5.90966271648177537e-03
-4.83658858067839616e-03
-3.21446916859494548e-03
2.36752098708354480e-03
3.08947063355012562e-02
-2.02341111523419602e-03
-3.16602138210878839e-03
-1.95356634010341711e-03
-5.16247211426894802e-03
-3.61606046559068660e-03
1.11314988066289451e-03
-1.12376835541939772e-03
-4.61474678065193836e-03
-9.75835712367802317e-03
-6.00289890143352982e-03
-2.97812139280650024e-03
-3.23459450239111908e-03
-1.68003813380823686e-03
1.23795421276236381e-03
-1.16501624663736553e-03
-1.35290718294666474e-03
1.20583952812420743e-02
-3.16709585346272105e-03
-1.34378423530117155e-03
4.27009128821689062e-03
-9.15628768413569681e-03
-1.87116343801465055e-04
-1.68927385130887807e-02
1.34398268101095430e-03
9.80436571156766828e-03
-2.11054183447604128e-03
1.42847466016002723e-03
-1.01401480735293717e-02
-3.75064188613318797e-04
1.67772522527570513e-03
-2.74656474497160259e-03
-2.86608499791218309e-03
-7.32933328887349061e-03
-2.30911385506643446e-02
-4.57398871805048211e-03
-4.17449451672393963e-03
-9.71760554408191389e-03
-2.42705529378021588e-03
-5.80142434037521013e-03
-4.57393997145652108e-03
6.34295670342407102e-03
-7.31554583128764258e-03
-4.58217715516680019e-03
8.91110872870655955e-03
-3.72863303804153333e-03
-3.52535716028957438e-03
-4.14025002125311976e-03
-2.58929761783583973e-03
-8.34220137996075951e-03
2.20558562903296410e-02
-1.04023949423661510e-02
1.16955646265834499e-03
4.21458086893828562e-02
-3.98119031153864461e-03
-3.65672191931642413e-03
-6.78479434820498765e-03
-5.91679610916511899e-03
-4.12879899245036444e-03
-6.12104429632200683e-03
-3.54489452716398807e-03
-9.75077546773085030e-03
-5.14324842588236106e-03
-2.20682247899279616e-03
-3.91454827897042977e-04
4.26285898197263820e-03
1.81352816488167314e-05
-7.83478121218919750e-03
3.06705214632216339e-03
-6.41445601066124946e-03
3.30713140646949954e-05
-1.08866797969885201e-02
2.57332843609181378e-02
-4.60670153400402800e-03
-4.88910178542732374e-03
-3.33250333240770694e-04
-4.64501561655404291e-04
-2.02198913429746645e-03
4.62320480974016783e-03
-2.62039163181185817e-03
8.51051937760252848e-03
-5.44641939778094195e-03
-1.86667910438635481e-03
-2.25753883605416331e-03
-2.34034287849810545e-03
-3.01150117377947365e-03
-1.04443051968477834e-03
2.61215623972207859e-03
-5.46797357542406527e-03
1.10621165355585175e-03
-9.65488636733903734e-03
3.72903354187893981e-03
-2.46641762664186453e-03
-3.47116174310148481e-03
-2.16965708487182373e-03
-3.38694963362287703e-03
-6.17540440572401841e-03
-6.30018811994741742e-03
-5.32906779063169016e-03
-1.36452570450009778e-02
-9.37539357392058736e-03
-6.33666046091310373e-03
7.74369147445877135e-03
-8.13667675549140839e-04
-4.41094188558387764e-04
-5.66297281741824860e-04
-7.70194919103821610e-03
1.58570947083338452e-04
2.75190774297725833e-03
-2.62262343101351669e-03
-5.11231367797453269e-03
-7.77921369776978823e-03
-4.97015965385733550e-03
2.10768326054895389e-03
3.99566982281670310e-03
-1.86741028535472711e-04
-2.83538453398941392e-04
-8.96778356638162563e-03
-4.62943637296101083e-03
-3.12346145825409104e-03
-3.43673815441692234e-03
3.46352548950464023e-03
7.10101804538095308e-03
-3.05124708386386246e-03
-2.31306871909953268e-03
-3.55048744367513760e-03
-2.70886382662846375e-03
-4.80287617351915844e-03
-1.71052451269161718e-03
1.02474180931414513e-04
1.36993019308146737e-04
-5.10785065687635771e-03
-8.49065095407264790e-03
-5.44464648880320021e-03
-2.52497600054381599e-02
-4.32465214644928066e-03
-4.39229948323394907e-03
5.68497540292678544e-02
-6.35284947557281966e-03
-2.54948188311325801e-03
-2.19955207366986536e-03
-4.77435291374945971e-03
-1.99307078675949349e-03
-1.24814228733587367e-02
3.18424956819043231e-02
-2.16983553250720603e-03
4.00156297558713469e-03
-2.35969860047433597e-03
-7.20655832292964836e-03
7.33487318523627077e-04
7.24346386260112021e-03
-5.16644258088375368e-03
-3.32818361759519956e-03
-4.65070821899363392e-04
5.81402340595064352e-03
1.99354310335208146e-02
-1.09797746483454996e-03
-1.82038932980363747e-03
-2.78579252350395464e-03
-2.87944754556762172e-03
-2.68431983390467373e-03
-2.08807671302520086e-02
-3.90124204543153014e-03
7.66408948095493887e-03
-1.70391370289561263e-03
1.54818527936684811e-03
-8.55715725711071046e-03
-1.96142860881408495e-03
1.31046380532909238e-02
-3.19457143462656672e-03
2.97542065760389007e-03
-2.09332481142864603e-02
-5.27658398470369234e-03
-5.93769087429792727e-03
-2.14379985993510712e-03
-1.43103138145179759e-03
-6.62804353342471252e-03
-8.16971396488397859e-03
-6.77915499128982878e-03
-5.71045791260391578e-04
-2.81501032901212197e-03
-3.92669749883238408e-03
-7.17174201249700174e-04
-3.55345351243663895e-04
-3.00999229079326356e-03
4.20450859483613871e-03
-9.24660367189465184e-03
-1.74532080400416996e-03
-3.74751352158135976e-03
-8.40292645165697898e-03
-3.38815613946169634e-03
-2.63107574804180273e-04
2.71457926579941845e-03
-2.05861212833968847e-02
-4.52980418991956284e-03
1.63489857187504722e-02
-6.78289982859758486e-03
-3.91732094117560031e-03
-1.13692588997760038e-02
-3.77628323303364627e-03
-2.74776370774837625e-03
-1.68811685264730468e-03
-3.78022909442904355e-03
1.66338481783968595e-02
-5.94014729097729760e-03
-4.28720013478683416e-03
3.26292709330016674e-03
6.85067098939738228e-03
-4.34348429872324047e-03
-9.01990611651261949e-04
-2.50481308887274927e-03
2.62035466439019269e-03
-8.01259532583259437e-03
-5.59000069341683559e-03
-4.63425521166874622e-03
1.13679532427725450e-04
-3.36595200441533980e-03
4.37450394617996813e-02
1.97258715139575491e-03
2.23144800575417780e-02
2.11255903526739617e-03
-1.40943208651028024e-03
-8.35737869546917221e-03
1.12056608827869981e-04
-6.10249475409428352e-03
-3.11265220447778067e-03
-1.85582828697891948e-03
-5.32408640425474818e-03
4.92408286728894052e-04
-5.92316425136274287e-05
5.35284741542486940e-04
-2.46885870281561863e-03
-3.29116281822764128e-03
-7.68922471789330875e-03
-5.13771067216243853e-04
-4.42537420048678617e-03
-3.44454837768066839e-03
7.88680436898837704e-03
1.51064946486788691e-02
8.86181306142504351e-03
1.31156825740989694e-04
-1.52050506867391867e-03
-8.41603466384921450e-03
-3.56876554903997516e-03
3.90862225386794018e-03
-2.53471921234331389e-03
-6.59531729204425668e-03
-5.98475194861876683e-03
-3.53597642497424126e-03
-6.21160841802037046e-03
-3.91938427575328017e-03
-3.37195552445114250e-03
-4.21847370257068255e-03
-3.67022850134197985e-03
1.09537173195189790e-02
-7.53162095991953811e-03
-2.22833617384063376e-03
-2.53315659433802970e-03
9.40140922234142793e-04
4.13747209921481660e-03
-8.06766870730738633e-03
-4.86580684136607346e-03
1.02314863212424789e-03
2.71179576673035543e-02
-2.01175363339688787e-02
9.97503716467317393e-05
7.65114779350941536e-04
6.03971994822995965e-03
-4.25933412724577147e-04
-2.93150779294654206e-03
-5.53440617827442860e-03
1.47305294372940647e-02
-3.03915415744158155e-03
1.92736528272728310e-03
-4.79194760271947542e-03
3.18460470955538163e-03
-6.91944974225257216e-03
-7.73581206803584422e-03
-9.91221474319601420e-03
-2.62314981723109006e-03
-3.03826914779913677e-03
-2.59117433667083391e-03
