%%MatrixMarket matrix array real general
1000 1
-8.88516434321269381e-04
-1.75922968066287216e-03
-9.65874197681899850e-04
-8.82867642320868439e-04
3.20941917844795328e-03
-2.53806339686563943e-03
-6.06199807840911327e-04
-1.55761526872769335e-03
-5.55469727912793684e-04
-1.46366759550845818e-03
-8.66289540512621111e-04
1.15091500203602171e-03
-3.37274455247117601e-04
-2.00284209022314006e-03
-7.15579787062849940e-04
-1.61660309705486619e-03
-1.28079123441308409e-04
-1.59858194138686772e-03
1.54793345633823451e-02
-3.83141298532075345e-04
3.18492926617865981e-03
3.76443456146156831e-04
-1.72915527795480502e-03
-6.28158444262595867e-04
-1.60055359718499178e-03
-1.18060929697096128e-03
8.56359051440200303e-04
-6.22442991229146358e-04
-6.71317305795642548e-04
-1.56278809041284416e-06
-3.21345705221888316e-03
-9.73407160437961445e-04
-3.50906274952531992e-04
-8.95651412644927472e-04
-1.94255071175188131e-03
1.43320505281975606e-03
-1.38122167626925215e-03
1.26602085565819932e-03
2.01477247212636726e-03
1.07360196871363208e-03
-2.33183931036130571e-03
-1.51735686902611136e-04
-1.28981755556074494e-03
-8.46684845773223484e-04
-6.40713827320608400e-04
-9.54722246788903737e-04
9.10940610091569118e-04
-4.87779793885136320e-04
-6.23483809172480628e-04
-1.36529677270113376e-03
-1.54209789041434933e-03
-6.48902369182081853e-04
-1.32723080712142914e-03
2.27505295875507219e-02
-1.98732612118261796e-03
1.90367244401662850e-03
7.20456089369166976e-04
-3.58423818064592650e-06
-1.00344684113763319e-04
1.63532881160692459e-03
-8.52120865907063331e-04
-9.36931515050362987e-05
4.06056069171498776e-03
-5.03690706660839976e-04
-2.76942479664910187e-04
-5.68470376090323120e-04
3.09298379552112868e-03
-9.98770029071314102e-04
-8.27671898415910769e-04
1.72328898086492564e-03
1.42773454083066319e-03
-1.73801786493674127e-04
-7.63181023967998305e-05
-2.15823305966883310e-04
-2.30699089943991846e-03
4.52952208508816234e-04
2.61481560508748960e-03
-5.77400499366507829e-04
-1.35711328248754341e-03
-2.77669278006627621e-03
-1.92506113294992130e-03
8.93973062100447777e-04
-8.75646990275754625e-04
7.48748485969932039e-03
-1.73487570806937622e-03
3.75097890316038836e-03
-5.27215548301567167e-04
2.93864956413910370e-03
9.80740398639944316e-04
-2.51413851063163416e-03
-1.15084815122372245e-03
1.97067351707892312e-03
-1.60112557833819451e-03
1.02551614232327030e-04
-1.71898305158159261e-03
1.59297126126169120e-03
-3.78951588036695276e-04
-7.30135914538901235e-04
-1.47030355689206616e-03
-1.53582095618779455e-03
-1.93262052749213322e-03
-2.60411190183465111e-04
-2.50895636646165541e-03
-1.86034136060513592e-04
-7.89373242289528832e-05
-1.88418060505496517e-03
-7.06093914208276116e-04
6.40635910009002907e-05
-9.26336852011825284e-04
-9.17220318988092292e-04
1.44617132660111291e-04
-2.18449182729667712e-03
5.36773883957029907e-04
-3.04795371210719434e-03
-7.54479806932602075e-04
3.27043608355846336e-04
-8.50044200227242225e-04
-2.24184271601560246e-04
-6.88223165973407720e-04
-3.54261617100609465e-04
-1.07218453952975909e-03
-2.20470301700724774e-03
-2.01141244148170337e-03
-2.27752235366858284e-03
4.44483416843699346e-03
-7.20292204108113855e-04
8.75379019300360182e-03
-1.54414278796224458e-04
7.40270566648032220e-04
-8.84494594422052913e-04
-1.12253480610849886e-03
-7.74481510223937360e-04
-1.65365474587029094e-03
-6.89372970633051743e-04
-1.14157699591309596e-03
-3.42136384276045004e-04
-9.63830759662585379e-04
-6.14760316523759788e-04
-9.68209354847233343e-04
-9.74517517133886325e-04
-7.92536130127397833e-04
-2.57682656188426584e-04
-1.85813601833045741e-03
-1.83175673791747314e-03
-1.17880290634012587e-06
-8.67791104370004528e-04
-2.29551829809825298e-03
-1.68113980343743584e-03
-1.53024190718145051e-03
-5.42126072941355192e-04
-3.30082421715930936e-04
-3.91041947145411213e-04
1.05162189802192078e-04
-1.95929976284795956e-03
-7.44858261332195185e-04
1.75530387821315405e-03
1.46999839845589775e-03
-1.53490648149394752e-03
2.78722651452899262e-03
7.30156135450129771e-04
-1.70401324010970284e-03
-2.28364995017061060e-03
-1.88286802537230565e-04
2.12747613927865079e-03
-1.72152667433542531e-04
-1.11544167263155397e-03
-2.68974632784222973e-03
-1.18310957276181010e-03
-2.16799059592379367e-03
1.26709243482525866e-02
-6.06665161556749579e-04
6.36746478835083663e-04
-2.25940279839186627e-03
1.97218219825512743e-03
-3.64701433196295828e-04
-1.44396445129897459e-03
-9.28271324395473743e-04
-1.51577946498750388e-03
-5.86678472099143831e-04
-4.27898993241841382e-04
-2.96270593406660081e-04
-1.27989652305452568e-03
-1.00155359046144674e-03
2.16379593100258713e-03
-8.37099408935890578e-04
-2.09493350128328896e-03
1.76639288092670841e-05
2.26451637189906477e-02
2.59068004931772107e-03
-2.70415942148613335e-04
-8.57965999240063878e-04
-8.74808777082809698e-05
-3.77445111289686792e-04
-1.30530497265123687e-03
-7.62356205798339799e-04
-1.88145187031211786e-03
1.47194329704646780e-03
3.42178917774067738e-04
1.55498995687803915e-03
-1.16792414743954807e-03
-4.63068522475794419e-04
-1.72516179297914352e-03
-1.34815962347687346e-03
-1.08285167232137535e-03
-1.15273751738945900e-03
-1.62570863050517283e-03
3.04262809410870295e-03
-1.05812220642932534e-03
-6.81394378744674717e-04
-8.90284345814427417e-04
-3.07095932475893931e-04
-3.95888222632836484e-04
-1.10922464455965350e-03
-2.94636669121892038e-04
-8.28817909997104827e-04
2.56895221445436117e-03
-7.55049406706585768e-04
-1.48478276689396546e-03
-1.49029803144795940e-03
6.39253048693763106e-04
-8.06785752622785676e-04
-3.63093650868292193e-04
5.52518687671347598e-05
-1.32482069026813734e-03
-4.38995873919724531e-04
1.27915878551150184e-03
3.41606749601441840e-03
1.11470460193668235e-03
3.78052717772692400e-03
4.16345089785386067e-03
-2.07938455831644308e-04
-1.26407780908150726e-03
-7.74602488239030580e-04
-7.06555269182722974e-04
-1.04281707740638591e-03
-1.46199867336385355e-03
2.40251106732419046e-03
-2.65552016819581814e-03
-2.49852105531756007e-03
-2.03660261989574171e-03
-7.31659976861179792e-04
-1.07923688683286899e-03
-1.07640830361642112e-03
1.25292384699344177e-04
-1.03968429658107342e-03
3.79617696558594720e-04
-1.43096433199714967e-03
-3.22369951094702905e-03
-2.73011773763319390e-03
-8.58895924015003328e-04
-1.69708806665839454e-03
3.59145709032836734e-04
2.02288374777224566e-03
6.68091357065991463e-04
-6.18828914471453401e-04
-4.32351071246503925e-03
5.48828830306194275e-03
-2.03829679419000129e-03
-6.15176992420697643e-04
-2.75262884313454788e-04
-4.79075796070415022e-04
-2.22158550210821903e-03
-2.18424515833821279e-03
-6.70199550085079495e-04
1.37264605431728693e-03
2.13465628817368063e-03
-1.14101198540760528e-03
-6.51928154850215302e-04
-1.29549788943066524e-03
-9.86389761538061620e-04
-6.98852906604413636e-04
-1.26643984743619116e-03
-1.62229515669023235e-03
9.04154983595622597e-04
-8.67531690597068733e-04
-1.95338540272959379e-03
7.89360311696789816e-04
7.62963416906525544e-04
-6.84419216679760852e-04
-3.68433583941166350e-04
-1.41785671630373497e-03
8.48662153493944839e-03
3.01584474537286602e-03
-8.69891885931593301e-04
-2.29752552097225473e-04
-1.69409246413039353e-03
-4.05700419249005787e-04
-2.19603313201883425e-03
-1.19653070620546727e-03
-1.73065738536623786e-03
-8.95482044144173955e-04
-2.35531869558128432e-03
-1.01184985905770344e-03
-1.35765151275395657e-03
9.34694374467997862e-04
-9.02818434420217249e-04
-1.23610044220282423e-03
-1.93582608875132777e-03
-1.42664808743961065e-03
1.99893129482959326e-04
-2.36851680954167565e-04
-1.18104294106567221e-03
-1.44651085852412855e-03
-7.48404081667282677e-04
-1.00620048434161701e-03
-1.00945204794948042e-03
1.41803288950091569e-03
-1.31118457629759121e-04
-1.14149246972287369e-03
-2.10069596036022762e-03
5.50748687383302397e-04
3.29188826554304337e-04
8.43064349276272974e-03
-6.08620064858413708e-04
8.49869917963729611e-04
-2.38140046779606110e-03
-1.06706758299294287e-03
1.38330647389444620e-03
-1.87142773994484774e-04
-2.51839242532800388e-04
-1.07069703743025574e-03
-7.99643431183787298e-04
-2.06863790364313418e-03
6.34721576933228686e-05
-1.11243216097186627e-03
-1.61009828240345318e-03
-4.44685744523852771e-03
-5.90721050662745481e-04
-1.14622409443319216e-04
-8.10046703980458051e-04
-1.15125852286254173e-03
-2.70576344466968478e-04
-2.80867850008585185e-04
1.33320986018260046e-04
1.89508181448969082e-03
-4.64180078761083773e-04
-2.14719327786350731e-03
-1.65677616174341683e-03
-6.16987888825862134e-04
-7.48323112857341051e-05
1.25477059262193411e-04
-1.91856772557422650e-03
-1.16893734879875517e-03
-7.94645938343230989e-04
-8.51697056453105863e-05
-1.29554137897117463e-03
-1.68090072622340773e-03
-8.33710937143851004e-04
-1.02104673145509946e-03
-4.50936263900839746e-04
-1.18008860408281234e-03
-9.29504105298659816e-04
-6.97077776661805121e-04
-8.34425284783084126e-04
-5.28648940070116638e-04
-4.99855728036513675e-04
-8.56748174527120787e-04
-2.55132357353890656e-04
-1.92472025194866895e-03
-1.94918676525192053e-03
6.58113410634296632e-04
-2.19187081161636684e-03
-1.40254772978113361e-03
1.74697272120587221e-02
-1.74701328649081453e-03
-3.37641570508822220e-04
-1.41952620674371519e-03
-8.17267027887335230e-04
-6.81309667869278712e-05
-5.98790442039923957e-04
-7.03739088996090329e-04
-1.85612412613360271e-03
-2.30535273514950820e-03
5.43723943575656274e-04
-7.30437439307607883e-04
-2.26616512655013029e-03
-9.04348929208344189e-04
-1.00576984197932274e-03
2.61575890831494207e-03
-1.29801291062584380e-04
-8.52692091735459453e-04
7.25113450896067331e-04
4.75068490932495217e-04
-1.04055677628629587e-03
-7.71440080859146825e-04
-9.84785512950612715e-04
-5.34549364745223222e-04
1.59856378829675589e-03
-1.14134373254121861e-03
3.17731430732463979e-03
-5.37008696166719926e-04
-2.15053013787217721e-04
5.61201973366845259e-03
5.82671201258704117e-03
-8.99854557488589425e-04
-5.36696982952300961e-04
-2.32684840563707326e-03
-6.34552152719720149e-03
6.98388562940906762e-04
-6.41205745268861975e-04
-2.72601050585222346e-03
-4.73943065123215304e-04
4.69293188703770806e-03
-1.07197667614832666e-03
-1.83928586942910962e-03
-1.13780913395608932e-03
3.95894971843102142e-02
1.55094922752844512e-03
-1.17676128363906332e-03
-1.93786406946449912e-03
-1.02844157878533168e-03
-1.32320078842460237e-03
-1.61634399666265921e-03
-1.25101126982279519e-03
-2.13069360858040039e-04
1.34886889647741481e-02
6.74385086417044746e-04
-1.24745621636802883e-03
-5.06239884959716851e-04
-3.38090522789506612e-03
-1.02839999954250924e-03
-2.46023529657592079e-03
-4.05191858702512453e-03
2.73626512657594318e-03
-1.44643808203133830e-03
-1.09964802122611543e-03
-1.00285138596671814e-03
-6.39606236207794347e-04
-9.74800476535290237e-04
-1.20022593226928615e-03
-1.08009568225025379e-03
-1.70034614351209971e-03
-2.80755554310425448e-03
-1.42209684088864460e-03
-3.48766049194191175e-05
-2.83579202933861591e-03
-1.66277985950435622e-03
1.61835326763599941e-04
-2.07373662750168306e-03
1.73086136739189229e-03
-1.29723058107307520e-03
-1.38326033372170075e-04
-1.19584936971812734e-03
-3.48022147157625843e-04
1.63609380633936239e-03
8.50304395851665847e-03
1.14561590694781855e-04
-7.76327864840624078e-04
-2.35419873429983497e-03
-6.66667255225873224e-04
-5.24505361781588825e-04
-1.13352407750882847e-03
-2.75873835020679819e-03
-1.80213234978854743e-03
-1.26215594134033407e-03
-2.15627349925257933e-05
-3.62118067838934589e-04
-8.55991711849621740e-04
-2.15521374611208965e-03
4.09046308384240168e-04
-2.52307735410943522e-06
-1.51933780218783086e-03
-5.73926222248083645e-04
-3.39854221740504595e-04
-1.13211508708022275e-03
-4.39526447098756001e-03
-4.25276774212880694e-04
-7.72947266848491069e-04
-3.28716882345282723e-04
-6.26526203101120745e-04
7.17366488701099922e-05
-2.48632100661309559e-03
1.97362895311773865e-03
-1.28521367464024612e-03
-6.87927570515456345e-04
-1.95146727351400520e-03
-1.49898673836092048e-03
-1.24084145671220399e-03
2.34476578179541715e-04
-1.26006869544609420e-03
-1.31771040375019033e-03
-4.10098318063620163e-04
-4.99640990962526535e-04
-1.21320936884700592e-03
-1.16823450468301802e-03
6.96128357961915711e-04
-1.11162628331922192e-03
-1.39843348572409433e-03
2.43522476027087459e-01
4.74881925068758315e-03
7.28106038795535643e-04
-6.42700559061097393e-04
8.80855694847849799e-05
1.43481940994616810e-03
-3.62141955706607021e-04
1.66450921642653099e-04
-5.51811430353712660e-04
1.23522600634401025e-03
-1.24801679657393812e-03
-1.15741473035169346e-03
-1.41093174849033507e-03
-1.24746308410454395e-03
-4.12529932397474137e-04
1.97179658059969760e-04
-1.88240195790596930e-03
-1.11716940321087690e-03
-6.59612995567244922e-04
-2.68094616042342110e-04
-1.78568844632855426e-04
1.37137606821650568e-03
7.57933353304101926e-04
-1.66024898374346908e-03
1.61432173466575981e-03
-3.24935682061506387e-03
9.40399434016050712e-05
-1.05445989165512668e-03
6.12722750077926128e-05
-1.20341343923813498e-03
-5.74234690977886309e-04
4.86285842270253851e-04
-1.65899608548483323e-03
-1.61484321376737742e-03
7.30698397912761012e-04
-3.48895322936251936e-03
-9.73276851337172115e-04
-4.82963101558334757e-04
-5.01345126373793203e-04
4.69202348527983197e-03
-5.88913543758373442e-04
-1.62248735065303497e-03
-2.66471533026217677e-04
-5.44308286745667867e-04
9.78594424963886295e-04
-1.19816583476020492e-03
-5.91710356077971861e-04
-9.50357152106685952e-04
8.29838581194184202e-04
-1.96304987949977479e-03
-7.03902308231474263e-04
8.74083202720324034e-04
-4.79712326676891678e-04
-7.63122751863981965e-04
-4.91347789285545306e-03
-2.65464576790765301e-03
-2.47492868087777077e-03
-1.83247834624292237e-03
-4.94328069658108099e-04
3.53515600186513545e-04
-1.06655598283149789e-03
8.69006850204829628e-05
2.24657490562857765e-04
-3.19114859244594125e-03
-8.22030376966991654e-04
5.22791531541068636e-04
-1.82116229932457107e-03
-1.08792959636432062e-03
-4.28298108083459200e-04
-7.54242263199063692e-04
-1.41649576151236427e-03
-1.92332090239362099e-04
-9.47044029722077089e-04
-7.79348575106609816e-04
-9.91277894990042624e-04
-9.05265578905385692e-04
-1.36666933668523746e-03
8.90897942182942537e-05
-7.75924395085933797e-04
-7.76660355791975506e-04
-9.44540698395297980e-04
6.80420756485488557e-03
-2.00962284523955670e-03
2.65948440002616903e-03
-8.10419875442876009e-04
1.76759425565937815e-04
-2.86166100797639791e-04
-1.08064133964306652e-03
5.38584298604818761e-03
-1.86442012053815161e-03
-1.10669213404510818e-03
-1.30558465131294394e-03
6.46398229124556939e-03
5.33295354189677103e-03
1.22728783345474757e-04
-8.82666305259202080e-04
4.03439156235874553e-03
-1.01901006318511674e-03
-3.33688218852850682e-03
-9.50123606936302523e-04
-8.81859390110439206e-04
-4.88009904414396750e-04
-1.96374195003870978e-03
9.67027322087035722e-04
-1.76407460274019784e-03
-4.55106617165272967e-03
-9.34354668737441161e-04
-8.89695392983269866e-04
-1.73500055473633152e-03
-1.53627772435691165e-03
4.46068394577599572e-03
-1.33172488266568041e-03
-2.58332533958701175e-03
9.13998252415291102e-04
-2.48425658974669181e-03
7.66429140615003911e-04
-1.75280328204553779e-03
-1.24817442270173332e-03
1.16559887575041782e-03
-8.53636514949854090e-04
2.01646563781570200e-03
6.56922546855958842e-04
-2.23941250175649365e-03
-4.97579020255395832e-04
1.17890672550891940e-03
-9.12003860345339556e-04
2.27919840437145827e-03
-4.38858102267739123e-04
-2.07666634934228905e-03
-2.11591189136736517e-03
-8.66342302170863506e-04
7.14761117509502431e-03
-3.26532135275918543e-04
4.55414288780792316e-04
-5.00364616996654284e-04
9.96499985712798360e-03
-4.51570925077106214e-04
-1.50137252051109923e-03
-1.27947885845258974e-03
4.08717443732157203e-04
-1.28073726271187363e-03
-1.50072524593054964e-03
-5.17628896230335617e-05
-6.12013345774229246e-04
-1.60863351783201462e-03
-2.39835655241556938e-03
-1.19002891278120293e-03
-1.63195286442604105e-03
6.05127046722782986e-04
-1.30726443269058414e-03
-6.43812719239703285e-04
8.91854831806404168e-05
3.82780951953236174e-03
-3.14860787956251927e-04
-1.13969147292265348e-03
-9.85516541257876492e-04
-8.06636292523801304e-04
1.76051511677140069e-04
-2.81537895129251991e-03
-1.58529715630912791e-04
-1.15445467520108695e-03
-9.28499852374637617e-04
-8.36384570585372374e-04
-6.74629518219843497e-04
-6.64723148566380428e-04
-9.21387007805857272e-04
-9.86660624578062761e-04
1.42077440075406023e-04
-1.16877546876189122e-03
-9.56022143409509043e-04
4.71717250596124116e-03
-6.09677164367557634e-04
-2.18620920964599039e-03
5.10129450176635343e-04
-2.70875151224765111e-03
-1.40954167390825238e-03
1.79182997311506682e-03
9.75318050899338755e-04
-9.69269874656979364e-04
-1.93688146802607482e-03
-1.05069438120658303e-03
1.59465454157344861e-04
-7.69172468098562882e-04
4.79754149815241233e-03
1.73528235603476557e-04
2.33537068864492475e-04
-2.07404359133636423e-03
-5.54989643904806517e-04
-8.32092361763299806e-05
-1.23191223091141840e-03
1.51680615267045711e-04
5.10659294926098586e-03
-1.96019658476275643e-03
-1.76254423966912027e-03
-3.13112511744089968e-04
-1.77351132612572080e-03
-6.42629532393696216e-04
-7.27257984440031913e-04
-1.24433213767009972e-04
-8.04233221833088258e-04
-1.75766033933995986e-03
-3.88167784304125686e-04
1.01462299684141537e-03
-1.37677250852382815e-03
-6.43655709384699992e-04
-1.49089799754474530e-03
-6.70289740064477276e-04
-8.20511733645236255e-04
-1.59699788917413727e-03
7.29601546522083005e-03
1.87490565063958593e-02
-3.33708417313616484e-03
-1.30239061957396858e-03
-1.30755937614671428e-03
3.00468695122989413e-04
-1.19377534799728832e-03
3.06668636122002037e-03
3.03690723115515289e-05
4.61551085854939951e-04
-4.78620465104696098e-04
-4.30179202053657648e-04
1.14265892426860822e-03
-8.76730929349083194e-04
-1.18984049604376006e-03
-1.21489626167939021e-03
1.97373357206502965e-04
-1.53058181773312084e-03
-1.25265939155282829e-03
-8.32536181143931383e-04
6.13179585848787822e-04
8.00162003101021098e-03
-5.24056338034129834e-04
-8.19988380784507451e-04
-5.05966789690806074e-04
-1.33706207858264731e-03
-9.36546910076811018e-04
2.88301898502257544e-04
-2.91052049967868687e-04
-1.19520314418240315e-03
-2.52738009034225546e-03
-1.55472965315677229e-03
-7.71322943043909739e-04
-8.37748571301281811e-04
-4.35123957265219337e-04
3.20625768791260146e-04
-3.01735109332534912e-04
-3.50398192123534070e-04
3.12308186893525859e-03
-8.20266661212844944e-04
-3.48035378923935751e-04
1.10593858500055917e-03
-2.37144622714728203e-03
-4.84624765214637654e-05
-4.37515971988621400e-03
3.48086772716824392e-04
2.53929616034013041e-03
-5.46622900733043028e-04
3.69969901016297916e-04
-2.62626260376136109e-03
-9.71403143520232614e-05
4.34524917656778137e-04
-7.11350587337395215e-04
-7.42305902481892239e-04
-1.89827148760662542e-03
-5.98052347519966061e-03
-1.18464695147994597e-03
-1.08117935994136083e-03
-2.51682557850526831e-03
-6.28598760756760933e-04
-1.50254845254914901e-03
-1.18463431929357265e-03
1.64280342118709169e-03
-1.89470057478147375e-03
-1.18676773241769293e-03
2.30794574420387913e-03
-9.65702818937232404e-04
-9.13055075848837375e-04
-1.07231016398070611e-03
-6.70618961192223574e-04
-2.16060073911533788e-03
5.71238900885498967e-03
-2.69418361531146341e-03
3.02911005230626317e-04
1.09156158680901658e-02
-1.03111425384955300e-03
-9.47078081041805605e-04
-1.75723780903484133e-03
-1.53242932952916619e-03
-1.06934437730113159e-03
-1.58532889342123543e-03
-9.18115186896031909e-04
-2.52541646733386686e-03
-1.33208321332584220e-03
-5.71559233711145618e-04
-1.01385427033322812e-04
1.10406544737619034e-03
4.69697290714052209e-06
-2.02918072303936037e-03
7.94355689389147175e-04
-1.66132148612365966e-03
8.56535081451115883e-06
-2.81961169535637889e-03
6.66482992463645393e-03
-1.19311945412786235e-03
-1.26626012349287365e-03
-8.63106631006528699e-05
-1.20304266284146621e-04
-5.23688054794054620e-04
1.19739374804094271e-03
-6.78672192366462342e-04
2.20419451152855913e-03
-1.41060342367694603e-03
-4.83463301241841750e-04
-5.84694611501837633e-04
-6.06140547203017294e-04
-7.79968185659108337e-04
-2.70503823123422350e-04
6.76539255046054895e-04
-1.41618588294815809e-03
2.86504915209730084e-04
-2.50058152960457936e-03
9.65806540950173479e-04
-6.38793467985372915e-04
-8.99018654740357977e-04
-5.61933537202353051e-04
-8.77208015359866138e-04
-1.59940797474456779e-03
-1.63172651406473285e-03
-1.38020977076654182e-03
-3.53407346836357925e-03
-2.42819387445830301e-03
-1.64117272001439076e-03
2.00558877678163033e-03
-2.10737052657754634e-04
-1.14241830354384392e-04
-1.46669000489681417e-04
-1.99477768251591411e-03
4.10693102745721171e-05
7.12734406298180996e-04
-6.79250226917277994e-04
-1.32407121930464347e-03
-2.01478891954886413e-03
-1.28725382833162197e-03
5.45882539112839578e-04
1.03486440197022504e-03
-4.83652660603402720e-05
-7.34354684130949370e-05
-2.32262432208141679e-03
-1.19900769895334137e-03
-8.08965505256727655e-04
-8.90103073669235587e-04
8.97040881370840017e-04
1.83913863644816840e-03
-7.90262240068993782e-04
-5.99076642004295465e-04
-9.19563736935591954e-04
-7.01586177987729726e-04
-1.24392799822099103e-03
-4.43019820769525378e-04
2.65404467136053698e-05
3.54807019881217718e-05
-1.32291532465856352e-03
-2.19904866784824231e-03
-1.41014423947578241e-03
-6.53959880815303124e-03
-1.12006966049752821e-03
-1.13759008310833831e-03
1.47238858580439613e-02
-1.64536562276926257e-03
-6.60306811650082041e-04
-5.69676230527033957e-04
-1.23654057405494654e-03
-5.16198313640496976e-04
-3.23264451436009598e-03
8.24709410997416861e-03
-5.61979752646856834e-04
1.03639070456182521e-03
-6.11153624900696423e-04
-1.86647319296203394e-03
1.89970638979738938e-04
1.87603159670374935e-03
-1.33809041292871043e-03
-8.61987807224584633e-04
-1.20451702965177851e-04
1.50581155985727005e-03
5.16320635813575027e-03
-2.84372292579824592e-04
-4.71474415531020013e-04
-7.21510436259987847e-04
-7.45766763693457352e-04
-6.95229361900040217e-04
-5.40804507303311189e-03
-1.01040794079197867e-03
1.98497215744502815e-03
-4.41307647406977252e-04
4.00974528202386032e-04
-2.21627355469378000e-03
-5.08003090693198429e-04
3.39405506360927235e-03
-8.27382741169917419e-04
7.70623465215937290e-04
-5.42163745488996422e-03
-1.36661665695970644e-03
-1.53784099878046042e-03
-5.55236600880158315e-04
-3.70632081583192484e-04
-1.71663991007645262e-03
-2.11592711871653278e-03
-1.75577724000452150e-03
-1.47898830693052200e-04
-7.29077760522580201e-04
-1.01700081135016967e-03
-1.85745592921169429e-04
-9.20331997852200968e-05
-7.79577401328259193e-04
1.08895289964340428e-03
-2.39483775515944661e-03
-4.52031936805124667e-04
-9.70592790852811672e-04
-2.17632832919072627e-03
-8.77520497183069360e-04
-6.81439364276222270e-05
7.03066456622961902e-04
-5.33173283101658502e-03
-1.17320331679421092e-03
4.23432965955395767e-03
-1.75674714457724505e-03
-1.01457232066785408e-03
-2.94459797408654555e-03
-9.78044038116820643e-04
-7.11661113252530118e-04
-4.37216317646990237e-04
-9.79066010140580006e-04
4.30810803519033128e-03
-1.53847720925382749e-03
-1.11036972779761942e-03
8.45086609216082847e-04
1.77429963657260888e-03
-1.12494711171536011e-03
-2.33612381275195131e-04
-6.48737756296337981e-04
6.78662630225154088e-04
-2.07523394497025710e-03
-1.44779046559473054e-03
-1.20025575565688093e-03
2.94426005528623027e-05
-8.71769709621378146e-04
1.13298109926135392e-02
5.10893116244941301e-04
5.77937166718554308e-03
5.47145342955614395e-04
-3.65037943229727961e-04
-2.16453164311286106e-03
2.90222602620713557e-05
-1.58052462984087524e-03
-8.06165932071042056e-04
-4.80652989763811524e-04
-1.37891960572161429e-03
1.27532005488804206e-04
-1.53407748580747022e-05
1.38636855680039227e-04
-6.39425699241598106e-04
-8.52399560655918605e-04
-1.99148209560246099e-03
-1.33064899208557426e-04
-1.14615631495196811e-03
-8.92125892299787458e-04
2.04265453020925376e-03
3.91252885485061323e-03
2.29517833371353482e-03
3.39691525526231077e-05
-3.93805452226866741e-04
-2.17972330919161648e-03
-9.24297694967274189e-04
1.01231937401742990e-03
-6.56483332327118755e-04
-1.70816393416923454e-03
-1.55002965413735070e-03
-9.15805430520624797e-04
-1.60878468194590668e-03
-1.01510670393173668e-03
-8.73324591414492658e-04
-1.09256981215064214e-03
-9.50576240092597022e-04
2.83697416878906684e-03
-1.95066327400561989e-03
-5.77131206665467875e-04
-6.56078597249882514e-04
2.43493187182379874e-04
1.07159069246075180e-03
-2.08949774822617292e-03
-1.26022682114442300e-03
2.64991887078295596e-04
7.02345542909523640e-03
-5.21037098204216176e-03
2.58349917129953243e-05
1.98162027930277656e-04
1.56426617329095486e-03
-1.10315251129254697e-04
-7.59250179497600753e-04
-1.43339168959007277e-03
3.81515519595215270e-03
-7.87130214291099223e-04
4.99180806567432636e-04
-1.24109753012453914e-03
8.24801393653123451e-04
-1.79211308686558018e-03
-2.00354805926932856e-03
-2.56722867334385502e-03
-6.79386551199451889e-04
-7.86901000064698796e-04
-6.71105014970529230e-04
