%%MatrixMarket matrix array real general
1000 1
-0.25004948227208623
1.1803911315852817
0.2425884722085836
-1.4416702058134307
-0.8129087480567041
0.30643644242230494
0.9759079395239275
-2.3665465533838654
0.550313257710838
0.16204585050752207
-0.5663050941724833
0.6067314055581897
-0.2613859383614301
0.6258119633754611
-0.6117640792137671
0.5489962632742588
-2.178117280270307
-0.7065110362327863
1.2757102707582273
0.7825213825957353
0.5456267145000847
0.1040865463744597
-0.35383350454442514
0.9293283561300559
0.7634450147260398
0.30030214750341866
3.3434012390015404
-0.13039321990033564
0.5475160995941286
0.4274135457671776
-0.41991500306004576
0.269905445803122
0.9726988204557362
-1.531122145251385
1.1917359853174565
-0.06302229516861997
-1.2328340706977219
-0.4636095567616794
-0.8865485671882389
-1.0111067096082573
-0.7844558377594516
-0.3128681967854494
-1.2791360988832874
-1.1185284034726841
1.0994201563980224
0.19120912510579652
-2.222822383299975
-0.2322234859789164
-1.225643498461792
0.07005837771787579
0.2688205928918215
0.582488744756578
-1.119086886052504
0.790096852396836
-0.870524344233296
-0.4823774020631536
1.3379989235256817
0.9020209930159904
0.5712300782567555
0.524175757795823
-0.3363432817989243
-0.29920883267006276
0.45738376647621065
0.17975488052852107
0.24348247804369005
-0.33199640457291124
-0.5102481037563527
0.9141986319996219
3.16716411923316
0.5454497695818186
0.6673882842944928
0.3036729698463729
2.594951141278535
1.1540272612986726
0.15509085979989073
-2.17712025574098
-2.1533645980147154
0.4058268655070582
0.27375718264760895
1.1139982342451453
-0.3423817962323075
-1.0178807063468773
-0.012053191870686009
-0.10146071359897522
-0.4870266504849124
-0.8593613804933931
-0.3640550487045241
-0.8560305765971654
0.06239765359287518
-0.4485615972452355
-0.8433692076000898
-0.4328806535497949
0.5090566549680381
0.3382339239364515
-1.8093539026373795
-1.0600357402581824
0.5887936488515382
-0.7915877333368059
-0.6633694866342487
-0.00640691095609962
-2.0567739046692757
0.8456736307009697
-0.055882819150943265
1.2545975086940804
-0.8782582746567476
-0.06300926259435932
1.3102874770853765
-0.4839099365161159
0.2794612556779476
0.82970496088457
0.900528546271099
-1.048532819921261
1.5722702256722647
1.3619328458628033
-0.009886350661893176
-1.4968049046030978
-1.3676622518693147
-0.8380371964497355
-0.5907110089234652
1.5976416193607903
-0.7374345759949649
0.7271596803790856
-0.03912380515020707
-0.69693441092588
0.004420475016659601
-0.6925548112119809
-1.7844147204408085
0.6641492547194873
-0.20862172125822803
0.9970706388767793
-0.3940637429357685
1.2973680942629418
0.09498445480670104
-0.1010687490360246
0.1860225020710174
0.3313821641840422
1.1282313876051915
0.7768465832837667
0.3086302864248986
0.4436584126944404
-1.1412221956294486
-0.48775342072005656
0.2823332715297719
-0.4474847460077099
0.16559989320417268
0.048730178061460766
-0.1847388414050966
-0.3807439170715171
1.0025194569096059
-0.04894531223735264
0.7789194149072501
-1.2935782422905877
0.3699664424207469
-2.200496716536815
0.682365214188767
-2.190205487019149
-0.1202213441011158
1.9788752703313952
0.069384850222121
0.19323456348711132
0.35949790947731497
-0.08700722591049023
0.21286443703657415
-0.2762811589561732
-0.16987692186851916
-0.34139328985831463
0.4610391118412939
0.4055777555904296
0.4329248333937427
-2.398136101848928
-0.7303494897163573
-0.7728513454437018
-0.1972748841663714
0.1482529809613818
0.5174616984048644
0.7458240437983519
0.3943538129149119
-1.3798667564117049
1.2779914188747468
0.42301955126266394
0.870416782855204
-1.3703449604092117
1.841820297142211
1.5880035456258348
-0.2786775025265945
0.40022643895841775
-0.4064128747394116
-0.4916943632564681
0.6411777317003371
-0.8567675457741449
-1.7160407607400294
1.0323103383987993
-0.4440976796998745
-2.063997337578843
-0.6872142415697104
-0.6013151734872298
1.5692435933052804
0.5163885307959702
-0.8329682308962719
0.3744137346122919
0.8236920409526832
-0.2773238240507531
-0.6325308907547872
-0.16905472880403272
0.1647868208530649
1.2487234486505798
1.020023826878361
-0.4311050299952534
0.3472348217178194
0.7456438793486294
0.3009525273966369
1.5806406966168434
0.3513175347444622
1.4123232274983653
0.26196659643495707
-0.8127076447582636
1.2313609833504426
0.9271492146886504
0.7297511166844278
-0.2532270034071785
-1.3241242482540487
0.18145959607543793
-0.36214548272326974
-0.19193830620227825
-0.27997928941941835
0.7191583131697619
0.9125693431000353
0.07214940457681392
0.3647134150757419
-0.8550690753743223
0.5731146644657229
1.2251025969433704
1.1284233181654213
1.3244339733002344
-0.7054268484193487
0.8689333570515896
0.9471408572405556
-0.5790666998467073
0.860942829646563
0.9273031503141869
0.07720288538361496
-0.5598918433316499
1.1191311986189336
0.5155349505073348
-1.4271438174333233
-1.2230333411466323
-0.02800879998900021
-1.4210015454457647
1.7329678900488905
-0.6138626038363758
-1.4490528626250996
0.7291876118701692
1.0008679247588128
-0.38462076686400865
0.4663557919866774
-0.2318677556094802
0.1089636461066311
-0.1136532767208047
0.16376368728552676
-1.4818929192812875
0.14798584805515147
-1.428296021088026
0.4824361433821575
0.04371598046030792
0.8430941325666259
0.3941939014246754
-1.6508458055765631
0.06158849193604231
-0.8849949213198918
-0.37246901884033984
-0.8055841837701899
-0.5128633549983285
-1.8076750566200792
0.5365635774185722
-1.2545027205823311
-1.0648753302809666
-1.7445471379698045
-0.5240460974867445
-0.05184253778476771
1.317477606693358
-0.3681415066249346
-0.24556622209237366
-0.4846165356554117
-0.0344340007340144
-0.9548902651855466
-0.010096037022515719
-0.7504485963243966
-0.08133057366656175
-0.8604717955825251
0.023773847489944995
0.21395527862185876
-0.9945865703495242
0.12890201930968742
0.8193751797193938
0.5316940669606012
-0.4790176259477632
-0.7597312066763054
-0.11257343215371582
-0.524648060647163
0.8139826065456657
-0.24828389864669492
-0.14886155117779448
0.21186050731722605
1.3098408492109916
0.18131294843809248
0.12420636776767523
-0.18711233873392358
1.1212225605795723
0.5960249826202211
-0.5927955060129532
-0.5665612305634667
0.8164056591308974
-0.4683498078728251
-0.0019512190416012924
-0.09688817684353303
0.06315338990500498
0.23849836416483122
0.9372066756810529
-0.2134376804521148
0.4994850397332336
0.2171960347524839
0.043172686274532746
0.7761197401270706
-1.9010718741479509
-0.044510588862433115
0.6842020156932852
0.6282189018117528
1.880600092579995
-1.414308976257617
-1.1378545662163333
-0.7219440009968423
-1.2445863215472737
-0.9028600288239352
1.6587289731958275
-0.8902896576011227
1.3936948460385092
1.1408147420239003
1.0440107160405532
0.5128188944788145
2.2072291303037934
-0.036390333225714805
-1.8920384455590917
0.7923115806271376
1.4837726294506282
-0.1565422632990744
-0.8473379727649443
-0.810469499295624
-0.23986183352976242
0.6222761812673564
1.0751599819056206
-1.9315014187396773
1.6313083211687402
0.7330441095729818
1.177079129741652
-0.6473032500434599
1.8869095293058535
0.6754905727855347
-0.5935144784267219
-1.3261732059876175
-0.5994712220819949
1.8578502750304429
1.6312756334392764
-0.026914949527315116
-1.2289184243662992
0.44232825747933147
-0.24956670534527509
0.7982371567509915
1.5265657978318363
-0.802415912913727
-0.4024496745686776
0.004871343545522933
-1.6477562137237352
0.22513858849437235
2.4990355368052066
0.49019303883670545
-0.23775307445667948
2.068084669106478
-0.5065227196737707
0.8886566802261587
-1.6435727861904699
-0.8261913955009461
1.5150119647680584
-1.1870416834982676
0.8606136488186008
-0.2767556367207511
0.3145504497200994
0.12340580338836434
-0.6849019876319586
-0.8126376210291437
-0.19143128954688077
1.7468568997920688
-0.8581214662382671
-0.20525926683992424
-2.626958467794258
-2.0753462579084836
2.4181843348361456
0.9354611191305656
0.15478590950266669
0.13241754433464725
2.745330352220305
1.2353030521588646
-1.5983716527928975
-1.0177028099148433
-0.6146813166249961
0.5740199140663113
0.9751124993882647
0.5499945780545867
-1.9495311277085805
-1.410042079139727
-1.1214767245120174
-0.5713320129515764
0.12456755336036361
0.3003127540974188
-1.550736806950385
1.3313022312691027
1.327524386922676
-0.655603833094769
-0.4683259824689211
-1.941209530940052
0.06535393746355084
0.6278611611061392
0.5576846629761517
-3.155679887110997
0.837316160786247
1.3787727523382363
-0.9247913978254951
-0.9192784496733342
-1.1154872808586502
1.302513511375362
0.9580611508437374
0.0008567855380936865
-1.1098038276733007
0.05620364022277631
0.23272403661762125
1.1226959439589999
0.1950224213380628
-0.039739183439730916
1.3933014509045933
2.6820482915755224
-1.0821477901740781
-1.351966531181873
0.8324983172006017
1.3767402779767628
1.28722299196322
2.14513154670031
-0.5980987569730317
0.8191046937588959
-1.0816100754538074
-0.3745936281042024
0.04285642543622972
-0.18215180706065165
-1.4956434096762583
-0.469174711678763
1.2287485295773406
0.9503498563281074
0.20764975890171433
-1.2160652363731328
1.5912041466438358
-0.7901235363106947
1.2456017426489605
0.6280521178464282
0.4126263278094014
-0.9407562966421916
-0.12218510061181087
0.33602355181488186
-0.8756365979917156
-1.0100315958575807
0.3368329807009245
0.30860133427039477
-1.6516782888044887
-0.27867891458513744
0.37754767391740246
0.955136427094521
0.7121172354733347
-0.40920692766786515
0.08013968696197363
-0.9443902777728004
-1.627018615991881
-2.1087656334562963
-0.2620432863690647
-0.007063923877016794
-0.1724821712869219
-1.8094862022563085
-2.157717533599768
-1.4384869172476449
0.2195202157080341
1.0529015287434147
-0.06209895903935762
-0.40572102436743807
0.03964937079893644
1.220419183334159
0.6869400108124614
0.49283057950763315
-1.180392899075939
0.02674298226564626
-0.8758578121769383
0.10537362434247209
0.41296303646286503
-1.4844980504306486
2.792409314061652
-1.1632560686701687
0.6759929802390614
-1.1258033661242748
0.04111542157134291
0.09820897597503135
-0.9177733414032956
-0.50942662469102
-0.14254340918402483
1.030053060426112
-1.3205733765385854
0.30517961028793644
0.6626683719367238
-0.08026558015737942
0.0621643627664957
-0.8940337104891858
-1.2862056169940914
0.9043335369353103
0.4956549615102525
-0.027789562655400824
-0.7164759916709282
-0.2515276571675514
-0.9570675367826468
-1.1290558317549457
0.3472168736279963
-0.944540401533187
0.3141631732791288
1.2499505373744748
0.04269520882067311
1.2669668787608952
0.9470722124130874
-0.5604119019453994
-1.2712626649854333
-1.4188128673365885
0.2629963455669137
0.9791557181397449
-0.7848188004920829
-0.4931561641437132
-1.3516821565267065
1.0349707802052253
-0.38607502455080095
0.7776608801531438
0.8525877589577434
-1.5776958277351008
0.37696681196552784
2.7411900547043957
0.4100648418430837
0.31600877688738477
0.8191681497893838
0.18892877768936045
-2.4071524731963843
-0.29321897116186985
1.7670620865755609
-0.5115087239240279
-0.0351090691571274
-0.7303485594610528
0.5836463864914864
1.3470017849608045
0.3697137290360078
-0.18088009540931427
0.09161339404933624
0.9962590998477213
-0.6340990808127919
-0.5777609317166472
-0.6312262061439475
1.0321703994893336
0.3995759213275236
-0.0025033148400515313
-1.3724481979024687
0.10234615065572056
-0.3951522341231581
-0.1165026722937137
-1.0041201728162292
2.2242015024877215
1.778017321209634
0.35605195504165577
0.3470406621386121
0.7325470542217677
-0.2525772802707919
0.3762944808518399
-0.353489340992852
0.38850684639721833
0.6657700693644342
-1.3805631241287706
-0.22538703477986943
0.013417336951671771
-0.017089193976243144
-1.0990057186256068
0.23700483981388332
-0.7729438393677676
-1.2843382383882835
0.6950003430540818
0.19219690490225833
0.8513234839540113
-0.8655626675236835
-0.42253883834691086
-0.5138000255918146
-1.021819496879077
-0.3265294308417719
0.11260895065918868
-0.4570657838543078
0.433437917840781
-0.541222555462765
0.7012152961046868
1.160477405984609
0.25133099188598546
0.9086399398655235
1.465024431354468
-0.40480451300319154
-2.2967137493381635
0.8152590488435508
-1.16354518572866
0.9231284963945797
2.0966680788107297
-0.9767727138790399
-1.0912649028653192
-1.6680626038081214
1.08038189623533
0.0054522461916901716
0.7600379458250545
1.8724352197660403
0.2642307269285423
0.38281464058894377
2.2462343062219587
-2.151482477566072
0.541318253301256
0.16489431999506649
-1.0997711206106433
-0.33398775802256675
-2.139786143849839
0.0320918247443789
-0.5128390234207634
-0.6172619553370784
0.44990308925878575
-0.7260040108911091
-0.3699218688273111
0.9732343203961374
1.7676684328938395
1.3910228653790169
0.6161153746356423
0.9540531751140231
0.725956203870662
-2.437227878491835
1.6567117949909618
-2.30453351685177
1.482877307390415
1.5484215566916155
-0.6050500308505656
1.4449829419088
0.1803547580227685
2.082311300684799
0.45984917231212236
0.058563645197354214
0.5144817847238331
0.26240521465955846
-0.13034726335272379
0.8448412085831033
-0.1235602818705033
-0.8525274417809563
1.1371574226093857
-1.6970188426201962
2.9747198590769486
2.512002244996532
-0.14358289699311583
-1.2057925960287006
-1.0826344048123004
-0.5582322738146245
-0.5473266052561089
-2.044304888883167
1.7075407101487494
1.081113230134873
-0.6881282997086138
-0.2647644052190109
-0.1601604679874149
0.010486730479447797
-1.176584192396547
0.0833882537777612
0.658692045500016
0.2495525000967651
0.8470810124364179
-0.8487420945836347
-0.5579912782198281
0.15429139729182234
-0.43803708342334224
1.4272990542668702
0.5823922609980595
-0.5584375572318858
-0.15383857686108066
-1.7082845649596814
0.7990887200408797
-1.0342779048786053
-1.7072814023304164
-1.2594104977089815
1.5702092339832934
1.236805822017291
0.22607546313717508
-0.053173383004142476
1.120990089390068
0.20853070760368358
-0.07429588147992733
0.2807185351113532
0.47938057233557513
-0.020005365322225792
0.24050910254501473
0.7564042275717137
0.29416241566288887
-0.6585398440610225
0.9411217185796509
-1.8398711734134867
0.6625454499785433
-0.17329506394211397
-0.9491658343473054
-0.3654136773066755
0.2822715564887513
-0.7483409430666387
-0.7010545842200439
0.8217984302927881
-0.24197667517128907
0.761412180944448
-1.5996481883344686
0.08104693825612687
-0.14851364297111208
-0.12530499405450396
1.5842187066712157
-1.4880604978822107
-0.03297754581334197
1.088074936946143
0.023340837102946044
-0.10818781471735227
-0.5311322807131027
-1.6134663959780844
-0.41797427630274453
0.32577620187110956
-0.5655290854059104
-0.39839366951830785
0.8902178808893682
0.5752285718798594
1.1014501771873995
-0.3494456823910172
0.9884768140267567
-1.0638222839069165
0.7828279251960866
-0.9884197931353419
1.0352567364061578
-0.23495504124519095
0.05071588080592157
-0.8377046478646962
0.7359616188917164
-0.4527026834162664
0.8782979858306538
0.615321254724543
0.6249964545348948
-0.3285230812100061
-0.5771338691788682
-0.15034703900505647
-0.6423207027401686
-1.1195830116387315
-0.3787765974387628
1.007561787414518
-0.8113615185040776
0.2930172740749786
-0.5055120727631732
-0.5504258474625291
-1.078972749876709
0.8177107865722718
-1.215636033954558
1.6307564640477366
0.8806119168255776
-0.6299950096697853
-1.2159520788125862
-0.04795760797068596
0.5297398496883213
1.0914976309425426
-0.3738180791282087
-0.2559035727807354
-0.04599427524459723
-0.13099104493585745
-1.147239675413738
-1.6103595698417688
-1.4909235530584661
0.6501062155846289
-0.5520459360531305
-0.322154144407342
1.2005244890039932
-1.1830969641394522
0.10570892458347599
-0.45124762462152285
-0.04352864356783469
-0.9542089473318832
1.0890897457502795
-0.42372617384078853
-1.638348649181037
1.0530758325169869
0.058833598541653584
-0.9475736025268146
-0.44154293591593335
-1.6868435524536232
0.4547163881053493
0.7126325510814969
-0.33204480304992473
-0.7865545546547784
1.4528077394386378
-1.1215578197252183
-0.5701438955886291
1.5243032301202466
-0.48628921454682505
-0.8983786480565001
1.4117252427345957
1.726071975890317
1.953352284327904
1.6681146479219213
0.17508007628567812
2.0326794161278183
-1.0188461551219037
0.013391449620535956
-0.226112175435274
1.3265822947444743
-0.28613453823164725
-0.6255210567780225
1.994287874561366
1.4032819499951907
-0.33246394829250087
-0.6976742858735202
0.4084469063155503
-1.2819923127568773
0.5488689766166974
-0.526430269731903
-0.32660812698839337
0.8858028018479275
-0.3266819176722449
-0.7238991322614886
-1.1675092594212315
0.6994628550535779
0.48326682116786673
0.07142631035210989
-1.4198507845342565
-1.9504356115615205
-1.3290723250712522
1.0078234092189182
0.03452534386933634
1.106470288588873
-0.6898345878055285
-1.5044596031934123
1.15535074162191
-0.7613243302304704
1.2684437014784924
1.5698193112566006
0.3471364494038655
-0.2802332210162515
-0.5731786635047382
0.3837818383508903
1.0564591732082664
-0.6828355972617605
1.1297462426009999
-0.6206086872178187
1.1675315971215885
1.1801591527389097
0.34819075899766305
-0.6833020863675024
0.36162990097956893
-1.3002159612099198
-0.7839005003961211
0.37862580813194413
0.18020442107083667
2.1739644755842575
0.20827394958885687
0.08142800453351083
0.5526080986046206
-1.1502648934365558
-0.023942205484734025
-0.8260583795703755
-0.10677666554330266
1.1469539402667048
-0.8093760472843672
-0.6402337784606954
0.3941881286636908
0.9139402967552078
-1.2147111628730398
-1.6325552984818923
-2.270361530271356
-0.5501205624360537
-0.5790686532410741
-0.40862456262483016
-0.8029209719364309
0.2723667089856333
-0.6863113113128428
1.509637765042989
-0.019281326066245996
0.21594336017726073
-0.15879025048682882
-1.525961849005035
-1.5697240182211905
-0.6774823017963014
-0.5071663337200162
-0.2999443142523589
0.3625813676029493
0.6944569990353305
0.10317867525833338
1.8733076455523672
1.5143048338499252
-0.1605505410652735
-0.26771240721447176
0.2475004512090846
1.096488036219846
-0.4461656945919494
-0.5713021289607986
-0.46099241070765135
0.6787454706143171
0.8640043825207763
0.07827012013890158
-0.04984248663531858
-0.7007616625657731
-1.1090977064722412
0.6892168348163922
-0.21112460119446275
-0.6521911454298204
-1.121721812324454
0.5224428466045815
-2.1674214840072197
0.760606709756558
-0.6244947409395003
0.09260861998106251
-1.6766207855317428
0.04434637837740378
-2.3713910875691786
0.35638696075762055
1.4703434992954079
-0.5071433574553208
-0.015608855978892947
-0.34106850618205165
-0.048030869354558456
-0.430012878918752
0.466086360481439
1.3225343325383219
-0.2030475881204511
0.794312798864918
0.1960952898518616
0.025753688823407596
-0.02792118387561294
1.7912139153510334
0.34349940955090297
-1.8047294409632821
-0.39799379210842584
1.013330575315031
-1.0787892763134124
-0.49686968064341214
-2.0976416224313605
0.5930232736855336
-2.1081698771112505
1.3664397749899848
1.2979619559323643
0.13586240973526675
-0.024924431757024284
-0.19159384686712894
0.3662447183163407
-0.15735971733197684
-2.2894990245361777
0.7480075078065227
0.5018972909763213
-0.640847041839391
-0.3677228166698681
-0.6799684141684941
1.5393972655498955
0.06024601340043162
1.8785041096540844
0.7556825566848062
-0.8954140368588706
0.17039777353440144
0.03700627124379588
0.9604120068971154
0.5086384599922494
-1.0629659488627894
-0.9167456589334895
0.8733489408074644
-0.40415601087577696
1.2348518000661648
2.7627509243956725
-0.38608442944804977
-0.7277236470141766
1.185969263926458
1.407544782561725
1.4795800727617925
0.19094195276512377
1.1509934682011482
-2.4877644134876347
0.042822580341556865
-0.2978679985486225
-1.150918708555237
1.0850897274285658
0.5463171442055699
0.6802110050033043
-1.3679819212816815
-1.0509404811213416
-1.0941490320710274
0.7755370710310154
-1.0259789977273384
-0.319698963914384
0.13924279643669635
0.3644932804211277
1.561349368354926
-0.24602291628561573
