10 0.825577 0.794534 0.810392
20 0.754323 0.691869 0.724675
30 0.699026 0.620535 0.660847
40 0.64196 0.547127 0.595177
50 0.59343 0.495422 0.544907
60 0.52315 0.432352 0.477271
70 0.458926 0.383681 0.419944
80 0.409138 0.339076 0.372903
90 0.35549 0.29351 0.322902
100 0.313273 0.265134 0.28725
110 0.269881 0.231806 0.24862
120 0.22601 0.199521 0.210735
130 0.188929 0.171205 0.17834
140 0.164323 0.14951 0.155668
150 0.135646 0.126696 0.130235
160 0.11396 0.106335 0.109562
170 0.100769 0.0952821 0.0975208
180 0.0844079 0.0804435 0.0820204
190 0.0723789 0.0689375 0.070457
200 0.0614331 0.0595083 0.0603669
210 0.0517945 0.0501749 0.0509164
220 0.0437461 0.0429143 0.0432144
230 0.0372536 0.0363048 0.0366885
240 0.0324209 0.0317311 0.0319995
250 0.028313 0.0272522 0.027693
260 0.0241762 0.0228425 0.0234743
270 0.0206685 0.0197684 0.0201073
280 0.0172588 0.0164462 0.0167579
290 0.0147934 0.0137949 0.0142366
300 0.0128231 0.0118013 0.0122838
310 0.0108492 0.00994189 0.0103405
320 0.00927449 0.00848835 0.00881354
330 0.00796972 0.00740445 0.00760844
340 0.00647955 0.00607067 0.00623373
350 0.00560058 0.00520185 0.00536321
360 0.00480193 0.00444907 0.00458574
370 0.00422896 0.00386054 0.00400707
380 0.00355097 0.00322982 0.00335817
390 0.00301429 0.00271981 0.00283342
400 0.00259224 0.00230651 0.00242397
410 0.00228861 0.00201272 0.00212747
420 0.00200145 0.0017655 0.00186001
430 0.00175493 0.00155129 0.00163073
440 0.00153309 0.00134547 0.00142175
450 0.00125306 0.00109618 0.00116288
460 0.00109119 0.00095957 0.00101568
470 0.000965649 0.000844475 0.000897086
480 0.000818432 0.000731026 0.000768749
490 0.000697314 0.000629144 0.000658264
500 0.000596994 0.000547703 0.000568401
510 0.000503616 0.000478988 0.00048854
520 0.000418588 0.000408084 0.000411886
530 0.0003468 0.000346752 0.000346087
540 0.000293981 0.000298997 0.00029652
550 0.000250738 0.000254678 0.000252606
560 0.000199688 0.000201771 0.000200856
570 0.000175302 0.000179729 0.000177217
580 0.000150323 0.000152867 0.000151512
590 0.000119444 0.000118951 0.000119066
600 9.866e-05 9.73301e-05 9.7886e-05
610 8.86056e-05 8.64456e-05 8.73696e-05
620 7.61038e-05 7.17491e-05 7.39508e-05
630 6.6509e-05 6.22859e-05 6.43415e-05
640 5.73683e-05 5.35379e-05 5.52775e-05
650 4.83462e-05 4.47334e-05 4.63374e-05
660 4.38744e-05 4.03045e-05 4.18139e-05
670 3.73566e-05 3.3446e-05 3.51497e-05
680 3.26773e-05 2.8532e-05 3.03654e-05
690 2.92016e-05 2.51673e-05 2.69031e-05
700 2.58749e-05 2.2222e-05 2.38223e-05
710 2.22037e-05 1.93245e-05 2.05739e-05
720 1.91695e-05 1.67905e-05 1.78243e-05
730 1.65803e-05 1.46687e-05 1.54871e-05
740 1.4571e-05 1.30182e-05 1.36596e-05
750 1.2693e-05 1.15027e-05 1.1969e-05
760 1.09938e-05 1.01958e-05 1.04718e-05
770 9.37497e-06 8.74526e-06 8.9608e-06
780 7.85805e-06 7.42026e-06 7.57066e-06
790 6.70108e-06 6.33814e-06 6.46529e-06
800 5.66324e-06 5.43144e-06 5.49623e-06
810 5.01729e-06 4.79245e-06 4.8683e-06
820 4.34307e-06 4.0752e-06 4.18399e-06
830 3.77963e-06 3.54857e-06 3.64361e-06
840 3.25894e-06 3.04223e-06 3.13319e-06
850 2.74835e-06 2.55502e-06 2.63764e-06
860 2.43942e-06 2.22765e-06 2.32293e-06
870 2.14815e-06 1.93837e-06 2.03327e-06
880 1.92399e-06 1.72975e-06 1.82126e-06
890 1.7028e-06 1.53319e-06 1.61198e-06
900 1.49908e-06 1.34554e-06 1.41958e-06
910 1.26952e-06 1.1815e-06 1.22141e-06
920 1.11107e-06 1.0426e-06 1.07224e-06
930 9.43212e-07 9.09586e-07 9.19904e-07
940 7.81909e-07 7.44253e-07 7.57705e-07
950 6.78589e-07 6.31189e-07 6.5164e-07
960 6.00782e-07 5.55536e-07 5.74258e-07
970 5.20553e-07 4.8705e-07 5.00341e-07
980 4.59095e-07 4.31739e-07 4.41607e-07
990 3.98052e-07 3.73449e-07 3.8222e-07
