10 0.78172 0.682835 0.730718
20 0.432625 0.392549 0.405319
30 0.202316 0.194413 0.194917
40 0.0750458 0.0773952 0.0753355
50 0.0348059 0.0360311 0.035108
60 0.0141079 0.0145262 0.0141844
70 0.00621123 0.00648178 0.00628311
80 0.00322133 0.0031809 0.00317103
90 0.00152778 0.001509 0.0014987
100 0.000498303 0.000493223 0.000489911
110 0.000260059 0.000257735 0.000254697
120 0.000111909 0.00011004 0.000109578
130 4.53045e-05 4.62003e-05 4.53128e-05
140 2.20704e-05 2.33306e-05 2.25271e-05
150 8.70359e-06 8.85114e-06 8.68898e-06
160 3.73189e-06 3.69025e-06 3.66349e-06
170 1.83896e-06 1.81917e-06 1.80386e-06
180 8.5269e-07 8.6533e-07 8.49743e-07
190 3.60116e-07 3.77888e-07 3.65125e-07
200 1.73641e-07 1.80137e-07 1.75401e-07
210 6.75047e-08 6.71198e-08 6.67649e-08
220 2.98764e-08 3.0483e-08 2.9847e-08
230 1.47283e-08 1.51527e-08 1.47867e-08
240 7.25723e-09 7.20624e-09 7.16774e-09
250 3.31249e-09 2.94174e-09 3.0967e-09
260 2.19465e-09 1.63042e-09 1.90158e-09
