10 0.915097 0.907136 0.91016
20 0.837552 0.777179 0.806203
30 0.79837 0.716283 0.757988
40 0.76218 0.662964 0.712962
50 0.720007 0.603065 0.662842
60 0.678081 0.554194 0.617109
70 0.63509 0.51833 0.577581
80 0.595655 0.484049 0.539848
90 0.543308 0.439559 0.489359
100 0.49592 0.403547 0.447458
110 0.456805 0.371742 0.41167
120 0.42323 0.347434 0.382362
130 0.387901 0.322586 0.351913
140 0.35278 0.296017 0.320712
150 0.31498 0.271344 0.290199
160 0.281745 0.247281 0.262141
170 0.252145 0.224227 0.236244
180 0.226177 0.204334 0.213597
190 0.192562 0.176815 0.18354
200 0.171786 0.159425 0.164626
210 0.156019 0.146399 0.150122
220 0.135737 0.128486 0.131274
230 0.122564 0.117559 0.119385
240 0.107225 0.102466 0.104324
250 0.0961454 0.0926808 0.0940545
260 0.0866485 0.0846737 0.0853102
270 0.0771425 0.0747196 0.0757723
280 0.0678619 0.0653949 0.0664634
290 0.0611326 0.0587369 0.0598152
300 0.0551595 0.0528125 0.0539666
310 0.0505812 0.0481809 0.0493269
320 0.0448844 0.0426483 0.0437089
330 0.0402468 0.0379668 0.0390962
340 0.0354119 0.0335811 0.0345248
350 0.0324455 0.0312146 0.0318312
360 0.0297874 0.0286863 0.0292156
370 0.0262793 0.0253097 0.0257949
380 0.0239629 0.0229121 0.0234201
390 0.0213913 0.0204482 0.0209173
400 0.0188934 0.0184203 0.0186057
410 0.0163456 0.0160667 0.016192
420 0.0147799 0.0146358 0.0146856
430 0.0132254 0.0130288 0.0131102
440 0.0116335 0.0114303 0.0114929
450 0.0103264 0.0100575 0.010164
460 0.00924435 0.00874978 0.00896229
470 0.00842021 0.00786738 0.0081204
480 0.00760372 0.00713932 0.00733096
490 0.00660677 0.00618615 0.00636902
500 0.00609979 0.00560688 0.00582492
510 0.00553436 0.00500688 0.00524761
520 0.00493747 0.00450804 0.00469431
530 0.00455104 0.00415882 0.00431566
540 0.00405487 0.00371551 0.00384509
550 0.00353168 0.00322298 0.0033459
560 0.0032702 0.00294699 0.00308661
570 0.00294231 0.00263504 0.00277605
580 0.00267395 0.00238474 0.00250833
590 0.00239618 0.00214641 0.00225055
600 0.00216899 0.0019463 0.00204168
610 0.0019142 0.00172388 0.00180657
620 0.00171102 0.00154917 0.00162011
630 0.00156771 0.00142144 0.00148837
640 0.00144002 0.00130442 0.00136722
650 0.00125029 0.00114385 0.00119356
660 0.00116454 0.00107276 0.00111359
670 0.00102037 0.000949203 0.000979856
680 0.000934041 0.00087881 0.00090193
690 0.000845888 0.000804228 0.000821258
700 0.000748155 0.00071285 0.000726902
710 0.00066117 0.000638879 0.000646287
720 0.000588967 0.000569195 0.000576212
730 0.000533067 0.000517593 0.000522524
740 0.000466809 0.000458666 0.000460662
750 0.000419072 0.000406187 0.000410718
760 0.000374983 0.00036225 0.000367481
770 0.00033924 0.000325399 0.000330834
780 0.000304608 0.000290543 0.000296107
790 0.0002786 0.000264248 0.000270049
800 0.000243913 0.000229715 0.000235575
810 0.000226952 0.000210896 0.000218033
820 0.000203874 0.000191923 0.000196868
830 0.000186564 0.000175423 0.000180425
840 0.000164248 0.000154145 0.000158784
850 0.000150416 0.000140883 0.000145067
860 0.000135031 0.000126298 0.000129814
870 0.000126747 0.000119102 0.00012221
880 0.000114916 0.000108437 0.000111506
890 9.94203e-05 9.46092e-05 9.66598e-05
900 9.2745e-05 8.80455e-05 9.01037e-05
910 8.31653e-05 7.95857e-05 8.11981e-05
920 7.51664e-05 7.21303e-05 7.3414e-05
930 6.73201e-05 6.38776e-05 6.54119e-05
940 5.94802e-05 5.69863e-05 5.79492e-05
950 5.50915e-05 5.27732e-05 5.35683e-05
960 5.03215e-05 4.88118e-05 4.93069e-05
970 4.65211e-05 4.48955e-05 4.53876e-05
980 4.06702e-05 3.98789e-05 3.99993e-05
990 3.64528e-05 3.54681e-05 3.57327e-05
