%%MatrixMarket matrix array real general
1000 1
-0.06621034643110982
-0.4732758083884188
-0.3077389792904699
-0.09620073708521641
0.6409209280191367
-0.8445477625145094
-1.0588778843655866
0.07210163305683208
-1.0716632606718155
1.508150925374392
-1.2872074696306006
0.13868916913370027
0.23158699356227258
1.1292812958955611
0.6123214452063201
0.3738599212981383
0.16654903091887602
-0.7473568069097276
-0.19924327145464332
0.5062659691318693
0.6982756834561934
1.4833260347575647
0.056268958050007034
-1.0588045732782854
0.6420485715190546
-0.23623003642052554
0.010440776075253642
2.142312189834073
-0.0684075307111833
-0.1307508346979197
-0.9632268697205664
1.4914230187396837
0.4362036121969516
-0.28071151551940177
0.30688945362680276
-0.7906333144750018
-2.5231813934172402
1.2022436121171374
0.21850920740179863
0.5171894197454775
2.1519553840739722
0.19237471485943192
-1.0007676421247922
-0.8428016203305595
1.2427014724038523
-1.3354951867808265
-2.12071113662671
-0.8854821257186022
-0.259215614968952
-0.3651900816942918
-1.0513972854747942
0.29242032624307124
0.2609258828905227
-0.8833647489337656
0.3289239123466727
-0.09615223991561213
-0.9761114549843922
-0.13184788513852358
-0.6961288731969781
-2.5909978932802398
0.8257587050450786
1.1372663684721338
-0.07715822813965334
-0.4157676775072759
-0.577425883940188
0.24099548033382917
-0.3739283483467693
-0.8832292735603445
-0.5436723241081161
0.7470187907482402
0.685259945309323
-1.9216411936505107
0.31893647380421747
-0.5601294302179339
1.3097645704407972
0.4321514983837622
-2.014827288224988
-0.3654926371985954
-0.7715974001108676
-0.7562670779364513
0.5185891253743963
-0.1315036599535993
-0.6068036544394428
-0.3366853355165566
-0.3267003077291188
0.5540822844850193
-0.5729258670176534
-0.39138701298720874
-0.08558812047400927
0.14981583703958934
0.2952979869959534
-0.6402022078323496
-0.659236940979503
-2.314705613021019
-0.0009504958344394923
0.8120857357214656
0.763278844615356
1.7002313277431047
0.23538512256404448
-1.407080072687325
0.6763237757002458
0.37797405588883765
0.4885046855012447
-0.9355906290356045
-1.048154368143901
1.0897569902833808
-0.9596793336779635
0.7781696174176602
-0.004668879044268871
0.28602512935866237
-0.4159582377658022
-1.2440656873147045
0.5609713722458864
-1.5974757107160893
0.004229645543745466
1.5376014672595306
0.9712415283203656
-2.106655048577934
0.48267445504323836
0.09173815287815774
1.593203978514637
-0.2834926897830524
-0.9991197386329156
0.40427944691454964
-0.21778124811259797
0.039338554182493074
2.4536769564285192
-0.606102860402941
1.5567579786494168
-0.25527795563395445
0.1865973695935142
2.3575891686647297
-2.8910623555102624
1.0150776588507169
-1.058153624126069
0.7536120118710389
-0.3856295763537448
-0.18297518854204275
0.9676124854832995
1.4119804657046024
-1.2677061393179814
0.9365563959339149
-0.1435867726816312
-2.517550192826026
-1.1617940681495453
0.3179753902908289
1.2063317342940334
0.4855432751705615
-1.664949482410981
-0.7954083361618786
0.6545798379026496
1.6901436854412726
-0.6194636004351508
-0.4619151945763232
-0.07799877815807775
-0.31632168465831056
1.1318969153680316
0.7679680107355412
0.6117832948460404
0.8583043596129442
1.2568619457071035
1.8710886910531073
-0.14916677688767743
1.2218109881431265
-0.8307713247344072
-2.3264833782258054
-0.2432537853289285
0.38279013955545804
1.2364393247938543
-0.6590290150732702
0.309727985082261
-1.5652012711997492
0.7411820978348876
-1.3700798530253544
-0.39958572353828836
2.2804488032281527
-0.8528959603335317
-0.8811490822516241
-1.4895740665182136
-0.09891724185518512
-0.209101555554964
0.20723569384044682
1.6997051582621407
2.0556671867633645
0.31343642880278383
1.0651891032273346
-1.2163537352457146
0.6733805192499058
-2.413600074745514
-1.3663206644387533
-1.3932949087652031
-1.1664483012891238
-0.5831755685835024
-0.9275270435219397
-1.8350518977689612
0.733281603873447
1.1564892013735757
-0.37287479152565917
-0.3941090123799725
0.05542277235177408
-0.47270288708053027
-1.0240566734946688
0.019969584892093918
-1.0217671145065996
-1.2190195830031552
-0.11478348716778752
-0.6825936642638237
-0.04680843516503742
-0.8594927164098761
0.07297510691119309
-0.2669008566221368
-0.8890534696282326
-1.8242766916159283
2.033801476294159
0.138223249879672
-1.3134156677665867
0.8397935643643614
-0.7174230388282716
-0.9703352082778444
0.05592092944547941
-0.010257624895527694
0.1438026112645593
-1.2770980761772708
-0.8508872178540028
-1.7333356886162352
-1.34209484965145
0.4210182147131715
0.3459189045450912
-0.21531397053390255
0.5329516349066893
2.009094135247528
0.36735819071167247
-1.1552516235769443
0.6739024610667792
-0.11731966646867308
-1.3758654477740875
-2.33530373304736
1.2789215063255939
-0.6469096017624155
-1.3454463485969554
-0.9928829221075572
0.9786794926832225
-0.8012788949915891
-0.4444280063491255
-0.8198909562570925
1.9971065297377408
-0.9314598976537813
0.421417073920561
1.7625145612347417
-0.07804687848641784
0.6563650607018835
-0.5938135808589617
-1.1642417535015865
0.603229136343727
0.4556360230757259
0.0735883937732175
0.44734182812757484
-0.12136970545187972
0.399240143279728
0.6750269277939166
-0.4013291493594371
-1.322475545486651
0.4908325753583507
-0.024024185224612034
-0.8465561198962018
-0.49023825682609073
-1.3621371938970976
-0.3955508062791995
0.440714528729558
-1.8386472389725006
0.7859516245754339
1.0049829600329987
1.77343489189627
0.4008471710428093
2.381275713249473
-1.5388088389604873
0.6408580852556116
-0.6777243930109388
0.1804980518803409
-1.3380400717291825
2.3200967991567203
0.513748036752319
0.028402839199495628
1.2306148309091756
1.2041357655018587
0.35270585118494246
-0.17769444725001515
0.5539729591199537
1.458143077869421
-0.49056667162111667
-0.05563276727083906
1.0420261461069689
0.8425417660842304
1.1511217457731575
0.3345348601352542
0.34427285150687004
0.29311416446483385
0.553777365924806
0.5351949696393649
0.8860550759116177
-0.45945674611154214
0.5250869861389474
0.9138332646362948
-1.0915222396839848
-1.6044430282400661
0.8276885519872693
1.264324827298
0.30724660394857733
0.7765503026254378
-1.0907855187483484
-0.9322121179909387
-0.2951201672666247
-0.21689572434803672
-2.6760141854987918
-0.5247789405732005
1.0495545002163318
-1.8467868487500587
0.17396322187550756
-0.7858961436952253
0.7951824314487334
0.16422977656144766
-1.0226762888995984
-0.8096524824004093
0.23977106173321588
1.2170908399722722
0.6811787578722786
0.34962515604789796
-0.2795600109039134
-1.072131131047015
-1.8015935631897173
1.7915101902586876
0.13663457995404704
-0.2651465241579827
-0.4804399127141543
-0.14691570026349338
0.8680250046820325
1.0885034430205052
1.0331479470732587
-1.5711827851040248
0.6115686475670631
-1.2708578858760653
-1.481961568373343
-2.765247307917123
-0.2664357083317071
0.08211619519297841
-1.44254994844266
0.4150481934609342
-0.49031084057736934
0.19860241412113555
0.35193658689931134
1.1890509771724393
2.0721480614945245
-0.010010965895277661
-0.7870678448479517
1.4858011308943138
1.0097172065849707
-0.945626625612358
0.5280262749905084
-1.7059083209423989
2.0273239620528716
-0.049149110864572916
-0.9352482360048244
-0.46544299681423074
-0.4833799884463664
0.03444765045904636
-1.0307713734807813
-2.2134448505130533
1.361153543118675
-1.164371725500293
0.3315270918434264
0.4113768134843134
0.319422169986115
0.19516445397078808
-0.31827383817600113
0.2023679963256123
-0.6199166412691629
-0.1410285329514841
0.7558879768441911
0.4256202353981917
0.9258411093241389
1.1710903599143818
0.792541146349893
1.268671105040516
1.4595024700663877
0.9503291935985713
0.47419126716124577
0.09188468406655736
-0.8564866953408337
0.5999223086338417
-1.8906348342409403
1.349876737344446
-1.7037125476126775
-0.16250728876808396
0.6079762381994166
-1.1769765802027492
0.11416637059924738
-1.247121792276752
-1.0057790353598999
0.2957692475791944
1.3083197038447365
0.5689990265311884
-0.27384113148199785
-0.7878829847776124
-2.0663415777823917
0.13549307811268269
0.06274614733176032
1.2989893035681475
0.08117175416476459
1.52981900128161
0.14261296299353887
-0.022816237736026444
0.7244680535023417
0.1066659847923893
0.738611340747674
0.6204437187754994
-0.4411987324928315
-2.15624118621002
-0.27384137717341445
1.760303170471956
-1.1932245881019095
0.2816022323138485
-1.3105173445344858
0.5951590881397341
0.9565677612966734
-0.8340437065832871
-0.006872180152187778
0.48472377029803493
-1.4634447811387086
0.7709392872693747
0.33066970743057345
0.4679578198247611
-0.4941737047642801
-0.8167924099133502
-0.19513081152865414
0.6375497519404121
0.2008429249362078
-0.4891198826347909
-0.1644027403221926
0.5046936913002318
-0.3440357875973513
0.7849788650335107
-0.4526515350313664
1.09758867668562
-1.2825468631594605
-0.42468709557359435
1.2000598580347543
0.6115499627068394
-1.4314942639329846
-1.156568181988776
0.3619768566719029
-0.7532223569660712
-0.8591288187811426
-1.1911928672321863
0.30407876660804045
1.7127455737769317
-0.10103795972577519
0.5861194858346627
-1.0552800945776548
0.6416792026094037
-1.3784614366480559
0.2964244924544871
-0.9459970355649864
0.5173707763580568
1.5687776986598576
-0.9841464559003922
0.8196195542847184
-1.8625998566171826
0.6976615920753154
-0.20534837412571982
0.28207460358893616
0.16900132148282193
0.0751274796987638
1.1555378785833836
-0.8275202457536833
-0.15195447304706206
-0.0800949422605734
-1.155143053289333
0.0888321773664741
-1.5955201563028532
-1.0771132296069117
-1.268712387541538
1.2952296771856169
-0.381105641314155
-0.5474814686159335
0.3301174102707214
-0.5375102806783525
-0.33428176791543923
0.45640101465544114
0.5386080022202805
1.653705851039901
-1.6539869574337447
0.5810492083311277
-1.6765151618425853
1.1926917711692802
-0.234718472393519
-1.8670372635643417
1.7348978505056687
-0.2871351372880481
0.09531539434109192
0.1425512801784271
1.558196044904009
-0.01364777789940405
1.4983261305123192
-1.5693030456348307
1.513378480857031
0.1492326558782337
-0.0375177572677986
-0.10290875930976416
2.200422503051164
0.2508987664874148
-0.22019082281026214
-0.17166912772355492
-0.018519969052641926
-0.24278132680695363
-1.4937348337906504
2.1265949188025948
-1.826524376303926
0.2540164980694621
0.17096504697725484
-2.3400841251594957
0.005532921748835538
0.5608765039199315
-1.862009027702905
0.5605656653857858
1.1590472772058993
0.2980929579201488
-0.04859567710333773
-1.2286590358630212
1.3098810990574723
0.09530216081245907
-0.891789024629667
0.8672241208196627
0.5863054664794496
-0.3509909429465642
-0.49479259104394796
-0.40300850786545256
-1.2731330186573464
1.387930134700325
0.9725549264882645
-1.1314326639768537
-0.898295481835985
0.4901174885331365
3.0494479424275527
-0.24593473686941614
-0.3790586070975412
0.5650695346749648
2.2979471529640723
-0.8324491991932167
-0.7900552518930765
1.3218137423794627
-0.05708775456970542
1.2807620824951966
0.17626770469990788
0.15390054719811602
0.36370856638874854
-1.9246167675889836
-1.5390317415060157
-1.4203056373536807
0.6320570841020445
0.05500040469618049
0.6707533183313951
-1.1652110404215765
1.566128349040966
0.0019502269967047077
1.428253549265177
-1.394694400310337
0.31074316041443767
0.354467496383145
1.048110191723905
0.3872416275933663
1.0052769857783934
-1.591559848823494
1.3392476807361124
-0.2547509478368115
-0.6835564586136054
2.0401820757602422
-0.9511877235084705
-2.0307568538569254
-0.5441198494580295
0.8789853299445068
0.3517594957178819
-0.6946478834091587
-0.01692350200683049
-1.5603543531182156
1.456977781151186
-0.538781331800727
1.2049349486067873
-0.8584791566936593
0.2852586459127426
1.3850861267736094
0.06956983913056448
2.2721042096979214
-0.573533286278211
1.3279195662601577
-0.8768798238551778
0.4462785686657959
0.27855705272246084
-0.6734147708506577
0.42115869179172905
1.3002496799959733
1.0718814695450753
0.9637781928077793
-0.4107066424662135
-1.2968966487425901
1.8128961684976166
0.1187545120469607
0.2283443634736831
-0.2303958154361581
-0.3547499445889569
0.5376183523982799
0.16106154059733485
0.6172562358390437
-0.891381838755989
-0.01647722197231695
0.6878256129332814
-1.2482493258343523
0.9705729560371843
-0.1439989994826491
0.736741594969924
0.8828044785981058
-1.4767994411920389
0.05347654858792847
2.398432242949154
-0.8155672252700834
-0.7624280843687945
-1.046262701866965
-0.8125359623322875
-0.7735611198633776
-0.12863740369820478
0.6723656799737773
2.3403100859380523
0.2181202288545046
0.7625148163613673
-0.962700237493632
-2.4241982463543903
-0.10867667691686203
-0.15683335517024888
0.7679578836176015
0.4102431544474194
-0.5476733957143173
1.1072643047555428
-0.5871280569692242
2.4575791987380566
-2.7849155245695836
1.0089578589801835
0.5348425700739267
-1.3016199106458664
-0.5723780006769835
2.753614192140363
-1.3530310622050628
-0.034730008592313295
0.22856212318843722
0.5278411877446808
1.082112564572502
0.3060524305821008
0.35671284433294703
-0.22337676225649816
-0.027475854424225066
-0.7812844096338837
-0.5371824326776761
0.5651531953623911
1.112083392914342
-1.180257476327818
0.6341814580999487
-0.6280294028899732
0.6217151069349447
-1.0964663985905738
1.3031753419013274
0.022672920680702847
-0.04070888388891246
2.9569254294357012
1.4982075562151869
0.0025890238891236594
0.5546016068372537
-0.5798747402174862
0.03673214817413859
0.9787609523155498
3.0946617286900917
-0.6899361807632176
0.7815983482203909
1.1794150452866026
-1.3912020059681829
-0.041681047470882616
0.7356393865476062
-0.6255595255258882
-0.32366441255482864
2.129259751095237
-0.33672135602788805
0.44631699429926075
0.026391235316957716
0.4748766661755826
0.8165457452074413
-0.6386851863723152
-0.4368622099807089
-0.6626353159244579
0.5189424295399001
-1.5276680443250379
0.23051491004492342
1.5721168816050646
-0.9504478898070827
0.04862382912605885
1.3061715564253047
0.15400906456723862
0.7745390642256482
-0.35202575613685116
-1.2542672916249575
0.5039620121740228
-0.5264511569502268
0.4730684482752917
-0.6219384562475863
-1.6877063831480439
-0.4261155291350899
0.9923243632597019
1.6990692840723358
1.1384212078862097
-0.22552518804279498
-2.106182548196093
1.1175696909686645
1.6215342853258508
-0.3510475459448468
0.8947863207701419
0.955199090709345
-0.6639170236038866
-0.8871269932373476
0.9180038653217146
-0.572648676083598
0.024811732662893826
0.5748369465103028
0.9901455932515935
0.45021618923585127
-0.785992797978227
1.1743630004050052
-0.42807602543397344
0.7803693847386249
-0.10599725564578276
-0.4778081366150354
-0.4779807456665858
0.5927885900174028
-0.7995066804552033
1.038224050332684
-0.30338638313824007
-0.1588187311502166
0.4567082590676116
0.7954968536224564
0.07442075842313438
-0.47772545121390947
-0.7656747031936892
1.7666912039215765
1.2195801571479825
0.7384439248206124
-0.9834438927489514
-1.8416824614619285
-0.7068010990291442
0.19708654522803842
2.676333581662469
0.4027054963286821
-0.6908127208474729
-0.8489073751502569
-1.8163433871029964
-0.6068133785432308
-0.2876633751609851
0.0848516455674905
-1.9008708734017656
1.5902651397856107
-0.9081999101285572
-1.0943738552066973
-0.11541765890156871
1.566382212312043
-0.6215828049288217
-1.3151909664642982
0.9383856513161398
0.6871879023560257
0.9068387682437911
-0.5953990944883912
-0.6191453191178651
-1.329511901076104
1.1138388633846326
0.21804219726098617
-0.3737736737865379
2.181933429216524
1.8697582370438004
0.6475475311752207
0.43877068245741147
0.6557911310167013
-0.11599828842641131
1.3337737568573687
-0.41740791073666966
-1.6104219172669663
-0.0323084922756785
-1.0121557484053754
1.531775347050678
0.1337222209071217
1.9815314681563643
-0.14045809261377237
0.6704744717030899
-1.1293945262886258
0.44228644182730337
0.5303188802421109
-0.7832005510006925
0.3435293225960685
1.6801354926846583
-1.1217954811391073
-0.07638037244307372
1.0920047984896772
0.31374942551785845
1.2763464144396517
0.4148837814230768
-1.9267030480505443
2.2092073601789712
0.1021153534979206
-0.6148667938450971
-1.2057835669446288
0.2633028692125454
-1.3087299320534558
0.1619440624699448
2.710875807589138
-0.7861631318719394
0.03896224182648782
-1.2391448570785646
-1.3026752316711128
2.0467870608609013
-0.24442622542279513
-1.7430497626546841
-1.0914275082295624
-0.7869897751527762
-1.730067880350173
-0.32039396139980914
-0.7887957276489843
-2.3660238523438806
0.46277287949801027
-0.9780135927419404
-0.7008230340837348
-0.48071672160367324
0.2672668740874767
-0.007336420610824089
-0.03359870273299801
0.3751472324243082
-0.6283397671692454
-2.076538278623576
0.2764750172410689
1.0063676929230163
-0.8116300012457707
0.17220719492884973
0.7634965145034842
2.1948500675092775
0.49215162981936966
0.5407531067805559
-0.24178184798634889
0.6028265139272181
-0.31890584995612065
2.2985600971316797
0.29667114869381
-2.7887748573028
0.6795837737782527
-0.7772330643531814
-0.3999988622188319
0.9452270773000444
0.005648783320124303
-1.2759642337815928
-1.0017702145086178
-0.28179477397488994
0.05382980396665768
-0.23294755504275222
-1.2349768884703733
0.08604561292930983
1.6103522254837634
-1.2281872241532499
0.6196831311305598
-0.5135487037567027
0.29543613875560704
0.6744824614654301
-1.31433003678691
-0.809248385440817
-0.24309597943569727
-1.0556207102534032
0.6259483707283994
-1.7382387489672548
-1.0591449303974478
-0.18422315598430467
1.2999403933165528
0.28929645165551143
-1.2024157923398358
0.21568163723910444
-0.13571786256043106
1.0070626356650842
-1.1756085051378713
0.8569388162391545
-1.8102691818294077
0.22051883636863584
0.22412864514367753
-0.7313782111396769
0.22340290246362687
1.0848611701337505
-0.9095166027360417
-0.5901768692527232
-0.5271339902685652
-1.3935904634556908
1.467716336954439
-0.13638555559046028
-0.07181796601834206
0.9943467190692525
-0.663554734550713
-1.391976656822557
-0.3857091713794812
0.48791476279135115
1.349111733168552
-1.7013072439116461
0.22922164351122087
0.7189870429207988
-1.084433344156734
-0.08274822266097451
-0.6929449784188292
-0.2195599577311818
1.065057482454843
-1.5291088349550985
-0.43083534313780875
-0.1626301005248566
1.4709258827368652
-1.7688527021362863
-1.1816355854236786
-2.865348797556918
-0.5405725304097525
3.435832519356695
-0.3744610730963687
-0.9815832359541705
1.6968470237345636
-0.8730963145602942
2.2109325732559926
1.5058382076805343
1.388922817047804
0.42069240966075877
1.9540041603159577
1.169200263642533
-1.3817826262306045
-1.0066871286152275
1.445079370028589
1.0518290490251954
0.8974128333479526
0.2181136988712729
0.5955697499142972
2.2855577010016916
1.3865664518759167
0.19615856645860885
1.156947969578941
-0.4921765847907319
0.649593644472304
-0.715109928324306
-0.05059335966984916
0.5147402223082316
-0.2712139607828226
0.45627042608463025
-0.4578778117816423
-2.8222920799722364
-0.38541485937383796
1.8930510087854078
1.2413213472668685
0.05543583025362822
0.27285164261418543
-0.06694327620118727
-0.1151176720350177
-0.5039956203435175
1.1380865348481852
-0.10473224501943738
0.6621355593762632
-0.549308502297445
-1.4261339534450188
0.5632587304543658
-0.24092993016968972
-0.9040653600364145
-1.061715619441758
1.835928745445044
-0.6212070798190205
-0.05265873857934438
-0.04450377622840391
0.4908279358315252
1.2918560497830194
-2.036523881707346
0.035105532632577936
-0.03365293934315537
-1.9178114771643529
0.4073977925578664
1.5954467892398716
0.09453564332146644
0.405550979609951
-1.287801615550126
-2.334359690402185
-0.5190821868513911
0.3610120656958879
-0.04665058694328994
-0.050880005407684684
-0.20165382207928967
0.2495676373250098
0.7010994525632994
0.25811037808727016
0.7050374449016126
-0.8282182324172565
2.215689240524661
0.9644864019393197
-1.3885108396903125
-1.0070271223756926
