%%MatrixMarket matrix array real general
1000 1
706.1634420439681
7722.056876483492
-3322.3610873931393
2533.722427295158
-11668.762384093592
-5112.724335874377
9242.433369396762
-6928.963741870488
-23134.99275527552
-20506.28054646593
-24640.825259152552
14672.844799173428
11033.078132844737
659.9427458411209
7141.820783668824
8281.342259109828
6259.037266437441
7952.497259671335
4245.3192035825095
2205.6430199971123
-10921.809076048257
4678.373208030147
-7589.476552894119
14355.45124359345
-7497.58001143141
5437.328203146125
6945.519903266621
6498.111374780489
-23864.364093750377
-14607.655873766802
7957.788874105851
23219.884490605626
-1057.9450524757772
5007.406121638996
-10285.467859799437
-5121.261074453749
-5087.6121703815625
6902.882050332467
-7905.941647952518
12581.868175849077
9961.236915807476
28212.869208845434
4191.623319270261
5481.71626188757
-13785.023477127685
-1551.5202269185068
4093.0720275114
12544.24495446229
-3556.969044678803
-1715.6093059683583
8096.316046542983
4389.068182123428
-11925.539682314771
-20431.005057271133
-1543.1018043683375
-6940.356414821675
-2342.2169467158806
-11817.463487160563
-6003.796895058962
-14194.356204656284
-11348.261558578628
-6474.425933937447
5630.23866502217
-2824.887499177299
10366.553431544557
19445.022453993955
12832.242764708895
-549.3930315797193
4823.084402236222
5849.73570604387
-7052.415098071586
-12277.555974049219
11400.177689032007
8901.556521496828
8915.273495483454
180.505250568863
9292.125934041827
10614.122472757852
-5129.566964283562
-6169.840048307683
5041.419594185414
-3480.765957563081
103.90479516578347
-14771.127213489193
-1361.5299617701237
-914.4845860939394
-171.36488908118656
2412.8616508265186
-10542.101824986512
15108.574914360925
433.0788403127106
-25931.998946868585
14832.901427822891
1572.560314352088
-26451.970653985423
-4542.96296586115
-2724.449531901511
13966.277329641127
-6982.813724246638
-11104.00591750273
-9444.25913609032
10293.654952840887
-15352.948677319153
-6266.392025179246
-4812.635023806437
-1492.2193944459084
5043.545277367085
3139.1193559096937
22027.782697985615
-2082.5150238363685
-6234.543572303695
-12516.112337841058
-2961.9593565122304
-7566.4038505603
14451.171725387814
20056.697310012503
11832.043358013627
-2970.8625464234374
4172.605619436116
5566.03978049323
2844.8637841522927
4743.021314011033
5024.395859385888
6182.7962626211065
-14679.925177477751
-1365.7046920864423
-6528.273229707344
2373.6059675964316
-7998.493349873891
9022.26430995719
-8319.016927202541
15520.538576754618
1156.6703337144459
-15126.47831354103
-11494.298466480568
2341.998331298024
8765.625976897738
18954.53562372829
-3181.6108080992417
-52.63976256718958
14804.319838950076
1131.8736430573833
-16558.90429740379
4277.054663466517
607.433209303756
-11171.69753564992
486.6605036243628
7114.592634632355
-17608.063915875795
-6531.823318445157
5728.459828211995
-6740.385273123944
10950.015331454599
-4801.077433190184
8833.681550583184
-6573.848798715551
5814.595962781059
1381.6376876155882
4356.639370153336
16059.51552726096
3249.998408238264
3354.959895356191
-3009.775437159605
21260.92231886409
-2367.59997627217
3824.2835846984553
8604.51652712715
3548.973499674301
6238.4472212506225
26859.838162087133
-14502.300119663314
-233.94353490577186
20300.460626380762
-6572.575024422278
-12795.294104492114
-2475.494956277385
8327.349453488949
-9328.060158923578
-6728.722320507869
-3726.2067529656715
2921.8723877899984
-785.2676310600887
-2663.7535990874376
15551.072521082078
-1609.183959638443
15748.730998152927
1493.6156304545734
14390.232438835617
12037.319569915482
-324.6600919759704
-6695.094002812974
-5625.263719474395
4594.044934358736
679.1065690204479
-562.0672208516091
-6012.457736068793
4454.475002353605
6560.144607787255
15273.74995645167
2541.2409601206737
3659.007709681196
7686.347677183106
4591.666938341897
-16094.676160896493
1652.0027369650359
-5190.937631953554
1054.9046643778634
9213.135639959271
-6175.437655353564
-5062.8512604581365
-19843.083342373284
22376.297543061923
-7171.378394432712
773.1835680441847
-10588.1254175419
1440.6035971463937
-11403.330188696273
14854.57885821647
16979.263255022874
7400.711712319302
-22839.207850106566
4044.663776264747
929.2768966431521
-7041.6971551348615
12376.905648555097
-9654.577993723708
-6545.092843536513
-8430.330932882885
-9546.210100898863
9649.475214860948
-3594.1489257339863
-5077.970249286016
376.56809358998674
4451.40846385059
-289.5840928616366
17751.381634205205
576.4854182886946
-12363.731176901172
12609.0648392345
-12248.968388052848
-4718.560946898113
15947.413735384449
-5645.830575584519
-3751.01567737423
-5829.4739543509795
-9060.631190314261
-2215.613504910831
-8183.5256567582555
-4054.786022970491
10483.040622235523
3136.2271923066737
-1452.9528921415908
-8245.475543632952
10746.728446571464
487.56001525773576
-4695.763142290674
7356.260642847697
-3123.553227324722
-22782.245059059824
2327.3595663901037
14.683439030808982
-18338.55008922883
7407.7786926439285
-2358.1032392671573
-18222.460945685816
898.7191604475879
-912.8633673888869
-861.8447868827959
185.8398800809295
855.4512938614974
-5246.023499158909
-6522.294917341297
-13113.653054985718
4605.332145316038
-3658.081521212898
-3596.552406001973
17718.275562898532
7401.993290481277
-3870.599022570379
7585.990513135547
-28623.413289835647
-5543.487045519935
-10236.507217145383
9335.502250800277
-1275.6618200292862
7495.671371165877
-412.95794665314986
22206.382444577444
-6425.41777792259
-7087.3243978345945
-4753.2757116443145
26894.101178289202
9018.300195393316
1588.1373097002459
5819.543929987851
-12241.055108681683
-22893.88032624519
4731.508560314896
-5786.383545187245
-7269.51145245598
5903.854572130276
966.3175554130453
-642.9769300554209
-14001.068029081245
-4487.936927972398
3520.582296673352
-10023.212802763943
24011.645503882508
-2348.8922364708887
453.9050103254507
5578.158578278242
10238.3146523078
-7528.1396620679525
-2783.4610866220255
5995.9608946777225
-6852.934743578181
6031.8834795419025
209.54173065732988
3404.8358805029593
3780.8884412853336
-5683.35933497735
9978.835907052062
-2664.4429878998753
-7168.935969259047
8501.401916168186
-2940.0418193438577
-3526.218562734352
66.29519053219008
-5264.177088040993
9924.548998370405
-7738.817333405277
-1623.4948361425004
-14706.565128678776
-6692.738563196733
2883.8771662859986
6282.2383221017235
-5343.9960360008345
7897.224784167334
7321.981471094581
-7652.81687372803
-6706.933886662782
8695.494544614554
5255.715417797073
-3586.3160733922696
2953.955716487924
1910.2088593269787
-14275.796371823622
-10782.186577793631
-1212.0226786106614
7444.308468725159
-2948.2345070898973
-3008.922136560617
-3551.9691316403773
8929.458445586719
-8119.1409130708125
-1124.4976955220964
-13896.045082829762
-6668.676755007253
-6557.038621100605
-4566.1758885312365
-14435.907799868706
-4967.077544997406
-8296.202875938832
13777.118259248971
13303.246208696788
16861.881058389226
2199.41113350082
18252.769262069873
-10953.173374799422
-14870.396624846857
-4248.944025826087
-3641.7803427340623
-9204.846151093914
-14361.943374243612
-11809.248711370115
-26545.4230510698
18369.212684824557
3814.9420453677303
4873.716451772205
-10417.589170942418
-12195.458833372184
4634.190230407526
-24.861725633633966
265.43435264433225
-6676.037266237284
1783.963913335412
-5735.744292726368
14502.418434297793
1435.4463065393243
-19043.78672721879
-12934.516443245973
-15045.76938837175
518.7107484990823
28444.632269697144
17353.3392050825
6743.879233998979
6053.427802631866
2996.5958648013
-12622.00899368158
-23046.209548642848
-3307.866860474626
-9671.717037611012
10525.603478709978
-5047.767010616508
-1879.8569651938733
-4385.741353965438
9028.470609558666
-2617.0693134379885
-12260.99773970401
13628.988225704901
-2403.0057893152684
-6140.00454331059
412.84588961536423
9782.412219457437
-3932.2289831027365
-8508.755023843929
-15626.306895274447
1636.3009873218264
-5088.105094655705
-3809.1434063698566
-1335.4959143879787
9582.281640315387
7190.032391955977
-679.7767435130452
9956.71565411824
-560.5891768997377
9459.510257495544
-2448.614715202277
-773.7848214275
-13543.268715297669
741.5626926909499
-2455.8832670893444
9081.64139538442
12218.465957757255
18138.03280352195
-237.35586956294242
-4290.891340175541
3846.6076047054403
-1536.364398135356
9290.420382679353
-3927.4619609604747
-3113.7559356207653
9144.10533030037
-5082.455123538746
2455.5760237437125
-3070.414636414315
5992.535839628325
13557.35823908701
22238.024886320374
210.95465271152588
-15780.271568379027
-19412.788314110418
-11971.772705165296
-25048.998734547276
5316.247914485005
3923.7126312506125
7606.966801448108
16147.330285755865
1381.4278865135318
3562.560760190992
1633.894718317992
-4530.023025052044
2449.2535939945733
7009.185834518559
-12422.978004138942
15852.0794426194
-840.8317611441953
25975.663918862458
-2103.3347928157773
15203.553609300752
-7470.847951412418
13228.371880930652
-6630.286152451888
1970.6156746599179
8290.752967950351
27325.72254774286
19603.477372768462
5071.445428306011
7099.558076094743
13703.09183458059
-91.19165863209179
-2136.646681941603
-12204.789312460347
-11923.156623593775
-1830.2113950835378
4352.074201070928
17317.50281712776
-7906.368251413554
15788.22598069928
-7880.145197612774
-5200.962233873513
-14784.527233261108
4073.527838154131
3266.3610830334983
-9455.807428824475
10163.452500763195
-13120.242993808466
-18850.90483948541
428.6808350132533
2071.485509357587
-1430.960853365146
961.3832796415246
-13486.347651872871
-1150.668518576357
-9112.230229446643
14107.289088205856
-1404.7755196173846
4782.223028402932
18060.69973056384
-7237.491063252564
-3822.8144246233883
227.68769535776414
14481.456188497066
-1036.9958909418726
-2535.3619038354914
-7655.846790444608
-14418.590271050516
-2487.08095688196
565.9936287605221
-5569.953267009688
-739.1370458859038
5686.1534453557715
-1190.7165421318057
-8195.063462708558
1521.1594015232035
-4924.054692040053
-16071.265039349357
4687.1961041619925
-1631.5641657873296
3613.2315525556405
-3080.856826800893
-14805.668777059496
-9252.860527004032
5451.588899818557
-10182.697694153441
2870.5467241576566
-3408.053909111785
2159.2762959948154
1201.7100290174303
-7374.288719096744
2019.6516438636302
491.60526693945457
5496.515210350636
21605.678132733145
4275.854520276793
5263.186544354975
6314.123366550959
-7791.876950560848
-18810.869245202415
-2665.427860197855
-21231.35869418209
-8371.248643403906
2151.620854614073
6742.085809555039
13868.109987835573
-10127.584514996426
6823.180308136995
-49.48798278925955
-2726.186077938851
9516.997048101926
689.0942333466531
-2603.6865120763287
8563.51645773528
-671.4141985990791
3980.113163229495
10129.575992123715
-8684.371877612813
-13400.158870946047
-511.4828748318851
-7106.17606256635
7177.359007450018
-5043.0788471313
-8637.950201693697
-5445.315398439798
-3031.321279652306
-9024.58068518954
-10218.554720162003
-19940.708026171713
-4793.773118106474
3352.5020567961083
-3198.293811177588
-295.447715175356
5213.238609526232
-3553.337575352639
3016.5415577808326
-7147.53341756018
-1613.351281722222
1566.0987421914865
-5155.271757854572
19437.201557495373
10673.55640815103
3244.7733833775005
4646.803329288679
6028.776660731667
515.4444172745931
-7284.571065161885
-10227.542721777367
5558.668472351185
12804.790639776978
9885.805020409083
8981.036881651171
-2717.321177198239
3657.9546042564593
-6884.55448912379
-1725.9034274859582
11945.786594106592
-6646.12225856909
-1027.0499326860224
14906.538028204403
6086.090861177692
-8890.231388370752
4456.1631683937585
1284.3252722390926
-2355.831039110778
-12867.160551411516
-12265.590027023107
-4535.250436629406
9141.675882209065
17154.462177018133
-20065.005544976186
24056.26146615348
2689.970765917008
8951.852926667238
-1028.3027666606768
-11938.202526307208
-9897.349019147665
13099.868457953951
-8120.681553905091
-5929.137885372444
838.167630229866
29945.251595846014
4800.3442021096
14526.517393461932
137.07225509984582
5747.948256368324
-11749.257324810738
-8041.538389233915
-7704.621291279909
3245.3843285095554
14960.30390224841
-964.8469814104693
19473.54863413489
-2001.9990603857357
-556.9941450308199
-24918.391564203077
6379.653030347776
281.37965887694435
-11053.100928383556
10022.94171639472
-24009.025765294944
-8702.527989873917
12748.07388338272
-754.7640046994214
-1317.6290290106483
1982.9449546104597
-5705.431613750978
3116.413551369573
7503.738774257786
9164.837139740284
-2901.522501318736
-475.66330661904215
-2025.8787413446487
-22634.601970697622
5211.096968787578
-12449.150987136192
7584.4498076591135
10120.580717312409
460.11101963179925
-2891.2188521817397
-1898.0292575463363
-6713.4977550659705
7750.6319146222995
-15295.94924730812
-1221.5465453071643
-10166.824794804066
-1443.3687991613153
-4539.728964506709
-10827.385672342727
-4604.646518208183
-22249.927975725022
-6878.065953505973
-280.05627627952487
-63.893445425768675
-14768.180880936272
3618.9963986373523
-3942.6008013130586
4758.567983102927
-242.46235492511596
-19054.76157904479
-11394.759504397965
3900.7980905526956
3285.2902280294566
-6071.649301986357
16395.36507524225
-6934.434625876357
11169.423333510278
2546.0905088911804
-21999.71567158445
954.1893945092339
-18373.154265428435
-8951.101031663464
-1604.1469540152168
3628.7708591778046
3491.938517500427
7640.7376089726595
-4017.952543608967
1206.0689409179495
-5121.876395662878
-7503.821930839006
-9976.113970229977
-8944.704370786729
-1394.566042708257
-7463.684640464955
-10408.597011857013
8241.690374214428
-5672.911374046041
2238.13636857951
3677.8099204475916
3525.011079163547
4280.70267930816
-1346.3913734041503
6703.176289919114
30430.894790591457
-2526.4067224400465
5218.599612778417
-9624.362584049184
-2003.9054007641898
-10437.390648641824
-6730.059180827902
14213.155962716934
-513.8566760079968
-1675.9055975762005
6341.519698280935
-10744.39021214739
11129.278350551673
6670.40671889901
-5969.661250815178
794.0270390236266
944.4703721325562
8007.199940447457
4121.142879095101
354.517328422087
-2667.057228448072
-8345.709412922086
14236.639280356972
6233.256635707044
8634.083739587137
-7044.059773581316
-5229.156578563318
7561.934260525138
-1936.2673027517003
3409.160645127041
42021.05299117584
9749.87574950563
24198.680362930205
-7613.010565904337
-6745.580157767338
-13526.962402699306
734.132521905526
-3200.3469510952673
4784.0981242407015
15603.044386373282
-1083.3868395137029
-2250.9259082240887
17022.54668251052
-9045.347070491804
1239.2284763575028
-763.9802770440398
-3644.4733471889813
1364.6587645701377
5137.526608081709
4192.873880868954
2606.595519047263
-20485.858747896837
-256.4481391104811
-5287.33340100083
11594.349268206057
4898.39760674486
-970.0756301055796
-3053.0795620693234
3172.5223151179484
-7658.416423860937
-1302.624386947734
11029.584748112982
-8271.992572982605
4605.55861728619
-1026.3426183249883
5429.1907109637295
13515.764809311411
-6242.324176182223
13310.252579914104
9222.847392132466
10004.335622711304
991.1554182553647
12931.730783163468
7684.606353456787
12087.932575912699
-3733.206224620762
8414.994246751286
7359.024548593692
7895.397858033816
17075.767942941144
17660.43571185163
-12976.849932280376
-18505.553395998766
10887.688084714739
1517.1274214381997
8020.57098280461
11114.013557639026
-4499.279142089543
1614.1203309603172
-1907.803933107132
-4257.5578238573435
-1019.8868487925148
690.7324402873645
3929.5150455093362
16562.582018968347
14247.93029916242
2228.501424464357
8208.402615188666
-3755.0269653379723
-5055.510935801192
-7436.383299069768
17052.863826460274
-2991.287507076823
18801.869624033923
13035.897960283643
-11915.988678695263
13377.978712426058
-1122.6778764421965
15948.154126635505
12773.159502520535
-14118.343127690929
8208.738713258648
2478.3900451789173
11829.175355154908
6002.867554691486
-11322.089073754389
-18516.27756551692
-3661.281903199428
8020.620887537252
16970.22093782137
-19456.836537955085
2578.742930549591
20197.391135502672
-3844.7320410078946
1857.8396567167558
5631.152513312184
-5139.970811854959
-21232.542288503228
4707.761099112992
249.55749360824757
6140.171421410605
-12030.29600150097
6963.538579089737
-1121.7725246979778
-31.32938033240501
-6652.084156300909
9065.836715513367
14191.685223888511
-6326.651052503439
4222.4911711601935
15779.506118359484
9804.369659049738
-3635.4255791235946
-1550.342387667348
-7147.818311931667
5313.891318824632
-6678.016102701894
2098.027433225612
14450.720719122335
-19419.197710658886
-21639.95927390286
4036.052670141011
3556.613174137182
-2155.4507967769896
-9911.496308777858
4687.928086130454
-6597.084480668472
5072.41475647193
-836.2949069197269
-1065.776176003534
9089.620961206843
-11762.744480309395
31.865350203338977
-8931.161061280589
-12556.524982064826
14856.890605454693
6132.6320839865875
17059.970327336083
-20367.345113287527
12848.518325533565
5507.09818269044
3265.1341873680285
-12255.719106127952
2308.9885531448635
-10076.53625264791
7138.521354515854
7090.182005920351
3011.3916922261456
12371.545118613232
-4355.530976669564
-5818.5820481417395
17804.306759614774
2783.3874212169585
-4892.681627110313
-4928.579301356905
18382.668234428154
-15842.057510257775
5955.522152098774
-4982.2505829667525
10031.02437220567
-36574.58756419078
-4846.2592005826555
-13336.51376836947
14260.609456544731
-12349.628871473387
4895.524360950363
6669.291957903774
-2126.2858322489014
7033.433281583174
-4918.8307008126985
-5572.8840863488995
1049.5941605122582
11532.88477437146
-1599.123622560256
-3775.405759607516
-19068.61126751428
1110.6293861500978
-20316.33172186642
-3109.7313619817355
9755.251188887845
8915.727778529215
86.30354261875954
-5354.535666680804
-5615.549796750368
-1954.6799698698987
-5731.882166009931
-3815.869247738338
-14197.673861161265
9346.349139504631
-8338.867644145583
-5064.71996857553
7893.634503916931
-8764.265290920504
-7999.504716676516
-2288.138974514227
-21163.38230808731
2710.5538490970403
-7795.472241324538
9456.131765924907
-4691.086127974495
14723.381706040125
1125.6266171146574
-12601.099905180254
7234.25109942802
-9172.126995106233
-5721.195647182942
4577.361071741776
-9731.508786666678
-2923.435343025155
773.741980003971
20731.079798745803
-10443.73220434939
-12920.829095983205
-1717.341214430229
-9430.015500480526
-19840.985142612517
2663.738288010692
-20532.92274763949
-9648.920309203359
16966.89429864323
3537.2274556127204
-18369.764058297613
10119.721300217285
8469.984601775142
-2700.699664195385
-8329.743445217166
-7923.577015478596
-5423.335872934304
-1520.2790471353492
8985.201910878635
-440.1222462316941
-2889.200296751769
9979.663145370532
18049.79033510024
-8886.962267348248
7913.336348260571
12833.791710328771
7515.957817748388
-14228.226078991946
2911.249412482099
-5517.091755744194
2399.009462135563
-9169.511460268353
12343.033041331008
4856.400693782055
3860.931166338522
-8252.45789527093
-1906.5641453590038
