A random graph with 1000 vertices and 9915 edges.

The graph is generated in the following way:
    - for each vertex, select n / 50.0 random neighbors
    - get rid of duplicate edges
    - weights are integers sampled uniformly from [1..1000]

There are three trees in the folder.

Tree1 - total stretch = 34334.62930532823, ave stretch = 3.850900550171403
[0,1) - 1313
[1,2) - 1267
[2,4) - 2416
[4,8) - 3445
[8,16) - 449

Eigenvalues of lap(a) * lap(tree1)^-1
0.9282 1.0232 1.0928 1.101 1.1347 1.1452 1.1488 1.1595 1.177 1.2124 1.2222 1.2275 1.2416 1.2434 1.289 1.2941 1.2988 1.3253 1.3459 1.3504 1.3848 1.4215 1.4535 1.4904 1.4922 1.502 1.5045 1.5227 1.5269 1.5303 1.542 1.5478 1.5617 1.5633 1.5871 1.6001 1.6032 1.6086 1.6238 1.6379 1.6477 1.6721 1.6825 1.6867 1.6992 1.7024 1.7077 1.7117 1.7194 1.7302 1.7398 1.7512 1.7602 1.7725 1.7818 1.7998 1.8189 1.8273 1.8421 1.8604 1.8693 1.8704 1.8829 1.9537 1.9563 1.9855 2.0422 2.0727 2.1133 2.1393 2.1595 2.1733 2.1899 2.2013 2.2043 2.2155 2.2374 2.2472 2.2485 2.2699 2.2913 2.3044 2.3122 2.3232 2.3385 2.3431 2.3802 2.3916 2.3995 2.4273 2.4398 2.464 2.492 2.5152 2.5224 2.5612 2.5885 2.5959 2.6037 2.6208 2.6322 2.6421 2.6621 2.6737 2.6825 2.6914 2.7045 2.71 2.7219 2.7236 2.7491 2.7585 2.7644 2.7737 2.7887 2.7961 2.8011 2.8091 2.8249 2.838 2.8481 2.8612 2.8712 2.8883 2.9163 2.9339 2.9351 2.938 2.9552 2.9745 2.9787 2.9888 3.006 3.0127 3.0202 3.0351 3.05 3.0513 3.0642 3.073 3.0862 3.0981 3.1242 3.1315 3.153 3.1726 3.2005 3.2185 3.2275 3.2342 3.2412 3.2495 3.2635 3.2841 3.305 3.3086 3.326 3.3367 3.3592 3.3741 3.3898 3.4093 3.4136 3.433 3.4348 3.4608 3.4782 3.5023 3.523 3.5513 3.5729 3.5963 3.6067 3.6144 3.6408 3.6695 3.6818 3.6941 3.7033 3.7121 3.734 3.7374 3.7471 3.7669 3.7824 3.7904 3.7991 3.8146 3.8291 3.8456 3.8487 3.8658 3.8813 3.8918 3.903 3.9191 3.9359 3.9463 3.9533 3.9617 3.9727 3.9844 3.9879 4.0073 4.0145 4.0261 4.0404 4.0665 4.0676 4.0749 4.0914 4.1049 4.1114 4.1324 4.153 4.17 4.1786 4.2005 4.213 4.2207 4.224 4.2465 4.279 4.29 4.2958 4.3083 4.3131 4.3175 4.3461 4.3646 4.388 4.3941 4.4077 4.4254 4.4491 4.4606 4.4775 4.5146 4.5231 4.5313 4.5396 4.544 4.5911 4.5962 4.6122 4.6274 4.6442 4.6534 4.6588 4.673 4.6956 4.718 4.7342 4.739 4.7454 4.7713 4.7834 4.8061 4.8171 4.8296 4.8489 4.8725 4.8915 4.9013 4.9119 4.9388 4.9574 4.9907 5.0062 5.0157 5.0432 5.0556 5.0779 5.0827 5.0996 5.1261 5.1376 5.1441 5.1715 5.1817 5.2105 5.2382 5.2586 5.2797 5.2965 5.3354 5.356 5.3783 5.4153 5.4322 5.4621 5.4802 5.4943 5.5169 5.5582 5.5978 5.6314 5.6737 5.7286 5.752 5.8301 5.8606 5.883 5.9553 5.9904 6.1144 6.1641 6.2614 6.4078 6.4207 6.4401 6.672 6.6964 6.7677 6.8415 6.8771 6.9052 6.9801 7.0284 7.194 7.2635 7.2746 7.2884 7.3664 7.4094 7.4355 7.4481 7.486 7.5781 7.5842 7.6351 7.666 7.6984 7.7319 7.7562 7.7835 7.807 7.8334 7.8742 7.8836 7.9151 7.9488 8.0015 8.0339 8.052 8.0871 8.097 8.1099 8.1786 8.1914 8.2117 8.2239 8.2601 8.2941 8.331 8.373 8.3921 8.4342 8.459 8.4688 8.4891 8.5433 8.5599 8.5991 8.6445 8.6726 8.6957 8.7049 8.7334 8.748 8.8021 8.8224 8.8308 8.8401 8.8455 8.8735 8.9226 8.9492 8.9855 9.0295 9.0439 9.0659 9.0845 9.0964 9.1194 9.1271 9.1665 9.1867 9.1987 9.2138 9.2552 9.2749 9.2998 9.3122 9.3366 9.3528 9.3815 9.3943 9.4059 9.4584 9.4696 9.4909 9.4954 9.5285 9.5551 9.5868 9.5908 9.6165 9.665 9.6854 9.7129 9.7323 9.7449 9.7721 9.7768 9.8203 9.8594 9.8877 9.8935 9.9306 9.944 9.9793 10.0054 10.0197 10.0452 10.0585 10.0814 10.1094 10.1241 10.1354 10.162 10.1753 10.2132 10.2272 10.2421 10.2953 10.3405 10.3489 10.3628 10.3843 10.4037 10.4238 10.4371 10.4708 10.4974 10.5268 10.5494 10.5798 10.5977 10.6273 10.6552 10.666 10.6876 10.7184 10.7326 10.7664 10.7833 10.7989 10.84 10.8757 10.891 10.9165 10.9646 10.9961 11.0062 11.0244 11.0504 11.0559 11.1136 11.136 11.1631 11.2116 11.2402 11.2531 11.285 11.303 11.3203 11.3491 11.3572 11.3873 11.4105 11.4438 11.4508 11.4757 11.5109 11.5631 11.5793 11.5928 11.6183 11.6365 11.6713 11.6944 11.718 11.7338 11.7579 11.7805 11.813 11.831 11.8482 11.8851 11.8989 11.9134 11.9452 12.0018 12.008 12.0161 12.0631 12.0866 12.1139 12.1354 12.1518 12.1885 12.2146 12.2252 12.2565 12.3071 12.3147 12.3277 12.3446 12.4152 12.4273 12.4407 12.4587 12.5062 12.5316 12.5442 12.5615 12.5853 12.6045 12.6257 12.6487 12.6907 12.6998 12.7428 12.7624 12.7692 12.7903 12.8343 12.8573 12.9078 12.9662 12.9846 12.9972 13.0003 13.0398 13.0604 13.1002 13.1342 13.1504 13.1693 13.1835 13.2266 13.2627 13.2926 13.3348 13.3397 13.3532 13.3773 13.4081 13.4377 13.4948 13.5216 13.5336 13.5494 13.5886 13.5977 13.6514 13.6808 13.6983 13.724 13.7367 13.7786 13.7918 13.858 13.8643 13.9062 13.9139 13.9778 14.0139 14.045 14.0965 14.1556 14.1708 14.2303 14.2432 14.3054 14.3226 14.342 14.3542 14.3869 14.4122 14.4563 14.5104 14.5275 14.5496 14.5745 14.6049 14.6396 14.6527 14.7005 14.726 14.7526 14.766 14.8032 14.8292 14.9135 14.9402 14.9801 15.027 15.0738 15.0926 15.1192 15.1294 15.1732 15.2095 15.2271 15.2565 15.2938 15.3286 15.3649 15.4089 15.4295 15.5046 15.5676 15.6061 15.6257 15.6652 15.694 15.7101 15.7221 15.7813 15.8088 15.8319 15.889 15.9326 15.9565 16.0097 16.0257 16.065 16.1624 16.204 16.2171 16.2613 16.2933 16.3266 16.4121 16.4362 16.4542 16.5127 16.5405 16.5952 16.6515 16.6717 16.787 16.8 16.9256 16.9466 17.0149 17.0414 17.0795 17.1204 17.1685 17.2157 17.2685 17.3202 17.3648 17.4164 17.4636 17.505 17.5756 17.5952 17.7066 17.7602 17.8355 17.8661 17.8897 17.9357 17.9566 18.026 18.0696 18.0771 18.1238 18.1689 18.2748 18.3202 18.3625 18.4364 18.4648 18.5335 18.5633 18.6551 18.7359 18.778 18.8174 18.8776 19.0031 19.0136 19.0575 19.1783 19.2026 19.2829 19.3313 19.3803 19.4175 19.5263 19.5339 19.5707 19.6392 19.6995 19.7717 19.8043 19.899 19.9444 20.0209 20.0886 20.1333 20.1752 20.2054 20.2503 20.3662 20.4164 20.4621 20.5513 20.6147 20.6749 20.8273 20.8655 20.9624 21.044 21.1507 21.2753 21.3387 21.4432 21.4677 21.6508 21.6896 21.791 21.9315 21.9999 22.1454 22.1916 22.2929 22.3371 22.5305 22.5585 22.658 22.8239 22.8445 22.9618 23.0996 23.1279 23.2516 23.3575 23.4241 23.5678 23.5708 23.6533 23.6968 23.7585 23.8095 23.9907 24.1167 24.203 24.2706 24.5014 24.7035 24.8889 24.9679 25.0936 25.1813 25.2598 25.3974 25.4754 25.8169 25.906 25.9392 26.1101 26.2163 26.302 26.4977 26.6735 26.8072 26.9091 27.0591 27.2784 27.3974 27.6443 27.7177 27.8614 27.9021 28.1525 28.2036 28.3186 28.487 28.7712 28.8544 28.8902 29.0644 29.1191 29.3675 29.5075 29.5569 29.725 29.8366 29.8936 30.0354 30.0626 30.2733 30.4644 30.821 31.0415 31.0974 31.18 31.5059 31.5555 31.7291 31.9351 31.9944 32.3659 32.4228 32.5414 32.701 32.9586 33.0108 33.085 33.3027 33.5212 34.0341 34.2296 34.4711 34.7454 35.0079 35.1934 35.2629 35.5858 35.771 35.9978 36.1261 36.2025 36.6835 36.8683 36.9882 37.4246 37.752 37.988 38.1943 38.4852 38.8485 38.9712 39.3244 39.9689 40.0444 40.1945 40.3917 40.5918 41.051 41.3746 41.6874 42.044 42.2667 42.7821 43.2173 44.0878 44.6394 45.2605 45.7359 45.9939 46.7561 47.0747 47.4605 47.6054 47.6754 48.5672 48.874 49.4343 49.6036 50.4232 50.5055 50.9454 51.2927 51.8232 52.192 52.4831 52.771 53.0677 53.7386 54.0424 54.3797 54.504 55.3628 55.8297 56.3477 56.5756 57.7035 57.913 58.0501 59.1219 59.628 60.3254 60.6805 61.1774 62.9185 63.0044 64.3731 64.665 65.189 65.9697 66.4568 66.737 66.9422 68.3407 68.6244 69.0911 69.6079 70.2834 70.7719 71.453 73.7312 74.3751 75.3058 75.8199 76.486 77.299 77.8074 78.4912 80.1147 80.686 81.5826 82.527 83.7357 85.5124 86.3529 88.231 89.0699 90.8934 91.8266 92.2028 93.8499 97.9247 99.3307 100.1886 103.9401 105.9878 107.3959 109.0936 111.888 114.7521 116.5859 117.2041 118.0764 120.4184 121.7762 124.0903 125.8541 127.8419 128.2504 129.2932 131.849 137.3545 139.4897 141.6482 143.4191 144.411 146.343 147.5564 151.6401 159.7244 162.5009 166.4248 170.413 180.3882 184.153 191.5579 195.0694 197.2989 204.141 210.7413 232.0001 238.4494 259.0084 285.6001 288.0749 293.4723 357.8003 384.2108 390.3689 423.8193 521.2989 574.1905 596.9178 680.0741 747.4743 967.9085 1062.2423 1088.5834 1165.0071 1229.5632 1284.4701 1548.7808 


Tree2 - total stretch = 172049.88233461138, ave stretch = 19.296756654846497
[0,1) - 401
[1,2) - 395
[2,4) - 696
[4,8) - 1343
[8,16) - 2060
[16,32) - 2171
[32,64) - 1694

Eigenvalues of lap(a) * lap(tree2)^-1
1.6173 1.7213 1.761 1.8223 1.8856 1.913 1.9544 1.9594 1.974 2.0565 2.0834 2.1248 2.1855 2.1993 2.2056 2.2328 2.2492 2.2551 2.2734 2.2816 2.3026 2.31 2.3316 2.34 2.3736 2.378 2.3907 2.4013 2.4115 2.4228 2.437 2.4469 2.4589 2.4761 2.4876 2.4926 2.5098 2.5245 2.5295 2.559 2.5729 2.5768 2.5889 2.5969 2.6149 2.6319 2.6357 2.6508 2.6538 2.6627 2.6763 2.6817 2.6893 2.7085 2.7128 2.7182 2.7377 2.7414 2.7492 2.7668 2.7733 2.7848 2.7873 2.7931 2.8006 2.8273 2.8376 2.8398 2.8424 2.8654 2.867 2.8755 2.8904 2.9053 2.906 2.94 2.9433 2.9644 2.9673 2.9761 2.9847 3.0036 3.0091 3.0243 3.0378 3.049 3.0674 3.0707 3.0836 3.0872 3.0907 3.0999 3.1107 3.1194 3.1398 3.143 3.1464 3.1543 3.1749 3.1849 3.1853 3.1894 3.1957 3.2112 3.2355 3.2403 3.2537 3.2613 3.269 3.2762 3.3013 3.3032 3.3161 3.3233 3.3373 3.3494 3.3651 3.3673 3.3746 3.3894 3.3998 3.4084 3.4169 3.423 3.4351 3.4452 3.4508 3.4663 3.4753 3.4886 3.4995 3.502 3.5129 3.5152 3.5208 3.5338 3.553 3.5575 3.569 3.5731 3.5792 3.5906 3.6033 3.6104 3.6267 3.6321 3.647 3.6504 3.6655 3.6701 3.6816 3.6949 3.6979 3.7091 3.7138 3.7193 3.7263 3.7427 3.7597 3.7714 3.7905 3.8102 3.8117 3.8246 3.8337 3.8453 3.8612 3.8762 3.8784 3.8876 3.8947 3.9074 3.9159 3.9241 3.934 3.9406 3.9522 3.9666 3.9759 3.987 4.009 4.0168 4.0236 4.0296 4.0564 4.0639 4.0711 4.0752 4.0824 4.0852 4.1031 4.1189 4.1412 4.1449 4.1532 4.1622 4.1768 4.1833 4.1961 4.2113 4.2209 4.2317 4.238 4.2492 4.2503 4.2572 4.2815 4.2901 4.2967 4.3058 4.3122 4.3364 4.3441 4.3475 4.3605 4.372 4.3814 4.3894 4.3969 4.4118 4.424 4.4486 4.4537 4.4602 4.4643 4.4824 4.4915 4.4973 4.5283 4.5387 4.5448 4.558 4.5679 4.576 4.5861 4.6063 4.6112 4.6338 4.6413 4.6491 4.6527 4.6601 4.6849 4.6873 4.6892 4.71 4.7346 4.7474 4.7562 4.7609 4.7758 4.7806 4.7921 4.7985 4.8236 4.8333 4.8368 4.8586 4.87 4.8927 4.9016 4.9108 4.9263 4.9329 4.9384 4.9519 4.9567 4.9667 4.981 5.0079 5.0125 5.0337 5.0606 5.0643 5.0698 5.083 5.0901 5.1006 5.1123 5.1218 5.1309 5.1481 5.1674 5.1723 5.2032 5.2067 5.2335 5.2534 5.2658 5.2728 5.2915 5.3169 5.3253 5.3387 5.3636 5.3681 5.3862 5.3887 5.3951 5.4091 5.4315 5.4456 5.469 5.4707 5.4846 5.4937 5.5099 5.5212 5.5498 5.5692 5.573 5.5918 5.6048 5.6227 5.6389 5.643 5.6672 5.6909 5.7153 5.7217 5.7333 5.7385 5.7582 5.7843 5.8005 5.8154 5.8183 5.8438 5.8474 5.8705 5.9059 5.9105 5.952 5.9568 5.9719 5.9849 5.9962 6.0155 6.0379 6.0592 6.078 6.107 6.109 6.1344 6.1542 6.193 6.2006 6.2153 6.2328 6.2489 6.2708 6.3046 6.3112 6.3245 6.3427 6.3439 6.3739 6.3993 6.4333 6.4527 6.4683 6.4863 6.5075 6.5467 6.5678 6.6004 6.6101 6.6177 6.6461 6.6702 6.6821 6.6947 6.7284 6.7535 6.7681 6.7973 6.8117 6.8256 6.8739 6.911 6.9611 6.9898 6.9962 7.0251 7.0694 7.0706 7.1176 7.1341 7.1624 7.1752 7.1932 7.2304 7.2839 7.313 7.3199 7.3723 7.3997 7.4147 7.4363 7.5027 7.5348 7.5519 7.5997 7.6248 7.6503 7.7044 7.719 7.7576 7.8013 7.8271 7.8864 7.9057 7.9215 7.9591 8.0012 8.0075 8.0478 8.1045 8.1293 8.1987 8.2643 8.2761 8.3444 8.3945 8.4225 8.4824 8.5133 8.5524 8.5878 8.6602 8.686 8.7489 8.7622 8.7949 8.8104 8.864 8.8659 8.9186 8.9523 8.9693 9.0227 9.0792 9.1504 9.1627 9.1817 9.1944 9.2548 9.2841 9.3234 9.3454 9.3515 9.3937 9.461 9.5101 9.5541 9.5901 9.602 9.6412 9.6977 9.7507 9.7734 9.7911 9.7989 9.8955 9.9521 9.9565 9.973 10.0208 10.0879 10.1068 10.1213 10.1695 10.1994 10.2571 10.3065 10.3385 10.3776 10.4089 10.4698 10.5007 10.5676 10.5833 10.6233 10.6938 10.7427 10.7969 10.8319 10.8576 10.9329 10.9803 10.9917 10.9959 11.045 11.079 11.1814 11.1986 11.2513 11.2995 11.3197 11.4 11.4336 11.5108 11.54 11.5713 11.6497 11.6735 11.7612 11.8305 11.8829 11.9227 11.9491 12.0088 12.015 12.0991 12.1597 12.2109 12.2357 12.2583 12.3052 12.3318 12.4052 12.4289 12.4423 12.5141 12.575 12.5976 12.6951 12.7131 12.7356 12.7989 12.8187 12.9028 12.9102 13.0139 13.0265 13.0441 13.0953 13.1578 13.167 13.2055 13.3093 13.3479 13.3769 13.403 13.447 13.5073 13.5971 13.6293 13.6665 13.7046 13.757 13.7902 13.8079 13.9392 13.9537 13.9963 14.066 14.1171 14.1769 14.2163 14.2874 14.394 14.4469 14.4556 14.5148 14.5815 14.6049 14.6929 14.7367 14.8461 14.993 15.0692 15.1281 15.171 15.1875 15.2382 15.2984 15.3654 15.3876 15.4318 15.4927 15.5513 15.587 15.7149 15.7376 15.7914 15.8462 15.895 16.0117 16.0531 16.136 16.1778 16.2715 16.2907 16.4464 16.4685 16.5315 16.5791 16.6507 16.6912 16.7439 16.8028 16.8838 16.9196 17.0018 17.0558 17.1103 17.2902 17.3874 17.5498 17.6279 17.7137 17.8609 17.9329 18.0908 18.1474 18.2261 18.2937 18.445 18.5387 18.5944 18.6389 18.7461 19.0435 19.1514 19.1739 19.1975 19.371 19.5466 19.5764 19.6428 19.7172 19.7352 19.9167 19.9608 20.0404 20.1252 20.3476 20.3705 20.4255 20.6519 20.6905 20.7316 20.8598 20.9258 21.0523 21.0673 21.2171 21.3316 21.449 21.4957 21.5773 21.6769 21.9128 21.9688 22.0356 22.1415 22.3363 22.4594 22.545 22.6624 22.7635 22.8966 22.9554 23.1158 23.1961 23.4419 23.4532 23.5973 23.8454 23.9766 24.0188 24.115 24.1802 24.3545 24.6225 24.7749 24.9417 25.0657 25.2783 25.2885 25.4269 25.4677 25.6479 25.7423 25.8112 25.8702 26.0027 26.0926 26.2959 26.3806 26.4517 26.6332 26.8139 26.9415 26.9539 27.1753 27.3148 27.4489 27.4728 27.5264 27.7274 27.8605 27.9231 28.1169 28.1784 28.2909 28.6753 28.7803 28.9346 29.1597 29.4119 29.5419 29.5471 29.6911 29.844 30.0079 30.1511 30.3809 30.6283 30.7541 30.7799 31.0279 31.251 31.3718 31.6375 31.7632 31.9351 32.0365 32.3643 32.5542 33.0847 33.1475 33.2284 33.3632 33.6417 33.9823 34.1052 34.4122 34.5807 34.6978 34.8452 35.0937 35.2971 35.5401 35.9462 36.2309 36.3534 36.3992 36.7239 37.075 37.2956 37.5679 37.6148 37.9303 38.0347 38.4849 38.603 38.7321 38.7713 39.0125 39.2534 39.6644 39.8143 40.1794 40.205 40.5055 41.0984 41.3385 41.676 41.8545 42.2887 42.425 43.1477 43.596 43.9113 44.3864 44.5806 44.8561 45.1492 45.161 45.4134 46.1059 46.2787 46.8435 47.138 47.2347 47.8108 48.1222 48.819 49.1664 49.4761 49.8005 50.3598 50.6746 50.8015 51.3951 52.3091 52.4533 52.6999 53.1416 53.3549 53.8432 54.374 54.9702 55.1747 55.3107 55.3991 56.0375 56.2338 56.4751 56.8221 57.0034 57.3948 57.9387 58.4358 58.8096 59.3523 59.7985 60.2505 60.9865 61.5931 62.2094 62.8805 63.4206 63.7931 64.314 64.6178 65.0162 65.6299 65.8673 66.8066 67.1181 67.5623 68.3605 68.4406 69.7634 70.4858 70.7424 71.2574 71.6546 72.5483 72.6388 73.5213 74.4307 74.8515 -75.3536 75.4314 75.9833 76.7954 77.2608 77.9356 78.2392 78.9912 79.6563 80.7652 81.8635 82.1106 82.5623 83.8091 85.4812 85.5763 87.2117 87.7391 88.5081 88.9713 91.1663 91.5347 92.4403 94.2044 94.6129 95.3412 96.3858 97.1285 97.7088 98.8286 100.1436 100.9299 101.161 102.0064 103.1248 104.3499 106.3016 107.9821 110.8077 111.4475 112.7341 115.1137 116.2627 119.1455 119.4215 120.2817 120.8427 124.6959 125.2595 127.1294 128.1125 129.1731 131.4348 132.6596 134.2638 135.9195 137.4524 138.1849 139.4076 141.0935 143.2267 144.4604 145.3339 148.4004 151.3647 151.9288 152.113 154.0792 158.1386 159.6192 162.45 163.538 164.6296 167.8564 169.8035 172.5503 173.9832 177.8869 181.8142 185.6146 187.0872 190.1592 191.0975 192.7034 195.6529 199.0897 200.3802 206.2954 206.4624 208.9002 221.3556 238.3867 248.0213 252.7721 260.0338 269.6355 272.3454 285.249 293.0244 298.9186 303.5807 318.9071 326.0724 327.6837 335.2895 337.4011 343.9715 346.3384 359.5582 377.6785 389.0188 393.9208 399.8062 417.3754 433.6278 446.3764 454.1254 471.1942 496.8957 512.4557 513.5199 524.3398 533.3583 577.8655 588.566 623.8819 654.1419 656.6095 758.1796 786.1118 839.9839 876.3286 932.9835 969.3804 984.2512 1135.1706 1149.9958 1237.1927 1378.5732 1523.3582 1569.3414 1626.275 1756.4848 1940.7572 2039.6114 2130.8846 2346.4656 3398.581 4047.7877 4427.6278 6844.694 14718.8682 74371.0121 


Tree3 - total stretch = 210071.48089857108, ave stretch = 23.561180002082896
[0,1) - 301
[1,2) - 294
[2,4) - 534
[4,8) - 1016
[8,16) - 1797
[16,32) - 2492
[32,64) - 2084

Eigenvalues of lap(a) * lap(tree3)^-1
1.9363 2.0788 2.1138 2.1607 2.2168 2.2201 2.2517 2.2562 2.2858 2.3204 2.3496 2.353 2.3599 2.3741 2.3775 2.4055 2.4222 2.4361 2.4493 2.4582 2.4718 2.4825 2.4915 2.5024 2.5213 2.5287 2.5367 2.5557 2.567 2.5879 2.5961 2.6044 2.6067 2.6144 2.6267 2.6308 2.6358 2.6408 2.662 2.6677 2.6806 2.6886 2.6923 2.6983 2.7116 2.715 2.7286 2.7358 2.7401 2.7492 2.7586 2.7796 2.79 2.8091 2.8209 2.8253 2.8368 2.8471 2.8563 2.8659 2.8703 2.8768 2.8851 2.8928 2.8982 2.912 2.9208 2.9279 2.9445 2.9541 2.958 2.9651 2.9812 2.9893 2.994 2.9959 3.002 3.0116 3.0182 3.0255 3.0401 3.0507 3.059 3.0617 3.0692 3.0801 3.0863 3.0898 3.0981 3.1127 3.1225 3.1309 3.1457 3.1546 3.1658 3.1705 3.1744 3.1909 3.199 3.2018 3.208 3.2177 3.2293 3.2456 3.2572 3.2633 3.2705 3.2717 3.2802 3.2963 3.3077 3.3131 3.3184 3.3277 3.3409 3.3604 3.365 3.3698 3.3801 3.3943 3.4001 3.4096 3.4149 3.4201 3.435 3.4412 3.4478 3.455 3.4675 3.4764 3.4812 3.4881 3.495 3.5087 3.5225 3.535 3.5398 3.5413 3.5578 3.5586 3.5667 3.5892 3.596 3.6117 3.6256 3.6279 3.6309 3.6418 3.6553 3.662 3.675 3.6779 3.6836 3.694 3.7023 3.7148 3.734 3.739 3.7417 3.7516 3.7606 3.7736 3.7834 3.7902 3.801 3.808 3.8212 3.8278 3.8331 3.8347 3.8458 3.8471 3.8569 3.8731 3.8774 3.8875 3.8976 3.9099 3.9208 3.9264 3.939 3.9432 3.9545 3.9612 3.9739 3.9819 4.0072 4.0093 4.0194 4.0336 4.0431 4.0542 4.0604 4.0653 4.0821 4.0901 4.0963 4.1066 4.1168 4.1235 4.1441 4.1527 4.1664 4.1686 4.1802 4.1895 4.1949 4.2045 4.221 4.2349 4.245 4.2665 4.2794 4.2882 4.2977 4.3072 4.3163 4.3301 4.3385 4.3434 4.352 4.3633 4.3721 4.3849 4.4 4.4064 4.4116 4.4273 4.4303 4.4407 4.4585 4.4843 4.4972 4.5036 4.5199 4.5249 4.5429 4.547 4.5609 4.5761 4.5874 4.5891 4.6024 4.6244 4.6435 4.6473 4.6542 4.6681 4.6831 4.6864 4.7013 4.7188 4.7281 4.7383 4.7435 4.7464 4.7601 4.7802 4.8017 4.8043 4.8275 4.8369 4.8447 4.857 4.8736 4.8794 4.8906 4.9179 4.9282 4.9399 4.9558 4.965 4.9837 4.9899 5.0025 5.0233 5.0348 5.0403 5.0555 5.0622 5.0774 5.1022 5.1074 5.1193 5.1346 5.1616 5.1664 5.1754 5.1895 5.1976 5.2128 5.2445 5.2482 5.2787 5.2822 5.2929 5.3121 5.3166 5.3435 5.3501 5.36 5.3698 5.3826 5.3907 5.4114 5.4318 5.4384 5.4545 5.4666 5.4831 5.5017 5.5317 5.5358 5.5608 5.5647 5.5764 5.5889 5.6197 5.6265 5.6333 5.6454 5.6711 5.679 5.7048 5.7096 5.7385 5.7442 5.7646 5.7713 5.7881 5.7967 5.8232 5.836 5.8399 5.8738 5.8832 5.8929 5.9023 5.9374 5.9479 5.9614 5.9654 5.9852 6.0071 6.0276 6.0371 6.0411 6.0681 6.0785 6.115 6.1235 6.1325 6.1574 6.1729 6.1884 6.2145 6.2207 6.2299 6.2649 6.2731 6.2795 6.302 6.3163 6.3476 6.3658 6.3854 6.389 6.4131 6.4377 6.4528 6.4827 6.4969 6.5222 6.535 6.5555 6.5706 6.5963 6.6218 6.6392 6.6422 6.6754 6.7007 6.7284 6.7525 6.7915 6.8037 6.8297 6.8739 6.8966 6.9035 6.9222 6.9414 6.9742 7.0016 7.0219 7.0547 7.067 7.1062 7.131 7.1603 7.1858 7.1914 7.2339 7.2758 7.3143 7.338 7.379 7.4362 7.4494 7.456 7.5112 7.5222 7.5606 7.5941 7.6439 7.6557 7.6781 7.71 7.7254 7.7504 7.8031 7.8169 7.846 7.856 7.8926 7.9295 7.953 8.0082 8.0351 8.064 8.1115 8.1302 8.1675 8.1924 8.2112 8.2217 8.2697 8.2831 8.3476 8.3788 8.4075 8.4415 8.4631 8.4902 8.5361 8.5655 8.6085 8.6343 8.659 8.7105 8.7406 8.7526 8.7796 8.7988 8.842 8.858 8.9073 8.9498 8.9702 8.9832 9.0033 9.0129 9.0646 9.0903 9.133 9.1788 9.1961 9.2018 9.2562 9.2728 9.3002 9.3205 9.3599 9.3779 9.4231 9.4652 9.4839 9.5119 9.568 9.5947 9.6219 9.6574 9.6831 9.7063 9.7265 9.7409 9.8074 9.8162 9.8379 9.8609 9.8896 9.9248 9.9608 9.9959 10.0274 10.0794 10.103 10.1258 10.1446 10.2053 10.2207 10.289 10.3232 10.3676 10.3732 10.423 10.4518 10.4583 10.4882 10.574 10.5903 10.6051 10.6619 10.7061 10.7263 10.7645 10.8082 10.8489 10.9326 10.9688 11.0038 11.0619 11.0853 11.146 11.1663 11.1827 11.285 11.2956 11.3697 11.3906 11.4728 11.4842 11.5233 11.564 11.6175 11.6519 11.7027 11.7403 11.8177 11.852 11.917 11.9736 11.9901 12.0043 12.0666 12.1383 12.2091 12.2509 12.3049 12.3246 12.3709 12.3986 12.448 12.4839 12.5306 12.5825 12.6158 12.6641 12.7181 12.8402 12.8763 12.9105 12.994 13.0665 13.1218 13.1532 13.2224 13.2372 13.3358 13.434 13.4587 13.5507 13.585 13.5907 13.6127 13.7782 13.8322 13.8865 13.9346 14.0451 14.0703 14.1398 14.1576 14.2474 14.3582 14.4017 14.4466 14.5145 14.5988 14.6161 14.6988 14.8096 14.8199 14.8504 14.9147 14.9645 14.9942 15.1214 15.171 15.2299 15.2997 15.3403 15.399 15.5045 15.5483 15.5741 15.6399 15.6929 15.7942 15.8515 15.9325 16.0221 16.0788 16.1085 16.1442 16.231 16.3144 16.3829 16.4765 16.5535 16.6388 16.7103 16.8468 16.9036 17.0832 17.1282 17.2008 17.2434 17.2625 17.4206 17.4646 17.5266 17.6523 17.6741 17.7868 17.8993 18.0039 18.0647 18.1234 18.228 18.3063 18.4288 18.5468 18.6309 18.7802 18.8354 18.869 19.015 19.0454 19.1008 19.3204 19.4088 19.4812 19.6264 19.7148 19.7472 19.8644 19.9572 20.0107 20.1939 20.3005 20.3559 20.456 20.5124 20.5634 20.6562 20.7082 20.8932 20.9716 21.0782 21.1881 21.2468 21.3159 21.4064 21.5703 21.6215 21.7602 21.954 22.0153 22.0595 22.1536 22.38 22.4095 22.5842 22.6975 22.88 22.9505 23.0328 23.207 23.2709 23.3627 23.4631 23.6504 23.711 23.8211 23.9756 24.0318 24.2005 24.3406 24.7308 24.8276 24.8543 24.9742 25.2326 25.2718 25.426 25.6827 25.8898 25.9109 25.935 25.9999 26.1839 26.3168 26.3747 26.4651 26.7726 26.9065 26.9848 27.1181 27.3016 27.4092 27.7181 27.7788 27.8666 27.9776 28.204 28.3889 28.4348 28.5403 28.8853 29.0699 29.1711 29.3112 29.4966 29.5938 29.6734 30.0072 30.1183 30.4271 30.6702 30.837 30.9888 31.1175 31.2519 31.5498 31.7198 32.0289 32.1645 32.3487 32.4978 32.874 32.9082 33.226 33.4631 33.6186 33.871 34.0517 34.1686 34.3166 34.9741 35.132 35.2099 35.6306 35.9568 36.1809 36.3349 36.5627 36.881 37.1303 37.4399 37.4802 37.9125 38.1445 38.3115 38.4436 38.5576 38.991 39.1885 39.4259 39.6826 39.9526 40.199 40.482 40.736 40.9911 41.536 41.8345 41.9704 42.12 42.4828 42.6876 44.699 44.754 45.2013 45.2631 45.8259 46.5591 46.8175 47.1684 49.2505 49.4603 50.4622 50.8453 51.1279 51.6373 51.754 52.2178 52.4513 53.1993 53.8386 54.3152 54.735 54.9062 55.484 55.9368 56.5289 56.9503 57.4402 57.7027 58.4271 58.6332 59.4487 60.2962 60.7053 60.7665 61.3977 62.2648 62.9028 63.0511 64.2435 64.5852 64.8209 65.5526 66.2228 66.7471 67.0066 67.5731 67.674 67.9136 68.6886 69.0217 69.8396 70.9222 71.649 72.577 73.4758 73.762 74.5019 75.1263 75.9139 76.3542 76.84 77.6007 78.1395 78.7257 79.8671 80.6043 81.4358 82.0738 82.404 83.9221 84.7918 85.3141 85.879 88.1223 89.1498 90.4413 90.8453 92.2219 93.7143 93.8792 95.4379 96.5673 96.8007 99.1916 99.6485 100.7308 101.5771 102.0401 103.4925 104.0793 104.6132 107.2375 108.4785 109.7532 110.7314 111.7785 112.4845 112.8188 115.5004 116.3608 118.6279 118.8831 121.4477 124.3749 125.9636 127.8784 130.4867 133.1533 134.7527 135.6873 135.9747 138.674 141.6154 143.6995 143.8847 147.1902 147.4831 154.3197 155.8409 158.8513 160.9842 162.5463 164.7705 166.5493 167.9427 170.6892 175.1799 177.909 182.6543 185.9339 189.3535 192.7985 202.1215 202.8594 207.5225 210.1418 210.8814 214.367 217.9846 222.7049 227.5218 240.5589 242.4251 247.3779 254.0179 254.2938 255.5802 256.9797 261.6565 265.2052 269.4542 276.3257 280.9546 284.1247 287.209 311.6063 323.1072 354.277 359.9803 364.2852 381.0462 393.2791 405.1147 421.2453 434.7024 437.9232 462.7035 489.7586 506.1404 507.2938 517.0088 539.0768 562.2484 584.902 590.4809 600.6182 633.6204 644.427 663.1932 686.745 763.9734 796.1618 825.77 894.0236 916.5652 928.3469 1030.312 1103.4051 1143.3781 1188.4782 1467.3737 1532.0483 1966.4112 2216.4087 2352.5733 2538.2432 3191.4537 3767.8372 3824.4167 3898.6531 4170.2431 4408.483 6775.7722 7486.1871 11212.1177 17222.5722 28757.2264 55962.0068 


