%%MatrixMarket matrix array real general
1000 1
0.3459889008948989
0.8545264262791039
-0.5099949669926362
0.32636999082852214
-1.35370546526942
-0.706432584114967
0.4466150788153871
-0.29703391786742145
-2.3713668281823184
-1.480265103203303
-1.4475915024920871
1.1245977482851883
1.2220481125022904
0.025201495995178194
1.305213384394291
1.145961044306974
0.3902891583816702
0.885836656721586
0.4127677332524657
0.12397479179485583
-1.2084156575601464
0.8159637447761793
-0.7428541658276513
1.1624588214515577
-1.122978243511442
0.37107902483441224
0.5419088225675545
0.5490261438834148
-2.136583697369331
-0.6667365968373062
0.6463565390798455
2.3514939367826058
0.2561678486962051
0.9961957969311328
-1.5084128811505522
-0.5337744485157241
-0.905847786676416
0.03560135382495343
-0.9218507301062482
1.3105019205632502
1.2361550958259178
2.184917913392584
0.4440308538514505
0.29102623802012
-1.4046808119398904
-0.5438142984531402
0.12152068306969437
1.9845480476455875
-0.29862750806700433
-0.3419531716989556
0.9245811461288285
0.7193523991984697
-1.0778492843323926
-1.9433826817820423
-0.09942243367396515
-0.7416561669943916
-0.6022272549946391
-1.5685117705322325
-0.46694626073386886
-1.3255519523949975
-0.8739765483074183
-0.9013351646155456
0.9804936743811233
0.2371246389240255
1.0020708443525768
1.7395058347633714
1.285120750805339
-0.14996667737100927
0.8875283027599586
0.13548510267718805
-0.6483214525542433
-1.416551460391106
0.9262102961234016
0.7643853268110238
0.4702079463961963
0.29179490052276813
0.77200594118443
0.812715118116955
-0.5122429758545591
-0.8630902523397295
0.8966221820681654
-0.8274326677526695
0.31719289545095736
-1.344831522619362
-0.3982398385765804
-0.20009548930216436
0.22196955212244285
0.37492432207875753
-1.0791994516456431
1.2259211777047767
0.061321306450547224
-2.3155603076125284
1.8860828653237445
0.6624667520093743
-1.665456067365953
-0.152060607917994
-0.5315561601287631
1.321081100730407
-0.58845848473782
-1.0751477698670535
-1.3248595990431933
0.9579883312234313
-1.4235476828726707
-1.1674181916470006
-0.11152672234631862
-0.09507094784589437
1.0691620964257398
0.37031763851223204
1.9449655919947766
-0.21772914418823006
-0.5881336720893928
-1.5317672776799096
0.43787618942302914
-0.5376144940509234
1.4683769745165391
1.9311609066021123
1.1744509844852984
-0.40409294668999673
0.7098870916305108
0.5207754348318685
0.46219930397299014
0.6620651542658677
1.1084256799749423
0.5563151606557234
-1.2120771530156784
-0.2570942173945759
-0.8066115316282017
-0.1659660827103275
-1.2679701094224154
0.7083354384331086
-0.5631433045044955
1.3331127101594173
-0.283608394700603
-1.2958979577372305
-1.0478184097831982
-0.11874989392356439
0.84830275040919
1.9812732178681274
-0.3286189488592013
0.14452908693466848
2.163566763111989
0.016888938525420533
-1.8098346617550825
0.34395747932266313
-0.032511929738871216
-1.4036864678785699
0.3060932540252433
0.6471397612532415
-1.4635547724857145
-1.0868654494946173
0.30106942998358377
-1.1513030307755676
1.4421452213734685
-0.15566072281482832
0.4809691815405453
-0.6808280194146135
0.6294995216866371
-0.044936354358505785
0.052760630537291554
1.70052381166814
0.21837513942582726
0.23818893521678122
-0.16921369826791274
1.6021585920169439
-0.3520403027976087
0.5700661697297937
0.6884595220986744
0.3938419357964446
0.39169949093891177
1.9411041541418799
-1.0430234506187979
-0.30820246029867693
1.5799866399093059
-0.5794892475232719
-0.6690239610001989
-0.027472520842520297
1.008967464201739
-1.1525067024946947
-1.0534573662088205
0.2849954256944145
0.45742172950019416
0.23474737507096863
-0.067177101468865
1.3818892537735916
-0.07562918065236329
1.723339415765995
0.08373906339986965
1.3869901510793197
0.7885234150571143
-0.15637016476249366
-0.2935243903187321
-0.8519050894636837
0.08054643816552223
0.1049721422525008
0.11866990602410869
-0.35605466031468247
0.5825606140058238
0.2854083239977946
1.2315504649341935
0.48701186844850086
0.5435407343135293
0.8103908527523995
0.18554439654868154
-1.103630677378762
-0.09748813965952936
-0.6613041988558546
0.265147610253156
1.0976320603769403
-0.9682660340090398
-0.8987457665656028
-2.0058121841841383
1.5719555087274433
-0.512194268412519
-0.02124453223981236
-1.438343285087241
0.05653787891107868
-0.5100633561672365
1.2813226165302039
1.382911161646442
0.9817899453051868
-1.9229991531363435
0.2908619641467574
0.0787653942463355
-0.6311085964586451
1.3918185631966122
-0.6999599585923425
-0.6276299858878448
-0.7859391184149901
-0.9663099492311445
0.6855648311575429
-0.31862918873633445
-0.4569564838949541
-0.034255700188815665
0.045049154191218556
-0.0950094106264124
2.1933023503068
-0.24805666135508136
-0.82384864895209
1.176515171365196
-1.4427419910483708
-0.3153197787487066
0.8846025875268699
-0.19999881294156605
-0.38654645634446777
-0.6401961813116439
-1.1967122106920038
0.020678405525254732
-0.8181305151322793
-0.41337185189043685
1.4585868545226455
0.16805456613072242
-0.44976061245906074
-0.38823605493270663
1.4481146764673307
0.208329355129236
-0.3821419888497221
0.07862934956444936
-0.2043764645634683
-1.6881490412081412
0.35460391899897176
-0.2277675660545664
-1.5087012393675507
0.6535923859895291
-0.11240603003886086
-1.8875766753373544
0.16341945316078715
0.09765913248210444
-0.3195073501837003
0.04777868061171293
0.29906627727419954
-0.4114733402797098
-0.11269834746591037
-1.2056999978781784
0.5160760995480091
-0.39373543400054073
-0.15228320822826105
2.0269134271662224
0.3057783927763802
-0.3367809830544752
0.4796881850837533
-2.3897653723970818
-0.6464757731141947
-1.0237468876131812
1.0362758146917894
0.15244533541298455
0.5052021640625383
-0.2450122724248039
2.029830549681275
-0.1989509250824647
-1.068987539113673
-0.2778380702075962
1.960912521139679
1.4666383437806003
0.19562828413253697
0.4825974359927215
-1.3749054316629854
-2.486086727884614
0.027649142553331542
-0.65097696381774
-0.32852906424684003
0.4649168180946985
0.08781906578195123
0.0446954671070634
-1.5736417971282284
-0.33596110936602114
0.6974918821700755
-1.285969588512697
1.7509354043073808
0.13754754248856088
0.1646048281054022
0.34477587699847645
0.7744875721310681
-0.4484972157258342
-0.05676841857783204
0.7676366741608953
-0.45590095171057393
0.3826138009560825
-0.04849139817710303
0.07568751168913543
0.2553332538303298
-1.0008449105649204
0.8057062863365311
-0.15533887075399982
-0.7406197649120416
0.7322003653535412
-0.04097473766687997
-0.9478402041551074
-0.029745631482391663
-0.3647043030785313
0.7155572240007331
-0.8270169273191378
-0.12879983311005463
-1.0735160645079864
-0.5503586149648216
0.0509483698855673
0.6963322313645924
-0.6272350830568683
1.195556547894307
0.83040292387367
-0.8279780954288039
-0.5053011194378351
0.8787365134270876
0.5910792640019097
-0.5813526493997538
0.7424950079329999
0.3013836620767195
-0.9126044116846704
-1.3567061108192446
-0.08279974361495757
0.8225727867022435
-0.5885969565720534
-0.6339065242070148
-0.13182380079602157
0.7579718587178113
-0.7831391818209213
0.2751292276152286
-1.0623503507332541
-0.9807595783350419
-1.30677935825488
-0.9050948364017751
-1.1326805449896367
-0.47351363619387077
-0.7703107988781392
1.0168182637442358
2.171475790567518
1.5152607836550216
0.09550809891618517
1.7087283482116549
-1.373138968464492
-1.6563243541835702
-0.4909508613544958
-0.6414945639343486
-1.3920147662210274
-2.224456739890295
-1.2130982213018757
-2.416616799699841
2.3685693441639186
0.2881924143478482
0.8587923822086982
-1.4459004337893775
-1.1403043393149128
0.34849722843974973
-0.2542732011256577
-0.06944806414645925
-0.5655595914658157
0.7591022251978756
-0.27296930565289024
1.1991887896790214
0.10663225447900855
-1.7949709554237554
-0.7613477124232032
-1.4401130371316504
-0.37539074249081905
2.122971022374895
1.5770639467434784
0.6121167795513396
0.6284578652108602
0.2015452207088514
-1.6760640429417928
-2.0960654648354926
-0.2770192843125694
-0.46992009971680815
0.651225445344266
-0.492332628722203
0.004529946662022688
-0.4887136079767667
0.4550206070560272
-0.8079816038834804
-1.097521735857887
0.9086973005290244
-0.4111459603908369
-0.44195790291551185
-0.09020305218413567
1.1621736169742602
-0.4352982522034653
-0.6633660688415729
-2.274756174494719
0.3287853795440465
-0.413081839109135
-0.24789457418577876
0.005870016769384834
0.8214692206548804
0.8771512229439201
0.3947320718796517
1.2850599615914162
-0.2344082350473129
1.3630220157246589
-0.0923815704205932
-0.06202399862269995
-1.4541216872604974
0.042694223892236365
0.03836841321444428
0.8396429851061736
1.467791603649041
1.8242606722256287
0.033939013322229816
-0.5203802619127672
0.5561573154788048
0.19383313810486888
1.0731363102350988
-0.24979701786846006
-0.4951157760509673
1.3136740666541191
-0.15912120817930472
0.4280876044664558
-0.44262979346330134
1.1817515705248334
0.9823429713446741
1.7675327369648606
-0.5168529033347303
-1.887905924978243
-1.400492255624718
-0.9801994543467237
-2.074359601829744
0.13247924091962973
0.6166486844765112
0.706965688565814
2.161165918887946
0.06663037902136965
0.2763367359059863
0.07933276198966036
-0.26338125252523165
0.23861515984250778
0.7564009597845093
-1.0156704422201002
2.1282867908599568
-0.5898664761023105
1.9918814514451173
-0.02312455799114249
1.716503004156466
-0.7585790132663479
0.904633824499835
-0.45783611423058274
0.12962626191456544
0.9662957423601026
2.2448163423485887
1.7491360897245372
0.4101916958015832
0.8688753200481205
1.3744909768238585
0.076915266368629
-0.1986899523957531
-1.3291106561008024
-0.730917737986741
0.36712589284186953
0.1410466023247926
1.3840555020950511
-1.4856104942483606
1.4767974996932118
-1.03210301648557
-0.8155781724225858
-1.3738168154569883
0.19233948389098207
0.6917197862959815
-0.8320532619859855
0.784244662694367
-1.5744267203018938
-0.9066196818587983
-0.0790597259427888
0.8375034451472115
-0.8722757026945268
-0.14237671832714302
-1.7514920616027652
-0.2727643050740028
-0.7346362860094575
1.7077265738176672
-0.1394472727848346
0.1828089300247293
1.3537138382918754
-0.8651133142862105
-0.07335106767687391
-0.08645531248557108
0.954186935862874
0.2845368128413211
0.2984623590223079
-1.0131872077332404
-2.001917598452093
-0.5102292817642315
0.3314904447529635
-0.9316848469469017
-0.1400511680472877
0.822516503691369
-0.021347245659726663
-0.7334005235111217
0.1393392786407961
-0.703869199403752
-1.0984704097362208
0.3183310442606856
-0.08146753394587207
0.03163658235629708
-0.09661948191827752
-1.4771167195510053
-1.097663887538455
0.1555563711233949
-1.2436911416095833
0.33559488569632745
-0.4044598965249781
0.24029016980314974
-0.081253406530508
-0.9926794268660728
0.009307104000121797
0.7586957614990033
0.39648515979647847
2.038116817145468
0.207681065496545
0.7728426031495396
0.6586290595925808
-1.1357750271182265
-1.134764981075285
-0.5499953651224914
-1.9354489276082687
-0.7930594575718161
0.12861175386954973
0.6135061130633773
1.0828730546432617
-1.4062317484730984
0.765017397428178
0.3255166800730038
-0.3266726544699194
1.172201994015472
0.4331177510146531
-0.22561725141894917
0.9518814443762327
0.06642573815581655
0.3944796107972278
1.0071075433717518
-0.8191388544354867
-1.2558190306359935
-0.2838557394044614
-0.9024173066151673
0.29001703401221834
-0.3676368765172886
-0.3630870339972402
-0.5902145529136059
-0.21222419641173262
-0.7921467811870818
-1.0438807085767001
-1.4762128785330981
-0.6571903425164549
0.6045644154551045
-0.5401253884447392
-0.24235890283016334
0.788458377915098
-0.47833825349491493
0.23954706704675052
-0.989628571844368
-0.1650960343460382
0.2606090324238019
-0.6240979062629193
2.5501431722864387
1.1923230202556
0.20513574230408935
1.2309313131198558
0.8553414752770648
0.3021737179685414
-1.2723971155680276
-1.0375887047321615
1.026252203174269
1.1032339136249458
0.8820698780638296
0.5555071119172955
-0.3218564865621014
0.10782267475535852
-1.01490713429996
-0.41988233255176644
1.1396793422490938
-1.3625460861096528
0.3765554561913514
1.1204781367230892
0.8343075485273117
-0.4180760805476182
0.33382972370121194
-0.0008585197334857117
-0.126571129530961
-1.4817203873431413
-1.2319448162419375
-0.309331754557506
0.9393179089098049
1.31012099974887
-1.9289522541629398
2.068715557951266
0.32971833110426085
0.8066442912138632
-0.20231517744799676
-1.224755207101202
-1.1256013091648163
1.7405828594439765
-0.506368570598027
-0.24757694327181543
-0.25044874101969444
1.7266194951403238
0.293527425704107
1.2148513471008315
-0.0281047936004776
0.08332485242941154
-1.3184917082907022
-0.40030064141677957
-0.3035984691001128
0.6324250724074743
1.5380300125036277
-0.3363339025072144
2.048713877039111
0.03114420832265733
0.13821305806282372
-2.7422374383402492
0.5328497147625546
-0.22404354007336125
-1.684963357281752
1.145906268115833
-2.028548003814724
-0.8754465743640685
0.99175479346406
0.3157146492460678
-0.26865841803577023
0.1742706343820892
-0.6444958927336135
0.10985692916075139
0.35971222055257035
0.6100259048679555
-0.12728984232392268
-0.08551771088553786
-0.35458780375712007
-1.7714533849276803
0.1081033715575932
-1.1806352563215623
1.1752623923519996
0.6066775229523059
-0.1165278032671681
-0.25077652045474236
0.06775581882309788
-0.07558750313360715
0.7997920799219453
-2.137994809411406
0.13526023320694255
-1.5883316911420808
-0.3068485629429446
-0.4393805094137735
-1.426217834466207
-0.19368866532484727
-2.1738469194872114
-1.1617606871383288
0.3175581031290973
0.5136352108294928
-1.3673445424735133
0.420839293730656
-0.7943475653923322
0.4010370249288067
0.5188556956403894
-2.3719729923410653
-1.1447107653430888
0.38063717593641727
0.3732614907543301
-0.30674060818069665
1.4359613320994928
-0.8522386338837149
1.3595423379657503
0.09839100271828076
-1.7934690071445967
0.007213527011635487
-1.2106909523395248
-0.43542806372252774
-0.25832505336578404
0.3704694227560439
-0.11885903378316656
0.7166685660736256
-0.6431397319598487
-0.43240652457499623
-0.6209578636142086
-0.938999592416113
-0.5786921878441247
-0.7317935248679891
0.677838656418199
-0.7950273234077412
-1.2921314040529652
1.2911542951489776
-0.6915164483138192
-0.10369249861783895
0.34460118032621545
0.5997862916364302
0.6798512368988617
-0.20762973462929443
1.8359870822621898
1.7089361577426774
-0.10567916381266723
0.2993740098752216
-0.6686304734761334
-0.08395626627349488
-1.025643146795554
-0.5591181796992274
1.590357502607325
-0.4626475457272682
-0.181618234435865
0.5398133635217144
-0.8125931981310552
1.154179306199594
0.8339139826073729
-0.6975429281549207
0.6146124888485645
-0.31239575690858284
0.19740871658543596
0.9416909367118161
0.2406252286282842
-0.39666016137310856
-0.9762004703375017
1.0212542431345357
0.7539026935646149
1.479446229145639
-0.44017266806386535
-0.7794764576495281
0.7941902557291083
-0.2295849020817394
0.3819212570763885
4.109002706320193
1.0678873943419167
2.393053253795288
-0.3488350643885371
-0.9879293136409881
-1.4740309745220246
-0.12391172037490684
-0.19557922626934704
0.7121378764203039
1.515756948472073
0.118910799746492
-0.39216924219790444
1.7775549352581188
-1.010562694197479
0.5007786728730312
0.11553340028890056
-0.6020365137323044
0.26581743619566617
0.30055991563197715
0.3911620953411941
0.12015164085626052
-1.5244146674918166
0.08654070589645371
-0.4301183903229987
1.1048573641037127
0.6648951421901164
0.27505145201995207
-0.2037772623405113
0.6289017542632581
-0.7829661462704849
-0.6449599767202533
1.422243574149767
-0.518291322681136
0.4205915753963507
-0.05217254925037982
0.8119047134790369
1.179142704650497
-0.6806880354407768
1.4866860629273435
0.7306240075115897
0.4805516853335134
0.1113488977538687
1.3181679803061537
1.3073369635412493
1.1160398880772822
-0.4125167540285195
1.0270877438880917
1.109186318992831
1.2154799071908233
1.4711273043541664
1.625372332847815
-0.9721362911256362
-2.099248537466912
1.3577983000528595
0.05769036578864365
0.9800008981417656
0.6251047460371332
-0.6928670409996646
0.8654226369026997
-0.38507098184422595
-0.1391376785633864
0.4151206295741097
0.03698875509818086
0.2285985984320518
2.349036535316883
1.7369049388605378
0.10124164996804424
0.40217724759452333
-0.5059426021960323
-0.5486245642185116
-1.2355346178685225
1.4773165545484603
-0.2612616197426844
2.0539926807791735
1.472697977493465
-0.749075433115172
0.9096722173044628
0.07904486328680527
1.308148065345618
1.0696977136646841
-1.269236313279097
0.9566114785304978
0.6640346659826978
1.7866798194700995
0.5300098723398501
-0.8560673558804892
-2.158114196353536
-0.6065123977628243
0.8842154097252507
1.5635831749278726
-2.0741376718944213
0.45367603134534595
1.4503780648013516
-0.25982131803445807
0.3010241639075929
0.49849853817882095
-0.8498233657553009
-2.056062564168179
0.7918448391756377
-0.2162921059481658
0.6631010604876302
-1.1794082775097858
1.3771102683233087
-0.2638923463575884
0.17508148243406646
-0.7554736782919528
1.2512116482150146
1.2333582307331923
-0.5082533968234925
0.4365360323031673
1.027249589284383
1.2179673379408118
0.06365833604507874
-0.3252858658688654
-0.7290347307941598
0.6120438852967579
-0.8559174796543696
0.15840570446839453
0.9707181652437771
-2.336748308113705
-2.3312446573251435
0.45556202005981217
0.3240256761212359
-0.31301194067964655
-1.2761538219153756
0.5630866878581828
-0.9768294977634336
0.8367682178351754
-0.4639687190667027
0.0009953817250298574
1.5170047784148597
-0.6056422321669706
0.06267489980112584
-0.4993277294747545
-1.3772585959400063
0.8031939382843329
0.6114325342368931
2.256437070241119
-2.2419185196678457
1.4337846788132353
0.5532482643919381
0.3464800933097054
-1.2551217027546009
0.7808086391255147
-0.8681230754426701
0.43475465197154267
0.8577082392384999
-0.09703122446040734
1.2916393167832925
-0.7360554566666283
-0.9164810234396469
1.763613708367347
0.4163557663937714
-0.19589521650679473
-0.1357560551274374
1.4218294286710795
-1.3125634698909934
0.36287587196774884
-0.8383032324538985
0.5464685319733065
-3.0016459993986717
-0.24786535055091438
-1.2810334008804092
1.0774017068423731
-1.054958807197128
0.3373960261721516
1.0959168598476339
0.06931506074174612
0.6284051988036701
-0.7300677888157561
-0.8941651463871885
0.23452406891031974
1.36696147019316
0.06670957688532461
-0.4855566281747365
-1.834983315870947
-0.21435466254295163
-1.6833651298294197
-0.3659802341048346
1.0898224826466203
0.6031658461809677
-0.03324344330504265
-0.5821777447461344
-0.44845851381008645
-0.24260934669506104
-0.3252416965025714
-0.23133776204874124
-2.1771609192042627
0.9749388548493532
-1.2478098316488473
-0.7521943654540704
0.8423859595237402
-0.9984553804904762
-0.8450314740725853
0.310407963712397
-2.094547093719294
0.3383958545877743
-0.6140381838780203
1.212077076949201
-0.5659300531283575
1.0022379469069007
-0.018888566396036564
-1.3812033426014165
0.7633581602991045
-0.7254139163067642
-0.3816298347915689
0.2138438929411719
-0.9882966345153313
-0.03331059737663017
0.41529033812770455
1.6168724793704883
-0.7139570383831985
-1.2654275938252986
-0.13792896168675875
-1.3052988985589191
-1.629061730222883
-0.06630846238165548
-2.6014709147975252
-0.7871704537760764
2.09716944182893
0.18028034650918934
-2.4507908896950807
0.8320839030790825
0.9839589010728851
0.038135767869349343
-0.5424414969596683
-0.9062434844056091
-0.37459973455172774
-0.027361799510087888
1.258683363879772
0.183792540499319
-0.503169365553763
1.0210431652660708
1.6769325117413216
-0.5097844944595828
1.006161533180077
1.5853327755397948
0.6078990552629588
-1.1771300183637767
-0.15837272413427886
-0.5491908500037569
0.2841538241785786
-1.4689997781123003
0.6397318759944417
0.18585610757722332
0.413037145914411
-0.9015019567746725
-0.7077438533332121
