%%MatrixMarket matrix array real general
1000 1
81.9879347699596
1360.2077312836025
-1911.6681173558813
-1502.1137615532339
-495.91816622034463
-302.90972908681397
2079.1149713592577
475.44216140188695
460.0203580329573
910.6112146943026
891.5116015231052
-2591.061191096781
-15.406756101411693
-841.5458235206052
911.949625069802
-848.9148749361683
482.16211161744434
-360.7359306641051
-745.0229595388605
-681.6391930745737
-25.298242497254293
502.4167466374639
-1972.3676180772168
-400.45755219482174
2580.1869749352877
-269.40180669771655
446.27974786576095
-336.3235842099179
-828.2319853951014
-9.263569871274992
-6.918549213521382
-45.08969704969579
-624.1933475952277
-273.25426441472155
-1975.9819375763348
760.3698857311736
490.7726113301856
294.37726695395673
-24.983177437432452
715.5554863218464
1103.6976347179998
-12.341380072817062
-1785.9029393101944
-302.9295250841491
-495.0089125680696
-1375.5084575894293
-878.3373872799871
701.0579194742944
-634.8864510765577
732.9235855387357
-966.5747280305992
-1411.1169892081746
1566.4726569276895
-458.41363787127557
663.1956425161935
-1436.398338979873
-572.2712225370743
-269.90972259215596
-113.48970075398162
708.9654564230647
-213.38472731558088
624.825165967695
158.53066380977455
-759.0069890224889
-64.05100778925137
820.6394264646195
209.40379776618576
-249.7094695178199
1854.3592612081686
-275.7616324450593
880.9465180399983
3146.83412581817
2871.925702242017
-429.2362356580919
60.72344481001302
397.65015275085847
-1697.4743045521132
1048.9856233297214
-571.849935907104
-900.2826147755508
-1279.3681911767785
900.9738645499061
-574.1851436184463
2431.1211766563683
-1706.9109791802182
-1543.840513045369
1190.5114532641896
822.9436133863858
-1055.7781231352849
-68.10477915946775
-216.28684102926164
-106.80540964207096
-60.39550622575121
-2137.080773233589
-770.1638672760946
533.6128248045061
-457.51627612684234
-921.4334312578902
1349.7706695303352
-1305.9437054996808
-1472.5371957519435
440.7517294859276
1574.2938595350001
1288.1893975256753
1184.977264631979
483.2718386773311
-363.2270775823794
369.5736521857641
497.1053601654558
1091.358739388485
-429.69867910187855
-146.10815929059885
-709.6762046833829
1093.3330483868012
-1662.356513672383
-342.33783562321463
440.72746552671845
-467.7802194200107
150.74514324004744
-655.7365321993233
360.7853152817307
1466.4229025577497
1629.388098463721
313.72154735839445
-738.3353030407932
-709.4521276246614
-1384.3529765087026
-2448.5251496011238
0.26397456017050835
-64.45663937597182
1018.3835726412335
1614.4288443875432
-714.3557588932377
1244.8435286344668
1449.115610521545
310.0424174668421
1787.8117783728046
-874.8812534979037
749.5297625616452
159.7484751410596
456.80076677893635
-1688.9479769519778
-709.3536889652773
1411.7182463057968
1135.8729167321721
190.52969555897104
1798.380666543851
1324.3551218790592
1612.3549664897437
762.0744369734451
633.7307006749271
2773.5420287411716
633.6394493460128
1563.3878428532737
1179.9908166951388
-963.3371713635734
-2045.4554143513017
-826.4550714925231
617.4136456242176
-765.7408880230022
-187.79409749263388
-974.7069884838543
889.7737305737159
727.1758934429314
847.8826912974602
-326.60120845816147
2465.3561956092335
-1025.9430355314007
786.0622509847808
-1058.9067971580619
2169.1141568018584
735.2457029762116
115.01457111727719
-2502.8543909918694
-259.25718699585747
333.60251846061
-299.94869034190094
-355.97915182566896
-1459.1892724261374
244.21802417190813
-355.3976918397962
143.44747722833236
-735.9593945355273
-229.27710490850106
-326.4447112821124
113.41904142611037
905.8187287026379
-980.7997224629684
1130.7178298111778
-67.58371365933478
925.7803302194952
894.6072028976853
-248.1671852022741
3123.6073844468583
-241.01430721590293
-1448.4401050581912
-1295.0157445882708
58.63201089268032
-327.29051898017076
-1024.7814859849163
393.8131804322367
890.5281692426915
-604.9704946893445
361.17637911404074
-842.0117153637761
67.28604593050214
2296.897747743423
-1762.659197269907
-54.187296875718225
1648.547456943607
-33.09948000653982
-183.47321851332407
-2972.927800327065
1374.7808618159793
-1006.5052364870635
509.5504204688982
859.292977907592
-160.19450709957383
-977.168409299565
445.888699378344
-486.3285364540112
1105.1506443221165
-1030.740570852131
-257.48863266082054
235.2785482286049
697.4811800747517
2932.8483975134623
-230.04129908838635
-1693.9017320770515
890.4563919331857
1179.4941877449087
164.75300047737673
64.92917623611191
2599.1387719497416
-924.383891197846
1341.3502157152918
40.050987771479576
-187.98865136174246
232.41111471986278
-1489.844224578331
-11.933326179576989
-514.3340902302509
61.79548143787156
40.655480254177014
412.3107702464955
449.0894919922808
-471.5101869649892
-605.7479067734354
1661.642326207083
-806.8789787127628
-125.53986239588077
799.9407972692599
-411.1930525867314
-1194.084220678614
-1926.3447554424822
-765.0754583385354
-742.2382403529327
-1378.2951646504591
610.8397716296696
-307.8597140046067
712.7190024206607
-1385.77858849544
-1183.1995394495352
769.151711284682
1200.933785552694
-2316.397446419332
-2399.783879517795
-469.09947274049637
193.52284871908662
-367.53946853187995
-47.82923460883198
272.78191185029704
431.40374133454344
-861.9339445024389
361.9521068784036
1332.4704555403764
594.4455523445488
-243.62894871921276
89.03446616550923
144.3143859341359
284.8988485327648
820.9713016123105
-931.0871050786427
-783.0068697418704
640.0271595991179
-504.1890251708128
241.6796175102143
-604.4085348683808
-753.5760979185203
-841.9406883646085
-185.9778871540903
-209.71009925935735
-899.2097308503938
-2534.2261942925866
-623.2627195772454
-1213.1411937026412
687.6383825077228
589.9906787177817
-509.7582316473637
609.9958552545911
446.5683073544791
-1278.4631016612066
2310.5020791663237
1176.274545455952
496.3292194712309
620.2382990758583
1057.442292483979
-378.19180701434203
2116.858674116845
-188.85160207941695
-758.7925863580391
-314.98454498062335
-1229.1849177920367
-1217.072293292334
1131.0463340338993
-1950.4595237730798
23.176356134399512
-869.0506315563193
-1004.3995083320027
-1165.244206535659
212.5693696924291
253.01334829245127
-909.6014687593921
-1617.0836286015556
1262.2422126547692
499.83919506729774
707.9934686674732
-2648.1116194221104
-431.6683510571929
-1405.358955314717
3179.823322109977
617.7360301895583
486.9890734179488
68.99337629880176
161.70692033711637
1471.7183986310542
-423.1419455171432
-679.6076978754716
-267.5140081164272
656.4816792516805
1397.4773203618577
2844.5530583735585
437.22193679891944
5.561455335553495
504.10072895924554
-1449.1636745664048
451.84928263495397
433.81162935806435
-1713.1501715902004
732.3306145803851
216.28430387998137
1182.5024097584117
-1351.9703275212894
1365.9020061556523
452.2191802213966
-5.4438712557796
182.9053380799061
-329.84018822661636
155.27293094637346
-422.8734695381562
665.3252707151873
-759.8586507178633
-1036.5393406281771
892.5924501430075
-887.5484079972641
1930.1935007582344
-47.89088963351811
-447.99808858047925
-488.208988228984
-499.222426834997
-708.0792059818381
990.004848932094
-1650.266901359709
1072.794323269007
-27.945398036615742
707.9856066856757
-1280.4399408545876
2189.8541382330172
-118.86657145626002
2206.60502117211
734.3400955377562
-1067.5774568534366
1278.841774076396
1807.9812659595473
137.26402780105002
751.3490717144658
605.0718449778454
465.4048009660331
231.6389907876452
-81.28272551268836
597.2869077918946
-1761.998527392479
897.4157751704897
884.1804620663291
224.32831520218176
2460.195135531732
-1005.206278691517
-502.503718439655
-658.3796441799383
-192.54528451449664
974.1486193474364
160.09670123453208
-73.54493524630513
-1014.6219112705122
-679.1260294719291
1249.375840279449
433.4715421323666
-742.9481536401812
-1554.8929464248229
-386.9849651747909
-1084.0208931673992
863.1412431002931
536.8430052562122
451.7985759655685
-1441.874365792889
401.93761711675563
1454.5271787558252
-514.5264190885225
471.14257370537445
1000.3470793969477
127.68879032378443
-1008.8545580563639
-1844.2759715762786
-349.4386579573619
1890.1372529987764
-1315.0611010244802
660.7712577756815
838.3970589980961
-1414.812830626622
-276.01420152060064
937.3480389587296
122.57509670779439
-607.6395563605546
-1503.7261329655337
-64.67796099472486
391.70002105145323
2609.4545751192463
348.91567940119535
239.01382466009105
374.53754679733464
-1876.197602392153
-1112.057964550184
-1663.6412961867754
2401.842826742149
-478.0400340281991
-2043.9115139255443
1331.7222986202116
868.0237890621759
115.49692568685487
-340.0625635168623
528.0897965372253
-1061.0678388848414
863.6357560596599
-242.61059045427314
830.9366856897
-226.02968912881212
-879.5666258773936
124.51280951520208
-111.54369416705158
-941.1115921122383
-871.3121174670355
-776.4212814199939
-338.5906497934963
-2673.1040971910106
234.22193421627563
843.5247071580992
-1247.7235565903743
1334.817531202587
353.85909676044014
580.3582586274603
341.5978789489073
181.03761932581034
-2837.319076509571
-578.6559791918465
1024.7728204250575
1495.3987999127337
2045.1553714476834
-2209.10493345826
159.6250620308781
406.3083807146535
-523.1826547483349
180.36311191699792
85.82452984638638
292.45008316253194
-1016.5113764156146
2217.90766513706
-242.9399076095286
28.608842474134562
2647.029183493574
-1070.1111056504292
-487.9518609882699
-2271.9210696883083
-709.4272027820825
1267.7537462704954
-308.5492072195705
498.68895354839776
-29.80634628777555
460.4564393502511
508.9281316765991
745.2764540017935
260.42102330712873
74.05444679832802
587.0470747344781
545.7226805000727
-89.09559002764875
-954.510679133349
2101.41059328524
436.47902804499773
-1396.095818594895
358.5104050610765
-1458.231969095951
885.5169989846189
1257.7088685822962
-256.74065365338765
666.9673848497176
-1024.4242285554064
-1686.7778677860326
417.10692626139877
347.2937870002831
17.57808834937636
1179.8575268350642
-1617.0845145492253
1618.7651608039946
-1575.9736027202562
-518.8399589196163
-333.01104473335806
588.5202165044759
-1321.661917144921
-451.28479415575015
-1370.6503631991898
-894.7470198406454
1647.21108726785
466.19722202496433
-510.1305452189812
-22.421389902058642
166.18869077002046
-969.3587296510873
1087.1520395119915
704.7403765102109
826.26647183942
-80.54768474630689
-197.85389179201584
-1126.8426047771213
-590.5503313959516
-59.47135479076209
-309.2390362556085
-973.7616851084393
781.1614056202699
-619.6062396453151
436.9892359207025
100.86812078078057
205.64781114259665
878.0976984424674
2004.654794489572
1944.0806559479843
144.24369412800002
502.9899818932453
1214.1808389973335
130.20587738365748
-589.4553151771504
840.9178249387737
-39.14709821335092
119.48933649070153
1293.7915090279316
665.9034949363471
1191.783725646806
-723.4246627620598
1019.1983551187473
-329.0541091371417
-3338.2786776359862
-459.2330889993367
-38.46332057370509
-315.42599542843766
954.3816172156498
-714.9101619905096
1904.8778028561542
286.46887836963583
-542.1199750293409
-154.77668974585234
571.3594271407388
-480.0942544822925
-60.695623113979174
-673.290267865695
130.21580596356372
984.2674768589993
697.7045591682516
-855.3558072530883
159.06453942533813
-343.1292052805131
718.6484550476463
-653.0023283233036
-1747.8926058693035
-399.1919324261823
206.87593156040657
-1248.8549207541967
-949.0149158446317
-1711.5918307305992
553.8878053278834
-1113.519484199818
283.8328548842468
1786.685505012818
378.34940107170684
-972.220979534076
123.6621806220255
-235.75860765249195
-673.4045233031936
230.70199833489144
-157.03614950653153
342.09565404147503
1121.2833700759832
-429.77379029186545
739.4341492556471
604.6603027076352
-719.5574142345965
1423.6228535403848
268.9859096611278
-1176.106474936939
-687.3601302824901
-1054.0789013942137
-532.5319908307615
459.67422564268776
-952.1040437220679
1501.1257498227692
260.78882333014025
-1804.7901663474127
424.0225072564602
-783.2998968063354
759.2184697033223
395.6527255161848
-353.4275812084328
358.3991355512344
-577.7682916476066
834.7123085240435
-338.65580843939085
669.493267094196
-1012.3709156751272
2178.326972529318
-247.41141507885888
-206.52353123573394
-676.7247984073488
202.9905121519731
1058.1893452707388
-1719.8246117122294
-142.46239712667636
935.0051105636687
744.3330148743363
-522.378240513505
-109.36927480609295
-822.4508023332802
-1781.662964633803
1275.9936357086115
-444.05281125206164
-434.129627315547
-306.8395190038411
693.4789517454276
223.71548862165875
-1061.7300545846751
-1961.9378681563803
-885.9335497566333
515.6838438746051
-309.9855501293376
305.46186433200074
-1016.4683885018861
451.7067596347889
273.03019917441037
160.4307027710577
1152.0966805443902
-312.8719689515313
-717.6467022516015
1840.4224711679976
1199.1612496575551
1048.8321861710938
-71.690242320885
-265.7600190594379
864.3752603938414
1921.9649742772267
899.7081853559556
891.6450537932448
-926.5854541777484
601.502993011228
2291.418392471767
-308.71225116608395
1988.4705518292599
176.51110270906545
-2473.0823563610556
-681.6422686920594
323.3685981434095
-1099.0238998766692
-677.508781866849
-1046.4860149644535
517.5474913782192
-271.5162668352861
1903.2837261225418
1449.4135658257308
445.2934144811666
-842.7472834502395
519.79010092504
-139.66121259659226
-1168.882535349578
312.7420392403867
660.1941549607155
232.19275016311406
-192.6649031225037
-2222.869115717528
-1061.8108577576206
855.9968544725605
624.7578629888415
-312.4927389602676
-5.957797214249853
-404.88956730713926
799.0355946622456
-1321.9564076137685
297.3580718224128
-421.8771577513791
415.3053702041465
-307.1775115258843
-495.2187117121425
-829.1574235485718
-1664.5433623124984
678.088503618394
-560.8526029129445
-664.7981534929039
1463.8439122576303
365.2175526548863
704.0823512000163
-533.1792783285666
-177.4619073785506
-229.27028992642246
-721.6209901864407
66.7930355555194
-891.7766618630806
1136.9763058911497
480.1899004336558
-660.0836494293598
261.8814306823317
-1437.227776223593
-917.7170491031122
-780.7085171012598
73.17428089024642
-269.1825351862801
316.42092321599
-343.4886516877865
760.9074383746217
-360.136906777427
-614.3478882042582
1528.5064021302258
1079.8095718582388
-620.46502232598
-1039.923823727422
-466.91798134159734
-790.3640938604245
-984.7166551229083
-939.7520593667084
518.3820133169675
757.0319535181021
649.9475458360398
1883.3622650726131
-788.4026431768871
735.1276692347533
875.4037595664024
699.8959293054116
1558.3556221233614
2540.830821931063
174.794465194757
-730.1486721827339
928.2913633035963
1533.1582438186967
403.10581245338557
-279.4314586592159
1591.3849670142113
1011.219715157852
-2713.836773968701
462.8537852056212
-1763.2329963702182
-1556.6497503357755
-905.0038790209038
446.067347755418
628.9832305517158
1077.9960614765805
-955.4608969111147
248.86901605449924
-918.913458177664
750.7295407033663
471.218342673781
2310.5522184281294
452.8487126211392
108.98511221241465
1102.110734537636
1003.5640881407091
-1624.6793811027792
-732.7178583792261
-410.35478445944534
799.9614622442468
-2069.691678837808
-656.1914195231029
478.3215850677211
-849.8336996047151
258.6776316991464
-194.67911361866527
-1498.331285142806
-1930.8708837506892
186.1339237366128
525.7525529780993
416.7740606488254
-1058.2844029602638
743.1480296635748
-676.2300420158836
789.6620640275615
-1803.5550172885385
990.6854012540791
1225.215296712276
1011.8203507485852
-559.7224567325486
695.2569892074623
3.391727832619269
389.7364436383332
257.04026489066484
229.14817105389866
-372.913846052649
-106.26155687392682
-2694.168399922486
-1923.6672422882932
498.3320603087537
674.4779786556106
-582.4442306853045
-1804.3831455117877
-1023.9441921898905
-1246.2602924050536
611.7826764506614
152.90866591487918
1249.6757556864175
175.32665496327567
395.0677954087441
-768.7010780191398
600.0061101316587
-1318.1083318877286
-677.1132894546204
-1400.3196940572095
59.8733870854424
-1274.1417018367245
-1135.049159837183
-466.1543580552627
-1918.552389971266
650.708957003348
138.58677560318856
997.6978689723014
188.95136651189273
120.45831552648748
369.007577034374
1517.2586809904092
-498.06392510022175
118.10955353387926
1297.635764014176
94.70451041723555
-1293.992032078799
527.7818352684799
832.2772247179435
9.93320878639762
-475.88951700126125
-1717.251838827129
-949.8333001250699
-806.6134218479862
827.4175621044352
-53.7620206662513
-602.4855356532134
1173.4784821022383
180.64553439335552
1281.4643758104364
220.39977677426853
792.1002315722682
-968.0753562307222
-233.6795807435529
-103.49376500502872
1718.4502542777795
87.94768282515965
-1544.2668717857036
-159.731112676267
777.020644204164
-784.2147421654034
-1428.329398543371
119.18671881029965
-915.3083067701233
493.2771329698253
469.08455929699153
1138.1688084018665
2312.5638515813694
-1976.8680054320514
-274.93335903984917
1546.4013935354094
-654.5710794956204
242.3785035403622
-1571.3315044050412
-31.945756716527683
-405.76684318842274
837.5100908212759
-2.7352349890820786
-35.688152490199336
-780.2879658874389
18.67915009780525
-545.4455745203115
-279.842674711314
875.6870336825185
-349.64922612017466
1605.749553062569
256.7861603629315
1060.314475150944
-239.64453651626317
743.8591941659831
793.2151272504435
-72.0293354896772
470.4845620538072
580.2570955270647
-974.8081698582032
-1444.7406652600878
1697.3074025903848
1256.7757866822387
981.2488634946153
-676.4320895551075
1835.0633940563098
761.9761733579936
999.7629047888395
-1304.3239915965892
-1990.9924706047766
456.51332076270694
1360.1923604812544
1029.1089984729617
-26.07687592096677
1226.1152016305643
666.5795519389106
-2202.788859970625
237.57259830529267
-144.39918591186577
129.94435608991583
-2294.1136154281376
1096.8395543093388
-186.63078496195166
-776.6167209735585
-78.8565961988218
917.99057464312
-980.7855896624612
-446.0091209743417
-697.6353656536375
-298.6799575838592
918.3009203943079
992.2622391732981
827.8339705220379
40.79163311835047
1667.8417275878078
674.5699085905813
-313.4422639675014
-527.8012423972209
-1739.9851118700528
117.22456012885753
-1452.3850622173427
-1505.116496672363
692.2939761840112
-1681.635782845094
-882.2521456356288
-348.4718550530747
-23.34627985582635
-1054.6628546682164
398.731844547072
-137.5747005644216
-827.098086474441
681.0125581299
1088.6112013765362
-738.4157659813479
236.9423491453817
-447.9132915053788
459.3660865093333
110.56073058924807
34.96315809912132
-1407.2639499976076
-1750.719045596678
-911.7091254833032
994.4172680793342
-2344.3475721952923
-330.48064257571315
-953.3694076742636
1038.5628544697693
148.44306189268207
1279.8113531448203
-608.0556492795465
391.301407243839
-264.81192591745594
204.99080033048344
-895.5942740804883
1053.4826095702497
-1972.809002548618
154.83198794524233
-596.2304607922842
759.2194663886504
43.41772444773469
-643.6582178802522
-841.479606060192
1200.5124949559738
-159.73549351709997
610.417208759379
-464.219970357349
231.0527191537536
