%%MatrixMarket matrix array real general
1000 1
0.5920493826017449
0.5545349512203129
-1.0223337710364868
0.6020010849756174
-1.034134719693544
0.8024486214755746
-0.2059611108594136
0.45180438185512856
1.119441639255146
0.7667908044126253
1.180051288302121
-0.716417054314074
-2.415118881305281
0.3112982114379182
1.2641638015318843
-1.0804854265537611
0.19270364423303007
0.09424513367247143
-0.691815299767472
-0.7828510536132051
0.16355458980288726
0.856992927786889
-1.2705989219584284
-0.41367760563832356
0.9620695412071255
0.29756557003407774
-0.5133558566234883
-2.429434606748647
1.3560444181177282
-0.5250815447482338
0.1972035019649333
0.6902225703230932
1.1955714710058447
-1.7303133390458443
-0.08593451594851437
0.9407608932072605
-0.3198414135431473
0.17742484751633258
1.4519471023142168
0.09925956650337228
-0.020566307293166684
0.859575416990247
1.7656970808259655
0.2291267916914703
0.3747335585878741
-0.8638507116897535
1.3121287733975469
0.5979028739876376
0.952963927792771
-1.3617689774385233
1.4220009629462718
-0.9020935576556622
-0.9331832575735239
0.31488957894107306
-0.24928657233002582
1.4685941858625773
1.0826032903466578
1.1063648567527773
-0.24582246320305642
0.5831509141339519
1.7636282532725005
-0.9058549726833032
-1.8786538802554504
0.6247801051397872
1.123086294258631
-0.08319199480889192
-0.04409198501529869
-0.8106658171857104
-0.37287963670403845
-1.4880073947790815
0.5781688041719212
-0.316574583743484
-0.3042441619894059
1.075116988806037
-1.5594805727283076
-0.1945223132856349
0.19095319299143787
1.4229185074303374
0.5777145629108935
-1.142482763862906
1.4364692393013896
0.9427054941865126
2.1216721886024117
0.27957354937944046
-1.5178456624922745
0.3387373266087992
0.5932357574405432
1.986643494044548
0.0235249476565867
-0.4670316939588032
-0.8417603114701223
-0.01697385058401659
0.5814587366731424
-1.0343271179957538
0.1065000595148285
0.9963732383917978
-0.16956555784187358
-1.3767919739552223
-0.20782934359498526
-0.35521942919454363
-0.13210425492952607
-1.6141226363741608
-0.07267790104334507
-1.3992249136969894
-0.06916460232322623
1.2576490520430528
2.2050174785684358
-0.32435709764922693
-1.4726238695324378
-0.5448676035835658
-1.1163967942158344
0.382694770276642
-0.9228927571021984
-0.12733102276846311
0.11066373536094065
0.43024089742750976
-0.23289293003925632
-0.06137223061793684
-1.3846391099520958
-1.9570232835154264
-1.8021498187765401
0.8556361872894205
1.472030697361533
0.5664446872849747
1.1397401990039921
1.4695851545122482
-0.1730849248601728
-1.1545908492095929
-1.7056887359885409
-0.4141041508695324
-0.5807748112662762
-0.3499941474874243
0.2366252804178447
-0.6479524880400428
0.15798031989310476
0.8519831479067964
0.9841104811485349
0.6521789625811415
0.20033055027735353
0.24482555191496227
0.08068977568300599
-0.4679921329750278
-1.340810979540094
-1.090607609890475
0.3135136521866722
-0.8345327090620309
-0.5641256449331795
-0.34720188928241164
-0.23038893341926212
-1.0266249973619885
2.210368361767098
0.20749484323770276
0.8940265478839571
-0.9342359311290391
-0.6067510258075928
1.1588013128792192
0.06489076555715888
-0.08364004833517977
-1.9362448275102881
-0.36638221253650605
-0.38771936858638445
-1.2164551851652154
0.010736839622384938
0.26498718309001373
0.47363477272106647
0.28013217258620055
1.0913099741119452
0.11716614199731601
0.3089631724001403
0.10477484609321298
0.33146213109608447
0.2802495888022297
-0.11383786205134049
0.35486106539264306
-0.5790395902475881
0.9208507356489701
-0.0743627815623526
0.7137170997838784
-0.8411388876970336
1.8323174310444585
0.4008253077473671
0.1048873187959103
0.8837038489296923
-0.7648070232197469
-0.5536931930090238
-0.33457838535803525
-0.9767243188339189
-1.5316438827062653
-0.606595368414974
1.0603730467943115
0.8307586691233727
0.1863211705803429
-1.2399424684995144
-0.02727521128806243
1.0768049896354133
0.35077590855604995
0.8040353665500719
1.5030684271945445
1.2926811510454173
-1.6134938524356244
1.4191838884333534
0.5903640495544109
0.5291213082859387
1.3392965204208693
-0.2900915599919842
-0.5291911224298537
1.296787308856907
-0.15483981236592975
-1.5086492654013846
-0.3836277828516913
-1.5432573438694008
-0.49819337724244844
-1.538807303902822
0.3777857270069251
0.9650862865290594
0.1988407752869555
-0.2952858445840014
-1.1722974866851605
-0.08138139059873686
-0.035565465540033855
-0.0242420633261611
1.4469185157544608
1.1597073214808036
0.6991706276140965
0.046256217168723794
0.44806033850024674
1.131942197590484
0.022984866160063032
0.6302863286819375
-0.12652425884523855
1.1917070664306328
1.473256495564364
-0.7902393694712815
0.23090536795724206
-0.958527590005253
-1.3453322242100934
0.6919023676526878
-1.0125514813089
-1.946534323486595
0.7616427180005064
1.7688562739275124
-1.0389536551966079
1.0130588168594865
0.11879706277294677
-1.6450841881364004
-1.187506482512635
-0.5106085968970802
-0.4523159855586204
0.9549793066432332
0.2892701980587451
1.2262405385771433
-0.07323513809839867
-0.5791699478141208
-1.7645205784733862
0.8121037395419048
-0.14893150511657902
0.7123328471901605
-0.41540869474315945
1.37794972708922
-0.9448022452738515
0.3325720655597653
0.7379305388418798
-0.2456914238485077
1.282900210805012
-0.10301186446657742
1.5149616614988832
-0.9661526208507921
0.8321730454953328
-2.0547090901716816
0.9286470230941868
-0.1583907138285521
-1.0883807962110035
1.4491184992918498
1.2549357827641743
0.18143636724163187
-0.9033417064351399
0.5029796217762298
0.6421495436869638
-0.47955482213702566
-1.2886167867446097
-0.7378309522764923
-0.7669175939617201
0.4727806358737267
0.49891041905142725
-0.020327453005904723
0.30847536881996573
2.220308027102561
0.2246374323771889
1.7031712988413423
-0.8151523712386094
-1.0694265085488992
0.8378082849985193
0.7068500547794183
0.7849750832284289
1.4058602232499873
-0.5850556245181252
1.448883236035103
-0.3808144903693709
-0.019296869592119327
-0.7579050955582238
1.756085728434443
-0.7428842607483293
0.7687574042958781
0.8426750270708043
0.9489035527638865
0.05877096038115618
-0.659185268426914
-0.4982160363630688
-1.3653218570276797
0.6099628909266924
0.7008093295692707
-0.5819774782813469
-0.9697173622422731
-1.6070768432111688
0.3018986525701843
-1.0880230141775786
0.17958794409710388
-1.9025168384468978
-0.13662425738217793
-0.2008004072212624
1.0225117496608587
-0.704648061426286
1.0438233214535488
0.05396882661067332
-0.44418113242664325
0.3909589755077404
-0.33462101880710565
0.3591715475662155
-1.7318229966950665
-1.1480936550978296
-0.03537104309303582
1.1000560143747034
-0.8191334655453603
-1.4339813547121798
0.4799463989422125
-1.0826521620902088
0.37072768285073243
-0.2847024654715829
-0.59072384991067
-0.19251818271386797
-0.8169490193290473
0.8701416573225025
-0.0529130106639527
-0.1708357362277343
-1.5991794524114245
0.3895718650328762
0.7848127500486042
-0.17172503577612486
-0.7020233610904738
0.011574150925107425
-0.7186942141388684
0.21763045773990344
-0.2355989815048767
0.18655209462725375
-0.35777798488102736
-0.4679270588818394
-1.1223194445805165
-1.1321753177007667
3.060201830233375
-0.970141638146999
1.2274440720485913
-0.154297590521512
-0.662371947046958
1.1825784385118767
-0.7053510199843319
1.1786313162206057
-2.226433326846528
0.7914121368657864
0.4621393730279939
-0.06934865433780803
-0.5631099830214406
0.17807100732362377
0.03825327489530881
0.9225597071488134
1.2716695868891317
-0.55394413153229
0.9397143970762094
-1.1459665224891153
-1.239535585052349
0.12017721789183727
-1.4299081097048203
0.15080586545328148
0.08459178627969428
1.6546163569223533
0.009778861664966556
0.2353736261680421
-1.1452543851442576
0.8963522076452297
0.5582531287101566
0.5662669925894666
-0.8330939810143771
-0.7474713234528805
1.1563021239600346
0.4811735758896094
0.7284980697197917
-2.1626227143326604
0.11976533513010723
-0.18608241813414866
-0.22800062299327287
0.09672004678727461
-0.9532700379045608
-0.45955176779251183
-2.0469995932728904
1.2350832692640974
0.3145306966831564
-1.2578915375707262
1.8984757626591573
0.33504739259119837
0.5627920848516237
-0.613799477263029
-1.9320537769103352
0.1604565626937177
-0.4823436142743559
0.5510890227526161
-1.1795231078280646
1.339074413181145
1.0666636738211555
0.05168629109344788
-1.3130452103509582
0.08556947218674589
0.6893627065438734
0.3991700881660903
0.3520364042808136
-1.2486932696379025
0.05391801773875452
-0.0564997013101115
-1.9014646839901195
1.6785871967669694
-0.006839291594085571
-0.9772796625870362
-0.37834426568469
-1.7568634341811944
0.5837037159219007
0.6542839095503662
2.210643746741413
0.2328829183394641
0.4648300118572478
0.031025057008072815
-0.2712490087512603
0.4049931202189122
-0.8434922100990004
0.00023018038827476994
-0.006157220430348706
-1.0383062293838141
0.025285002509956925
0.47083963042010646
0.42571129819717074
-0.9469465964480528
-1.293365972069453
0.13381134345292267
-0.07346873724935533
1.0865780128611104
0.14209161851878568
-1.280165752477889
0.007701233268878617
1.2861019716118953
0.3073626327344818
0.14276767409838922
-0.26129319248967475
0.17015554372825173
1.0688413768687788
0.897936691464177
0.7982840670392781
-0.7335043315458735
-0.297838503003945
-1.041134108241118
0.2651065948070317
-0.6163229370944373
-0.8163226722399656
-0.9130349897558349
0.9215921238672304
-2.2635464980760407
-0.8816894301562266
0.9110594789251395
1.3919312617149975
0.2769574879844968
-0.4211077481594718
-1.1640227066786761
0.5909891355220043
-0.17851857386097858
-0.08039902472227656
-0.4898794209941302
-0.24516062333023822
-0.96565036517431
-1.6427945555245937
1.5251272663559212
-0.7234234735708394
1.719973722420553
-1.737392383041326
-0.31905102760914544
2.4615591415638876
0.41127075403447394
0.2874357264539435
-1.1793377180099593
0.6839059524238836
0.3576636726211328
0.44435283860079344
0.2799215710227218
-0.912082538116966
-0.40538242607509944
1.1857936917924201
0.6618423275477394
0.6097804011865526
0.2546925960091976
0.9947244217459132
0.4276988170668928
-1.1008244730516397
0.5159885285403398
1.9275913427444318
0.2197884569231516
0.5922953882876818
0.38390022580123967
2.798535593571276
0.8373670256330413
-0.6286721019889174
-0.029569145803588742
-0.5325323835601725
-1.5119664657850855
0.6649287557415863
0.1370656667730016
1.0788401930977474
-0.6493384543051381
-0.9685606223307699
0.3188869586033536
0.7402920547936311
-0.051893510749563034
-0.007077005772072294
0.1734023216414154
0.03022329996136274
0.4799775209878415
-0.312932406882135
1.0421320005379768
1.4538917372732907
1.9588820785089305
-0.5208296386929188
0.4149928214032279
-0.6851113087082193
-0.7280779118802937
1.9160675937713432
-0.7523889888918422
1.889385657201743
-1.767237286368102
-0.06293797968960523
0.7493960310373435
0.5697199307141039
2.1431578765020847
0.6042337142490426
1.0017495582812932
-1.0282102907129436
-0.6856845557177109
-0.21661863256785077
-0.26158029416796685
-1.3398311763663273
0.32882204014353217
-1.0003690019528277
0.9692653004760583
-0.662847033281082
-1.1837644970082974
0.806664993513704
-0.2704747024555688
0.7077965592316343
1.7608535390370463
-0.12375506989949314
-0.2557173956040036
-0.04533586696672482
-1.1671179071076252
-0.3852184521989349
0.8643623105567659
-0.4698845346934726
-0.9546605666189508
0.7764414670407758
1.4279733501803336
-0.3568799472285652
0.34166246341348855
0.6201623975136995
-1.3104653688171295
-0.5559857141112096
-0.26172453324545036
2.335725523171405
-1.8517201687357723
-1.2506868392590225
-1.1743965635424618
-2.906596372646433
-0.36416643934581244
1.201961470805586
-0.18108764071131517
0.1154208594821153
-1.495060297055688
-0.11592616724031488
-0.7058991410721678
0.024265377584743848
-0.25769450583141623
-0.9152296519620298
0.8018891000996448
-0.5362353951876222
0.7777800179481569
0.36617572394572984
1.638518811978107
0.02111470959057097
-1.4549868142127693
-0.49556606792615304
0.2514691825184894
0.0836059566060684
-0.13189597710945025
0.8892242501389209
-0.456188967552086
-0.9882141135300608
-0.19436380142659926
1.7221578781264446
-1.230254407611292
1.2930663882310898
0.38312309807138756
1.495164770591609
0.6064406298694126
-2.375920461299415
0.11181475893818325
0.9180352288625311
-0.2605590780521188
-1.5645720444169913
1.0779326028405474
0.7552067439907834
0.19591331065513287
-3.258553691963921
-1.0066831794248556
0.1655408452473404
0.035719070890658164
-0.1537119716506307
1.7240746519477719
-0.7453933467316769
-1.2982484333032986
0.60915342741413
-1.1791098182144453
0.1479750477753787
-0.7060330526269528
-0.5955376998502718
-0.36676395561742914
0.24876428420408905
0.005162834911316654
0.3997755497340639
1.1690433665732898
-1.7410442336160235
-0.2954635736510543
0.5863654634771999
-0.07858715544693544
-0.2219126954363101
-0.719023274054399
1.4358027774137079
1.5827525833077916
0.8816930651514437
0.1394268742317875
1.785246023374597
0.13256048473269394
0.8525239083722628
-0.5157566856773939
0.8397570772253153
0.6522545532435349
-0.5808332538198074
-1.172976807020868
-1.058109252566159
-0.37852169275002123
0.7959641925712166
-2.3411513145556437
-2.0877661756903003
-0.2403258245065648
-0.28202419405774715
-1.6364064538260668
-1.013537772454324
0.6719295093853771
-0.7713020615535051
-1.5288660250248842
0.7044052204446017
-0.2124195520055686
0.3870610579729618
-0.09977578155928249
-0.43124735684619186
-2.7831620610725856
0.49907792390994815
-1.9013465384641688
0.45416393194193583
-0.13399857171469623
0.8242867209415037
0.9316620465647812
-1.0178820781776203
-0.28817702444559057
-0.3465105341013671
-0.12306396774175636
0.1569647140943787
-1.6807288103471854
-0.29979936480428543
0.6576409092925596
-1.6132612995516136
-2.111962803686666
-1.0586893169594447
1.3339391950326578
0.021509062921943933
-0.00022827060980919016
1.0609831216754462
-0.8268938638151844
-0.31725685352186894
0.49965512751738156
0.926329202847473
0.41138476165576887
-0.8416432206772801
1.4613955012021593
-0.09182790995833963
-0.5912363011037755
-0.019382687425881846
-1.381539347387926
-0.5485602819899549
0.35377985271776025
1.1894636893744883
0.5554577700431483
-0.04716846369736248
-0.3614856098498474
-0.03630075985595886
-0.9318196961915034
-0.6740029487452617
-0.3725711311377394
0.5766157825645402
1.0827455231669332
-1.596137426046947
-0.3639423629784951
-1.3325698240438713
0.44904938353460633
0.8646774091716164
0.5753166167113031
0.45129350453401806
0.3918349520131513
-1.4440236990741249
0.32338767163167337
0.6520789169662965
-0.4186459238277314
1.6992830434402113
0.31148540282507753
0.32908147995947457
1.44770830472242
-1.0262126765418123
0.17528469660588028
-1.2091579721565402
-1.2182835930350981
1.0119293941280574
-0.23655545387375224
0.8731955392699362
-1.3952665760028076
0.590500609658522
-0.3620067903049279
0.7917710740034414
-0.6127435314961542
0.19481136473134078
-0.41526381734920675
1.301253671661664
1.533087407885466
-0.15310015894567486
-1.6766014505551754
0.5430205494626884
-1.189334906129028
1.5046710492897895
0.14919677790612415
0.01306022616648683
0.6403329859136865
-0.252747525462774
0.3234533419666937
1.7965078066528155
0.0883178304426861
-0.13130098856242498
0.34768404492998034
-1.6513332348005128
-0.2893710042810791
-1.444226341885817
-1.1665492746884116
0.24577623774597193
0.17088991143506127
1.572744308770724
0.9811077589149659
-0.9318027294938427
0.2651732452734343
-0.6959754920303752
0.6242823699901038
-0.4134500846931842
0.1229596771534879
0.4958350220606434
-1.3778088716952661
1.1076971551751347
-1.692713881622057
-0.3651708783779384
-0.11613803866196669
0.4828675070474464
-1.0592846183562918
0.7247267996875039
0.5111959254144607
-1.080528673755535
0.9110842279996021
-0.8992300426687516
-0.35365427585291676
1.1140011509951682
-0.21815439639212925
1.1100179474324172
-0.08339668028564155
-0.55891207287676
0.05008699293475133
0.0967937639231572
-0.0714878471724843
1.0170985848342105
1.9840255403510383
0.478323815172988
-0.570967902244552
-1.285768812801557
0.02622294754762769
0.5610147193412478
-0.12259800442855735
1.2927331549486185
0.43089473779712933
2.104896317567855
0.6059575524287348
0.5922814109559762
0.8522186027105746
1.000412067713005
2.763419542763603
-0.26634529423295267
-0.17207533808683792
0.6679476823246384
0.12676733859476483
-1.0927509455905717
-0.659146119732215
-0.2948912434529012
-0.684345183875013
0.6102470601399972
-2.0625157571876938
-0.9672291654722018
0.0576682103567454
2.2350728962469804
-0.3995257610223768
-0.005409121160237972
-0.5780583827698268
-0.045047829633808475
0.6565770880244836
-1.1447298340546346
0.4761158269624391
-1.6595706074664132
-0.31302176103631524
-0.8478473492208223
-0.07073840878984196
-0.03866760304358922
-0.09910359818903865
-0.2914775408309522
-1.918131741713167
-1.5911025275602677
-1.423162562706812
1.2680092945140915
0.26197682723007676
0.9027730792071976
-0.7892608029647388
-0.3103488210066156
-0.9439575792996822
-0.9270399290770495
-1.8695460563371316
0.06967760237054667
-0.7104315957398473
0.40512483502976454
1.9126865795665648
0.03449572263408871
1.4998907149048137
0.42391125956409903
-0.11991007108574869
1.4712667311446714
0.12311881850240469
0.2142842617959879
1.6571258563364961
0.6906977242989745
-1.029484996161099
0.9419702832765281
0.7730027091064674
-0.3657468922462883
0.047672640794421954
0.6924422176329842
0.9049712083449283
-1.3162938250529166
0.9955323487936141
0.021178093939118542
0.7519822006580866
1.0694265765903932
-0.3191289738434122
-1.3294977998157125
-0.4724731190236639
-1.0364847741980396
1.521874483981369
0.6328572783185411
0.674994890975486
1.0690966184821828
-1.0664508679979028
-0.0678675719416104
0.5928303321781998
0.1094256621177553
0.1366274020178799
2.277102318662928
-0.3682272550759581
1.0734109345414864
-1.2930068821959306
-0.705563730517328
-1.8148737957176968
1.1958691348105337
-1.1198348536110878
0.569535976176798
-0.381407083833783
0.9303417767481325
-0.5012361087489143
-0.9784804219308988
-0.31363564038204167
1.436313798590408
-0.2829696001586726
-1.7669573195472363
-1.5254046226560996
0.5531381126073627
-0.7294095852394631
-0.25319663580966345
0.6218035634834501
1.147722674772975
-0.8081343184987811
-0.5926136307418867
0.097116900830887
0.9276225201736538
0.03626783112953748
-0.6058132125218804
0.6105109958096074
-0.13988615696961362
-1.859603671192866
0.05362678149885585
2.815080755303942
1.4750793457065854
-0.9085979130890184
-0.7001413948609554
-0.9329032587468326
0.8460879637875734
0.30498569998314035
1.2960477514382995
0.927526529025305
0.0032335431510390547
0.14945391323675278
1.3383155795874306
0.7534694088999444
-0.4992873521687118
-0.16438661950277292
0.3454881432037572
1.0421598517136303
0.6316210500167951
1.566199234339445
-1.3205735946365054
0.12865264636767704
0.5206587375636598
-0.4245271556153555
0.29089957724887516
0.6216468834920806
-0.15974175503680477
-1.7050836049570182
-1.2873291354727163
-0.1921090120038326
-0.9020505485238619
-1.8125683965928265
-1.6109373185419527
0.6858505058267574
0.7709033063308283
0.2110002703841073
0.5394730129794555
2.055184071615964
-0.4096520910686783
-0.994021240820727
0.8776883796592292
0.6952446504092786
0.38576725314802235
1.177864806513595
0.4210952055161527
0.23757377662544618
-1.9098888980309636
0.8006386032584105
-0.37712363787504083
-1.4779109659295862
0.05002079685799272
-0.8258776230188826
1.9553191683643947
-1.2859086712858956
1.427934275287488
0.052047945681418815
-2.1186776311820514
0.6561856398835435
-0.06999040462053165
-0.6789620636594603
0.35803337935286633
0.7116358335190953
1.6367539295857891
-0.16090600430093704
-0.9599873147163321
0.0382894721802897
-1.0533879969058997
0.013153471488105717
-0.6888016199787306
-0.6394017811664401
-0.4761787711052938
-0.21348825930909096
-2.0600384125112994
1.1349664386326195
