10 0.991417 1.04816 0.978186
20 0.975538 1.0317 0.945864
30 0.941556 1.01377 0.900147
40 0.896609 0.969137 0.853093
50 0.834828 0.972644 0.79724
60 0.765473 0.932533 0.740583
70 0.670626 0.987348 0.666228
80 0.58942 0.907052 0.603119
90 0.495638 0.866698 0.529189
100 0.42493 0.807747 0.471742
110 0.350743 0.73864 0.407631
120 0.293834 0.640231 0.356026
130 0.23421 0.543943 0.298011
140 0.200515 0.49869 0.263609
150 0.164257 0.42428 0.224399
160 0.141473 0.381368 0.19826
170 0.119519 0.332472 0.172104
180 0.0991126 0.29115 0.146644
190 0.0841126 0.249045 0.127232
200 0.0715548 0.221915 0.110288
210 0.061219 0.190676 0.0958848
220 0.0538204 0.16355 0.0852258
230 0.0463169 0.148233 0.0743486
240 0.0408181 0.13055 0.0660456
250 0.0351861 0.114169 0.0575551
260 0.0304417 0.0993537 0.0502347
270 0.0266135 0.0884283 0.0441637
280 0.0234575 0.075682 0.0391764
290 0.020228 0.067485 0.0339694
300 0.0181588 0.0600569 0.0305528
310 0.0156772 0.0520482 0.0265069
320 0.013489 0.0469908 0.022885
330 0.01193 0.0408884 0.0202913
340 0.0105489 0.0354403 0.0179948
350 0.0092544 0.0325818 0.0158612
360 0.00810701 0.0280807 0.0139157
370 0.00699721 0.0235734 0.0120474
380 0.00605317 0.0203156 0.010442
390 0.00531643 0.0177828 0.00921086
400 0.00468228 0.015926 0.00813683
410 0.00416543 0.0147352 0.00724476
420 0.00365173 0.0128341 0.00637962
430 0.00328125 0.0113863 0.0057461
440 0.00281895 0.00995128 0.00494989
450 0.00249458 0.00864351 0.00439378
460 0.0021835 0.00783547 0.00385176
470 0.00190966 0.00659312 0.00337639
480 0.00168729 0.00587733 0.0029889
490 0.00147714 0.00511714 0.0026195
500 0.00128496 0.00439789 0.002281
510 0.00110457 0.00374408 0.00196773
520 0.000982463 0.00333274 0.00175036
530 0.000879661 0.00302361 0.00157086
540 0.000758452 0.00262157 0.00135742
550 0.000674054 0.00234484 0.00120798
560 0.000579355 0.00206501 0.0010446
570 0.000509747 0.0018429 0.000922012
580 0.000436757 0.00157648 0.000792519
590 0.000387453 0.00140133 0.000705195
600 0.000341483 0.00122124 0.000622729
610 0.000306822 0.00110966 0.000560946
620 0.000263519 0.000946068 0.000484107
630 0.000231783 0.00083812 0.000426539
640 0.000202731 0.000723343 0.000374871
650 0.000180749 0.000666917 0.000335091
660 0.00015101 0.000554882 0.000281566
670 0.000136154 0.000499062 0.000254091
680 0.000119079 0.000441664 0.000222691
690 0.000102771 0.000373556 0.000192762
700 9.02897e-05 0.000327597 0.000169722
710 8.06776e-05 0.000296003 0.000152115
720 6.90903e-05 0.000254292 0.000130667
730 6.06887e-05 0.000226639 0.000114996
740 5.36143e-05 0.000196885 0.00010195
750 4.78093e-05 0.000176523 9.09987e-05
760 4.16738e-05 0.000152608 7.94336e-05
770 3.74335e-05 0.000141377 7.15022e-05
780 3.24791e-05 0.000123586 6.21466e-05
790 2.85164e-05 0.000107433 5.47081e-05
800 2.58851e-05 9.72025e-05 4.96775e-05
810 2.2104e-05 8.3993e-05 4.25078e-05
820 1.91817e-05 7.22221e-05 3.69288e-05
830 1.7092e-05 6.4443e-05 3.28921e-05
840 1.49904e-05 5.66618e-05 2.89099e-05
850 1.30944e-05 4.99776e-05 2.52982e-05
860 1.16455e-05 4.36708e-05 2.25035e-05
870 9.93404e-06 3.93585e-05 1.92935e-05
880 8.77511e-06 3.38964e-05 1.70211e-05
890 7.66813e-06 2.99923e-05 1.49145e-05
900 6.90196e-06 2.66773e-05 1.34472e-05
910 5.92136e-06 2.33287e-05 1.15373e-05
920 5.31051e-06 2.06661e-05 1.03474e-05
930 4.65096e-06 1.80496e-05 9.07605e-06
940 4.05132e-06 1.63722e-05 7.91206e-06
950 3.64652e-06 1.44543e-05 7.10908e-06
960 3.22812e-06 1.28468e-05 6.30304e-06
970 2.82653e-06 1.11512e-05 5.51467e-06
980 2.43658e-06 9.59195e-06 4.75685e-06
990 2.21957e-06 8.8435e-06 4.34092e-06
