10 0.976879 1.13163 0.969273
20 0.870649 1.10882 0.866994
30 0.751415 1.14868 0.768152
40 0.59261 1.10226 0.642124
50 0.434039 0.947645 0.510369
60 0.312444 0.792031 0.399191
70 0.212517 0.626298 0.295802
80 0.158571 0.493915 0.232869
90 0.11966 0.395484 0.183532
100 0.0901365 0.302622 0.143182
110 0.0682547 0.230677 0.111454
120 0.0536235 0.184574 0.0892653
130 0.0410423 0.143009 0.0695111
140 0.0330009 0.118902 0.0565755
150 0.0259566 0.0929685 0.0449731
160 0.0202396 0.0751489 0.035493
170 0.0162949 0.065759 0.0288355
180 0.0125911 0.0466259 0.0224876
190 0.0101837 0.0395518 0.0183162
200 0.00780843 0.0295471 0.0141303
210 0.00640391 0.0245275 0.0116636
220 0.00500103 0.019011 0.0091755
230 0.00408875 0.0159447 0.00753797
240 0.00316852 0.0127352 0.00587681
250 0.00250137 0.0095956 0.00466244
260 0.00201414 0.0078176 0.00376815
270 0.00158464 0.00621302 0.00297444
280 0.00128277 0.00529327 0.0024181
290 0.00103358 0.0042974 0.00195507
300 0.000832375 0.00327469 0.00157771
310 0.000654619 0.0026515 0.00124371
320 0.000529887 0.00216984 0.00100842
330 0.000410495 0.00171351 0.000782907
340 0.000313894 0.00124127 0.000598664
350 0.000259617 0.00105824 0.000495459
360 0.000203583 0.000840888 0.000389935
370 0.000162437 0.00065967 0.000311408
380 0.000130918 0.000535428 0.00025199
390 0.00010739 0.000432718 0.000207364
400 8.64205e-05 0.000346239 0.00016698
410 6.63101e-05 0.000268133 0.000128523
420 5.60614e-05 0.000227161 0.000108893
430 4.35604e-05 0.000177285 8.47944e-05
440 3.46575e-05 0.000143868 6.77087e-05
450 2.72932e-05 0.000111024 5.35065e-05
460 2.09186e-05 8.90024e-05 4.11366e-05
470 1.74219e-05 7.3848e-05 3.43253e-05
480 1.40189e-05 5.72011e-05 2.76285e-05
490 1.11636e-05 4.95933e-05 2.20588e-05
500 8.80175e-06 3.74614e-05 1.74353e-05
510 6.97376e-06 2.94531e-05 1.38505e-05
520 5.37181e-06 2.25935e-05 1.07045e-05
530 4.20179e-06 1.79655e-05 8.38225e-06
540 3.47836e-06 1.44838e-05 6.93757e-06
550 2.71181e-06 1.16398e-05 5.41706e-06
560 2.14423e-06 9.33618e-06 4.29302e-06
570 1.74175e-06 7.46672e-06 3.49543e-06
580 1.32319e-06 5.48034e-06 2.65994e-06
590 1.10655e-06 4.68361e-06 2.22746e-06
600 8.99922e-07 3.67204e-06 1.81374e-06
610 7.12478e-07 3.01593e-06 1.43988e-06
620 5.83444e-07 2.56932e-06 1.18131e-06
630 4.67134e-07 2.03355e-06 9.492e-07
640 3.73948e-07 1.64813e-06 7.62811e-07
650 2.95631e-07 1.31484e-06 6.04569e-07
660 2.37568e-07 1.00974e-06 4.86588e-07
670 1.93429e-07 8.19677e-07 3.97204e-07
680 1.5743e-07 7.19333e-07 3.23696e-07
690 1.28468e-07 5.68781e-07 2.64386e-07
700 1.02864e-07 4.49183e-07 2.1213e-07
710 8.39383e-08 3.54319e-07 1.73508e-07
720 6.8534e-08 2.98904e-07 1.42131e-07
730 5.45003e-08 2.47649e-07 1.13125e-07
740 4.27384e-08 1.92758e-07 8.89314e-08
750 3.58726e-08 1.62634e-07 7.48149e-08
760 2.92635e-08 1.34661e-07 6.11621e-08
770 2.31515e-08 1.03335e-07 4.84919e-08
780 1.94991e-08 8.63596e-08 4.08381e-08
790 1.57818e-08 6.93185e-08 3.30719e-08
800 1.27271e-08 5.69352e-08 2.67178e-08
810 1.04126e-08 4.65118e-08 2.18931e-08
820 8.52352e-09 3.71095e-08 1.78448e-08
830 7.00139e-09 3.07799e-08 1.46136e-08
840 5.82305e-09 2.53243e-08 1.20953e-08
850 4.82458e-09 2.17276e-08 9.91854e-09
860 4.05163e-09 1.76171e-08 8.22017e-09
870 3.39095e-09 1.41189e-08 6.71955e-09
880 2.89783e-09 1.13422e-08 5.56872e-09
890 2.52267e-09 9.06188e-09 4.66646e-09
900 2.23807e-09 7.53568e-09 3.94752e-09
910 2.02907e-09 6.20766e-09 3.392e-09
920 1.89218e-09 5.17107e-09 3.01065e-09
