10 0.995381 1.04467 0.987555
20 0.980856 1.05224 0.961464
30 0.95204 1.03944 0.924126
40 0.917548 1.05389 0.887486
50 0.858452 1.08842 0.832668
60 0.80592 1.05452 0.788392
70 0.729544 1.13542 0.726984
80 0.668209 1.08016 0.678777
90 0.577218 1.05186 0.606987
100 0.500846 0.949145 0.545243
110 0.432617 0.866775 0.488357
120 0.382711 0.833765 0.445255
130 0.311831 0.73114 0.380761
140 0.271317 0.638005 0.341902
150 0.234292 0.573421 0.304686
160 0.199155 0.504014 0.267628
170 0.17495 0.459546 0.240964
180 0.151128 0.415877 0.213477
190 0.129478 0.376484 0.187459
200 0.114092 0.336397 0.168216
210 0.0967232 0.291911 0.145784
220 0.0838141 0.255945 0.128531
230 0.0751784 0.233107 0.116636
240 0.0643338 0.205389 0.101309
250 0.0595238 0.184462 0.0943024
260 0.0517892 0.16305 0.0829831
270 0.0463856 0.150335 0.0749193
280 0.0415344 0.133097 0.0675973
290 0.036229 0.120956 0.0594759
300 0.0329922 0.10648 0.0544879
310 0.0292842 0.0939394 0.0486941
320 0.0261459 0.0867666 0.0437564
330 0.0230496 0.0761323 0.0388256
340 0.0205455 0.0683965 0.0347872
350 0.0179559 0.0601318 0.0305545
360 0.0163751 0.055847 0.0279423
370 0.0145409 0.0497988 0.0248615
380 0.0130603 0.0436688 0.0223722
390 0.0115033 0.0394894 0.019739
400 0.0102792 0.0350422 0.0176793
410 0.00927314 0.0315076 0.0159907
420 0.00844194 0.0295487 0.014595
430 0.00732096 0.0248837 0.0127068
440 0.00666523 0.0229375 0.0115869
450 0.00595353 0.0204329 0.0103626
460 0.00541368 0.0191077 0.00944245
470 0.00479972 0.016928 0.00839169
480 0.00427014 0.0150831 0.00748871
490 0.00393581 0.013641 0.00691041
500 0.00345637 0.0122928 0.00608468
510 0.00316494 0.0111596 0.00557666
520 0.00288946 0.0101108 0.005099
530 0.00251327 0.00916908 0.00445345
540 0.00226889 0.00804608 0.00402827
550 0.00198687 0.00716545 0.00353812
560 0.00177847 0.00646288 0.00317239
570 0.00164443 0.00596829 0.00293541
580 0.00145994 0.0053081 0.00260908
590 0.00131035 0.00483598 0.00234636
600 0.00118088 0.00427827 0.00211675
610 0.0010588 0.00381049 0.00189894
620 0.00097015 0.0036267 0.00174134
630 0.000850616 0.00322624 0.00152924
640 0.000755523 0.0027881 0.00135933
650 0.000687239 0.00248427 0.00123778
660 0.000621489 0.00223674 0.00112148
670 0.000558516 0.00202441 0.00100962
680 0.000503856 0.00186469 0.000912838
690 0.000449825 0.00161703 0.000816277
700 0.00039994 0.00148703 0.000727553
710 0.000367651 0.00137055 0.000669695
720 0.000326884 0.00124558 0.000597843
730 0.00029414 0.00113271 0.000539135
740 0.000262331 0.000966052 0.000482221
750 0.000233793 0.000914395 0.000431047
760 0.000207757 0.000800116 0.000383786
770 0.000187504 0.000718338 0.000347127
780 0.000168701 0.000641876 0.000313081
790 0.000150531 0.000570885 0.000280282
800 0.000135456 0.00050538 0.000252648
810 0.000121044 0.000454328 0.000226095
820 0.000109212 0.000398939 0.000204322
830 9.62343e-05 0.000367629 0.000180564
840 8.7075e-05 0.000329953 0.000163601
850 7.78375e-05 0.000297219 0.000146464
860 6.98927e-05 0.000268875 0.00013172
870 6.27332e-05 0.00023766 0.000118368
880 5.64725e-05 0.000213053 0.000106726
890 5.07734e-05 0.000194531 9.60518e-05
900 4.62926e-05 0.0001784 8.76591e-05
910 4.06262e-05 0.00015088 7.70872e-05
920 3.60144e-05 0.000143807 6.8451e-05
930 3.21982e-05 0.000130858 6.13567e-05
940 2.83046e-05 0.000114048 5.40905e-05
950 2.54789e-05 9.77733e-05 4.87379e-05
960 2.31056e-05 8.87394e-05 4.4284e-05
970 2.01135e-05 7.75757e-05 3.86722e-05
980 1.82133e-05 7.08663e-05 3.50833e-05
990 1.68057e-05 6.68555e-05 3.24256e-05
