%%MatrixMarket matrix array real general
1000 1
0.3318078811075638
-0.8133859354620121
-0.4054551584457487
0.12597270936355917
1.4611771667983506
-0.7543024399273418
-1.578841611341314
-0.11398973272831743
-1.6750575817065274
3.2098476275309173
-1.7555311252914627
-0.7309211360161141
-0.18247340991359676
1.709950998415089
0.24928034412079095
0.19440414350468904
-0.13366711735704287
-1.0151085211081097
-0.2636066229514698
1.8055708696057342
2.0504967036315884
3.31617298164655
-0.18841287614195715
-1.2072152467790074
-0.1099695025553794
0.16877482291972776
0.2794143947168499
3.692956744874728
-0.04493758973115846
-0.30660941692121024
-1.1202462896643959
3.111488299286499
0.9907339097543189
-0.010130701224898713
-0.23021913011950287
-1.337702872441026
-4.978976883422581
1.715168709543358
0.2826679526036015
0.4548469741607559
3.180507288227635
0.4142529885942764
-0.8631502221091044
-1.8820366341896224
1.3490883548716137
-1.2668238963222274
-2.1345930192000693
-1.0471789729198155
-2.4517857677343837
-3.457429974571071
-1.0974135017389375
0.25901768922316404
0.4006889393403307
-1.0076820363161154
0.1313040481331787
-0.1706795199547324
-1.6143503965217374
0.9787706735492094
-1.5612103684297318
-2.43285778213574
-0.967610264749694
2.208986571870874
-1.9502838751012253
-0.48289098310575923
-0.70846893864638
0.6335700423706148
-3.3501825659792694
-1.352703155748082
-0.669432648548011
0.6931916888107388
0.7870401144128312
-6.394774873640635
-0.03450442212180754
-0.7996482839424279
1.978157458999861
3.1204822483312995
-3.758064380772163
-0.30271171158059196
-1.2233708051121002
-1.4933044111615301
0.7029942822248073
-0.03833822231812463
-1.3795204075626712
-0.4835720004545821
-1.0201926149596388
1.205118153961724
-0.9193802124569417
-5.104555483157389
-0.8666599035071527
-1.4163872704163556
-0.24252557556221788
-1.4875755415794618
-0.9601463186097388
-6.10408812118669
0.05181056335712187
0.7444723059162354
0.9598366784368122
7.295142991951536
0.4296292726714645
-2.448050780301784
1.1816499750033664
0.7477719003323823
0.6907435324089318
-0.7641994827323715
-1.012736780248492
2.1221961582073097
-2.013042811283038
0.7026917089776621
0.6943341244826999
-1.836609683831253
-0.6550230424498679
0.11397402212925867
1.270121815714204
-2.594222624287382
-0.1756571287585459
1.7410344117866172
2.1369083480734097
-3.862186975577403
0.481408933903026
-0.17933962954586238
2.8994944316319646
2.1094746631923313
-2.86558984583008
0.6271955445963858
-0.20295304945255616
0.11760416015825431
3.5457903539234517
-0.3831063900240998
3.2072860972040975
-0.7270450011949017
0.05638009490180107
7.073860203093457
-11.554412255233165
1.440592471349803
-1.9274431217483579
1.8958939672842399
-0.5774777907788052
-0.5748026796993266
2.7665801643722863
1.7678391313582122
-1.4719641834073758
2.6174569317627907
0.1917001465675576
-2.4791683563681914
-4.064272203026378
2.198479392442033
1.1346379593012221
0.6010101708604506
-2.843973206380267
-1.859143103398687
3.0624849515046644
5.586919605785793
-1.2631816132472138
-0.2677570613790513
0.4847053822019434
-0.32857276288630705
1.7120637510777401
0.6661926304484608
0.5657277104071854
0.8453135126499858
0.99564887792452
3.428208150920851
-0.14530049087087457
2.31010442860078
-1.1660118172062932
-4.350565281760777
-2.45911451200996
0.358135540460401
1.9381024311084265
-1.103452910338938
-0.5337584622538851
-2.876611747654449
1.0485616253397099
-1.3785077116905016
-1.301195299219183
4.353802475533634
-4.88959970867798
-2.679980926884892
-1.5794918408489422
0.019617444721381307
-0.4688383693813132
0.24444860152358955
2.073190464692591
3.1601617367757324
0.6513398445609581
3.979997963507052
-3.3749733414964473
1.16238764269648
-3.7369488138641223
-2.6880883862938463
-3.1289673392308224
-2.57084268202631
-0.8820742077120839
-0.8023560218872471
-2.1646312538110744
0.485662251079049
1.8269936252998782
-0.8613935695572991
-0.4579391534950949
-0.0697819616988793
-0.6685866822995122
-4.22123502812061
0.06529194176056433
-0.4470835980565152
-1.8463587790428038
-0.5504426047785067
-1.0599556071442202
0.10027519929772057
-1.0794669874386316
-0.9807619930674095
0.07121082173938306
-2.228020068315884
-1.6561152269233843
4.724110188965433
0.4191398762030543
-5.096593568081376
1.1149442464344281
-0.8149368558822913
-1.1100458864796823
-1.7403648803734237
0.4872508624167677
0.6003850542751711
-1.157501353521072
-0.9384024326577018
-4.761293651827204
-2.5787014938565678
0.6844310804076446
0.7760270087966912
-1.722555680957854
0.26218598566243584
1.7772556298813034
0.45679931255233164
-0.9469055088452062
1.262846781618883
0.6625973364741216
-2.339506019082889
-4.640839275023522
4.674998307771716
-1.3244663202688538
-3.3367722328621805
-1.7047841312696845
1.0594022460167958
-0.31608764399658
-0.4055839771773771
-0.9308134897932783
1.776652735506679
-1.4448078689350659
0.8910621112714568
2.684876035125015
0.07233530560468837
2.66849588763596
-2.0890200910538956
-0.9353538550005996
0.8594746225948979
1.497278145399217
0.28227645363244414
1.8158726816626931
0.24258822296931107
0.8748188189077352
1.0010737414366113
-0.32082822848565545
-1.9852530560146584
0.5026460760888275
-0.03019275599563217
-1.0247644001102751
-2.8662205744500246
-2.024065506883764
-0.2714754645690732
-0.0378944946738745
-1.6471114101002189
3.372559727371418
2.4097993256399426
3.6282181199521357
0.5469762590267417
4.082182433649016
-1.843872168058174
0.5052897376845358
-1.1049761454722453
2.742938621014915
-1.9159579660280392
2.823667950924957
0.5491543385468458
0.10516061840812593
1.3768079512122655
4.2744799735455805
0.4293304784605334
0.3722285849674684
0.4389682753419414
2.126278966603187
-0.9988733924196664
0.07334406015953823
1.6482314742521875
1.8073366543240543
1.9287333657352428
1.3320129958033975
1.1604951789284776
0.19200244148677886
1.309380998239656
0.8323259981060934
2.0088166302843686
0.3528696665045347
0.5510577801884352
0.599389675094521
-1.1605115069921839
-4.302415778183012
2.8095394392140585
6.75834322628907
0.3512717886944056
0.9737888074907541
-1.3369474101783811
-1.5097989038589716
-0.6335391807781476
0.03461005284045818
-10.539233748966803
-1.6549674642640377
1.0845018297387252
-4.956844580458432
0.36744014478547893
-0.7849683275038001
1.230511537482968
-0.017003727507377036
-1.2175985775548974
-1.0518302780681787
0.2076373577567998
1.860635488698989
0.6570399904390329
0.44095708852639115
-0.5129778973194236
-0.886416769765557
-2.394354055257015
2.2059152115964284
0.4694378741716934
-0.48719240591425783
-0.6108750750384873
-0.851780819056666
1.6711515779652235
1.0027582498205576
5.265317166154688
-2.571719134970846
1.3565028126856644
-3.322097242928052
-6.641552098020542
-8.857305115292347
0.39619745684687796
0.058810376114119635
-4.713212417370336
0.42831544642090147
-0.5204715008771537
0.34370236914305136
0.010197677329467912
4.9638386500140905
3.135015147240339
0.8157960177101472
-1.2303426279152923
1.7346368019782104
1.6820718294608703
-1.4717121253130359
1.2013643890630525
-2.9300318340252396
5.768921003206714
-0.36803767532797094
-3.2448036980293717
-1.3020159823271567
-1.1656241972967716
0.2936495924614018
-1.2660998934676928
-4.739101335777673
2.8662649098939696
-2.6753440325940745
1.9017060007784603
0.9034241835578476
0.953192610006875
0.11829983791513884
1.8727709994959165
0.5679300674057174
-0.8592978319491171
-0.4105573166486361
2.736325603900611
2.1412820177936314
1.9208044821122
1.281789294273174
0.9175189027761803
5.011576207845819
3.395967298029924
1.8961650048849241
0.6537066601274208
0.011374062078446417
-0.7740777465412484
2.0475998723595628
-1.9178572917093473
3.5209798964849073
-2.28102767837308
-0.014702863428954107
0.36943187306819125
-1.666695189725662
-0.07940735670402306
-1.7923220877405017
-1.1634372399814896
0.03361830503285722
4.73250159569723
2.4352780430974965
-0.5357960137109233
-1.7362948999315106
-3.8526155640994877
-0.3356778185455946
1.3797305290089381
1.5461289913594967
-0.09653563702794488
2.01937882449707
-0.38885436150202307
-0.41604855024996457
0.7784996296674705
0.5661951254879903
1.6124098145619759
1.477059030812446
-1.9069191114030664
-4.515229679418924
-1.461294881662928
2.2151377536481633
-0.9370389726263998
0.6876644012139986
-1.408278847065352
0.7828432263834308
1.6250269309444396
-0.708408014640881
0.20510244466637909
0.418914583950729
-1.974555280909084
1.3296422077673662
1.0527757169708483
1.8020428385242855
-2.1552902992223584
-0.009720512886860324
-0.28473796195852724
0.6294072967104773
0.3554146524731478
-0.38750053125604833
0.11429379561028255
0.728143736724397
0.3140847805752476
0.833247709303837
-1.1263542745461363
1.013961903267239
-2.2816291236414847
-0.8845302379152448
1.4987134417635775
1.0366335419910204
-1.5037123586887393
-2.2694080303655135
0.5550135382513054
-0.84269054508245
-0.9208755847885572
-1.6153107470268397
0.25216560768625346
3.9516883711667643
-0.5663233664804843
0.875811094334962
-1.4591465436236946
1.174403000113085
-2.8771605886301677
0.630716263667918
-3.9591355685170684
0.4302290856656134
1.3605559452409917
-1.1082895123424912
1.3828839012948426
-8.472314867362625
1.3588588163982558
-0.27660403477335577
1.0281589623596041
-0.6336440385099875
0.5154969524201588
1.9840222068492677
-0.5552359782551876
0.5339121872901571
-0.42800858886883664
-1.1898580067384419
0.2053916115826238
-2.7170254077320624
-1.3307819512562158
-1.7230790907565627
1.2903650522105485
-0.5173830282461888
-0.7745224641495161
1.0489971950143924
-0.43123800552556607
-0.545771531432603
1.0308381662910784
0.8422283911602377
1.9461611415048718
-2.463749156444763
0.21621358834640275
-2.5835193635872167
1.3144819396931908
0.08942975990364417
-2.734302152791623
5.613441665719269
-0.5455355640462513
-0.159709522669337
-1.3504631650374492
2.300712327966997
-0.26785876774235584
2.2356112464430886
-3.953291682431882
2.187914099721845
0.5794977048888481
0.016191509059918466
-0.01760903708684387
2.6005793582545498
-0.19235786093844734
0.9736593168491017
-0.21442316897149255
0.47134269431630216
-0.04143521514693057
-1.731123247247224
2.485611405614828
-1.830234797089798
1.610211476489685
0.2714972957221984
-2.7214690979998126
-0.20391768003743602
0.5125655070548836
-2.9480924278316984
0.4992572935548056
1.984280148228021
0.3047105472633647
-0.6396800399467893
-1.6904525079964985
1.5157821106926987
0.02818406466224926
-1.8592977114431308
1.0750993304260166
0.7910544035416621
-0.29653662217460564
-0.8514746814623515
-0.5970175948224233
-2.4711770281739875
2.433060403007952
1.4575116167003757
-4.657239029390135
-0.5369247248533051
0.6230161080978374
10.972176196762467
-0.3417386179519316
-0.6078102714572676
1.1213008331693672
5.822458773133056
-1.0639789940510695
-0.8432045624164269
2.0509648114748513
1.006281443959297
1.1512266459061888
0.6561940279749721
2.049119607320153
-0.1404980972991267
-2.0408513996620985
-2.102599193640497
-1.5158796396271188
2.0371551540164727
-0.0023322712824838283
0.904827917641055
-2.084877366935909
1.4458898922575303
-0.22239486556160168
0.970787852760457
-2.0054953696477633
0.6560497988148913
0.323515318715768
1.0820112688009222
0.3366172642971394
2.2964430566455007
-1.440044397512465
2.172682832096788
-0.5362393045731082
-1.3014654462440678
2.6038791362808795
-0.9172995482516128
-1.692700449051205
-0.5576412997041688
1.1844510327487887
0.6515995008563563
-0.9645736944013081
-0.3965993385599143
-3.2169602148851553
3.145825399496718
-0.5993750751475453
1.3382219403588314
-2.365300204523433
0.2837466528100485
2.7442710285221326
-1.6041640555975754
3.268427483802541
-1.3886049726986467
2.9957560593306014
-1.1183421694598026
1.5433746366272667
-0.37877384750920884
-2.097700257843816
0.2918101975053896
1.770866694671928
0.9460984507870525
4.409115597244474
-0.20175747728523258
-1.1379892654864479
1.8232239674932054
-0.06530528689944165
0.2569769728688409
-0.34980658948832216
-0.8663442717610398
-0.2664732934952256
0.2790326417959683
1.2099877171620137
-0.5830752039739763
1.6781577241876378
0.9084925017160926
-2.1581989134672646
1.6498929500244537
0.15603147885854216
1.243045290893393
1.0004714338524379
-2.1070320040546906
0.06937637073878766
2.7591749606052947
-1.0724246036220222
-1.2166566859607468
-1.497357281979309
-0.7026819291410695
-0.7289787398565762
-1.2953514953456648
0.9419730560775473
2.1543719458852224
-0.05710759744303212
2.459607260821536
-1.3604391669478222
-1.8838609642974835
-0.29550549933475434
-1.6420970693591097
0.9001788532825254
0.3570745181542327
-0.5396147343760558
0.9537430869564726
-0.8851260840400196
3.6682818026119013
-8.775731860286118
5.8263640655565405
0.4457420484455703
-1.6433237868432773
-0.7649609221831861
6.487116157945846
-2.2582669954006045
-0.17178887583816432
0.004609085927124886
0.5188445862785409
4.2329220266075165
0.3316133484140913
0.10130462056396924
-0.9440932997737662
-0.4993036250414041
-2.2549298574841408
-1.0303796389322375
0.7146174033754789
1.5567964680801223
-1.5962194873342976
1.3510896297069548
-0.5796509147026777
1.0989985597686602
-1.374486895116061
1.614935757426734
0.9851778609312933
-0.06249061756012668
4.848093453534499
1.415997867465942
-0.09072415372071099
1.9530975573973075
-0.46683441015089366
-0.9176668533316366
1.8847231327628975
6.440052819141251
-0.7727292520795003
1.189048116319088
2.6309247950691668
-2.6170813087323
-0.22451385889034445
0.9394526688552791
-0.6066357671849603
-0.8988986853472763
3.344885761797211
-1.2041765116459455
0.5221276406961483
-0.946672209713051
0.5509332438953574
0.8736306781454533
-1.1179978059504372
-0.3078037060342371
-2.66815556650614
1.4022718383618424
-1.7805914934244134
0.5628258162939543
2.2752167650382686
-5.207300881010093
0.28306765797467204
5.056547114842895
1.095864856012724
2.9741611345990377
-1.489138757219419
-2.807415217159893
1.9305613110062678
-0.38911193207622624
0.5043728623185136
-0.5645152232385648
-2.048030807378688
-0.12364386331789606
1.0693099236347774
4.222539238206924
1.3801480007558866
-1.3332607715678975
-3.1710588551054557
2.6200639673681168
1.533080399859682
-0.5937722534898963
1.3548657228388898
0.9590594358119524
-0.5825589866612179
-0.9887872717580372
0.5133563672853114
-0.8514225914645654
0.005789048196074267
1.321527254370479
1.4995145204666775
1.3403132772206596
-1.4363795879666086
1.2691369798199188
-0.8364037436041183
0.6801957157727514
0.2071193208918662
-0.5020391837181324
-0.2416457063659905
0.3581804260042141
-1.3594784485240559
1.2820099030646204
-0.5674440709486613
-0.16013904159313608
1.3051340094298576
1.4267003562926375
0.30446724789452945
-0.9806641733410436
-0.7069734347585936
1.6325507649314706
1.5740185933783264
0.720274172665415
-2.1769404842107694
-2.071242797229216
-1.9919506760172712
0.13236036624777697
4.787220384370333
0.3277337402279225
-0.10702272186261842
-1.9676235172160021
-2.7999044542250364
0.058778520077175316
-0.40502166011145385
-0.03361076482444725
-2.257423193384702
2.322182851279533
-2.306048028672166
-1.979723325526528
-0.47034137986604274
1.9568058907773194
-0.7600889407675385
-5.0320046894636885
0.9437104449111349
0.9774388212075142
1.0864455098546217
-0.8743067489115703
-1.0766994427896237
-1.7094603849795789
1.6502702249264205
0.1354635492530385
-0.6126378990357567
1.7939983357955795
6.743534672714812
0.7464839576839463
1.9911838298762414
1.7831820266365623
0.033640751506082915
1.5673250997172534
-1.2519467708421883
-2.1460852669994277
-0.230269358724925
-0.7473053298845413
1.927169513421215
-0.07630536173987743
3.523595870756304
-0.0023520365045965547
0.742840714966541
-1.226492263096525
-0.41275289588806735
2.5924140730422547
-0.30772253559038765
-0.021165744815943004
3.163108143651049
-1.167181939510224
-0.06012594982959963
1.2124593501704388
0.3695214312712101
4.209761298442793
1.4208430832788823
-4.1796946775743
2.875749637200316
0.14599378668891555
-0.8681330073686656
-1.705141012061013
0.3844250258023332
-1.5716241282749404
0.22771024535281653
4.301833078505072
-1.628981141654756
0.31158515304047996
-2.561273783178075
-2.9940516837750026
3.213159988362669
-0.39134542637583497
-2.7931212189864523
-1.0115058904617837
-1.5445346982356496
-3.7851921832205027
-0.024849312928924273
-2.5051124366433304
-3.4244643355720483
-0.28424729764014933
-1.2424287509982017
-0.72179275672362
-0.6237154564760068
0.20625145533947992
-0.37509978442879593
-0.3446003871794408
0.525994713622316
-1.1743547663120615
-2.6105413338359154
0.36209366416730226
2.226423996704371
-0.9900981595418722
0.09580276511336809
0.5437207160621947
4.597770759478308
1.6209006544329758
0.24101225079939154
0.9640082009868066
0.3289479400744291
-1.022403072708861
3.084934710168142
0.46638574294165736
-3.6854461983367237
0.9356054525568729
-2.9422045258178238
-0.7374568745529784
2.2424828086543966
0.48771611092370265
-2.4061117154093687
-1.836866833948285
-0.4588214845297982
0.08590016198202964
-0.05407532347590274
-1.4782070425140417
-0.32376646983951407
3.427627405154477
-2.078499167988272
0.7534303502647629
-1.7738642259121629
-0.18727311081923015
1.2146267935047534
-1.7352551452282958
-4.000120374918536
0.055359639817608365
-1.6967929224917435
1.148530463889867
-1.5781668983632666
-1.0502070835468476
-0.02014622302604002
2.5609332424869766
1.1699562182564698
-1.2778946840420642
0.4773606857744397
0.22182615561627075
1.1753823662375478
-1.5176241178317686
0.7757246730571048
-2.6104077945336037
-0.9605642468750852
0.6788389143546216
-0.6512890293838114
0.18255270969571374
4.8601769078120896
-2.022468051532316
-1.7261825044507555
-0.7737479315546986
-0.7360366730858755
2.87723064403818
-0.01814970353003209
0.632365837896531
1.620816586600432
-2.722945957728376
-1.412571420120427
-0.9257070543727882
0.49769068909919906
1.2229513518345079
-4.116295660983953
0.4913739222972156
0.6117738610338814
-1.6289961475088117
-0.30455587836105635
-0.9336635124097342
-2.8403132598783825
1.9391407129002154
-3.085443001495541
-0.8128668006913523
-1.0115201404557579
1.6661960837192085
-2.356031913546725
-1.190283205606468
-9.552886000531972
-1.4476768079080164
5.1050298753291585
-1.3368128197348217
-1.6774668987520525
2.572663444036198
-1.711443027301129
2.736275728478274
2.007863095710774
1.8148147775421932
0.2533699372115776
3.637001468950308
1.5730413515025294
-0.9422999570645766
-1.042807125876013
3.233147121070634
3.210675411345462
0.7083767957035356
0.2515270175601358
0.4296358278534143
3.866008609045231
1.8757816783836971
2.7682896845945
2.599348113957832
-0.6739852543545956
0.30251332690434407
-1.7988813816101037
-0.1955411486826798
0.49095388232201376
-0.7014416336077283
0.8435592552876314
-1.5592813703340482
-7.939562079380606
-0.4178084560096157
3.2616415227658355
1.6126266845552133
0.861458029916191
1.5197497572989402
-0.41987003256179006
0.013070651480946893
-1.1526741765253694
2.7413493363097365
-0.0672373727404093
5.817199448957444
-2.721218080902071
-3.0966719687519926
0.6562303520131704
0.21221722758174513
-1.4012525874941635
-0.7757119239932766
4.132205487825787
-0.37139371836675605
-0.016165117300519283
-0.0002833364586594579
0.7448960422248682
3.859188194635703
-3.1481794631042472
1.1211310690339629
0.9458600318694236
-2.971310184973422
0.8681410151590816
1.76279151805344
0.0945179694887136
0.5344702039604494
-2.3045072995036255
-2.9080831243345515
-0.9334952940205782
-0.007535266891842526
-0.46544866760886405
-0.17595162524827906
-0.5275871092299697
-0.9292555264321312
1.0640169111307587
-0.1368060959996839
1.6272311771659957
-1.2330527544869059
3.5313960819328494
0.9838962798933015
-2.502650996073277
-3.2595174871506583
