A random graph with 1000 vertices and 110542 edges.

The graph is generated in the following way:
    - for each vertex, select n / 4.0 random neighbors
    - get rid of duplicate edges
    - weights are reals sampled uniformly from 1/[1..1000]

There are three trees in the folder.

Tree1 - total stretch = 37406.450251194045, ave stretch = 0.3414773217019257
[0,1) - 102830
[1,2) - 3857
[2,4) - 1925
[4,8) - 733
[8,16) - 156
[16,32) - 35
[32,64) - 5

Eigenvalues of lap(a) * lap(tree1)^-1
1.2251 1.2284 1.2325 1.2353 1.2488 1.2517 1.2557 1.2612 1.2708 1.2781 1.2802 1.2876 1.2882 1.2964 1.2988 1.2996 1.3035 1.3133 1.3225 1.3245 1.3351 1.337 1.339 1.3409 1.3442 1.3465 1.3494 1.3512 1.3539 1.3552 1.3559 1.3575 1.3598 1.3602 1.3618 1.3644 1.3663 1.3701 1.3736 1.3749 1.3778 1.3804 1.3826 1.3855 1.3859 1.387 1.3915 1.3938 1.3945 1.3973 1.3984 1.399 1.4 1.4025 1.4043 1.4062 1.4072 1.4117 1.415 1.4235 1.4248 1.4265 1.4288 1.4332 1.4337 1.4352 1.4405 1.4433 1.4465 1.4467 1.448 1.4491 1.4559 1.4561 1.4584 1.463 1.4657 1.4681 1.4713 1.4721 1.4754 1.479 1.4797 1.4883 1.4909 1.493 1.5059 1.5083 1.5152 1.5178 1.5278 1.5349 1.5351 1.5404 1.5484 1.5504 1.5575 1.5612 1.5685 1.5715 1.5788 1.581 1.5837 1.5856 1.5983 1.6041 1.6097 1.6154 1.6195 1.6296 1.637 1.6414 1.6465 1.6497 1.6554 1.6627 1.6656 1.6676 1.6723 1.6764 1.6825 1.6894 1.6951 1.6961 1.6967 1.7037 1.7052 1.7103 1.7114 1.7196 1.7219 1.7407 1.7449 1.7472 1.7514 1.7519 1.7585 1.7652 1.7675 1.7702 1.7722 1.7815 1.7828 1.7895 1.793 1.8003 1.8027 1.8052 1.8107 1.8167 1.82 1.8236 1.8272 1.8317 1.8337 1.8357 1.8411 1.8459 1.8482 1.8492 1.8582 1.8602 1.8641 1.8656 1.8706 1.8756 1.8829 1.8885 1.8974 1.901 1.9038 1.9063 1.9094 1.9134 1.9203 1.9212 1.9292 1.9338 1.9406 1.9434 1.947 1.9492 1.9531 1.9548 1.9604 1.9641 1.966 1.967 1.9745 1.9786 1.981 1.9833 1.9882 1.9953 2.0014 2.0042 2.0112 2.0155 2.0248 2.028 2.0294 2.0318 2.0406 2.0463 2.053 2.0661 2.069 2.0786 2.0833 2.0918 2.1014 2.1063 2.1102 2.1139 2.1244 2.128 2.1386 2.1476 2.148 2.1504 2.1561 2.1648 2.1694 2.1769 2.1801 2.187 2.2002 2.2076 2.2231 2.2258 2.2331 2.2339 2.245 2.2464 2.2515 2.2533 2.2592 2.2645 2.2668 2.2727 2.2756 2.2767 2.2849 2.2984 2.3022 2.3064 2.3192 2.3237 2.3323 2.3396 2.3541 2.3573 2.3647 2.3667 2.3784 2.3844 2.3899 2.3957 2.4084 2.416 2.4173 2.4408 2.4427 2.4547 2.4704 2.4752 2.4822 2.4923 2.5096 2.522 2.5314 2.5433 2.5455 2.5478 2.5552 2.5686 2.5761 2.5845 2.5877 2.6054 2.613 2.6179 2.6239 2.6294 2.6357 2.6434 2.6463 2.6534 2.6542 2.6575 2.6733 2.6779 2.6872 2.6921 2.7013 2.7174 2.729 2.7333 2.7414 2.7564 2.7703 2.7774 2.7846 2.7957 2.8036 2.8134 2.8218 2.8272 2.8332 2.8453 2.8562 2.8636 2.8746 2.8793 2.8856 2.8905 2.8929 2.903 2.91 2.9169 2.9212 2.9298 2.9368 2.9501 2.9629 2.9754 2.9807 2.9875 3.0054 3.0109 3.0173 3.0229 3.0294 3.0347 3.0428 3.0446 3.0499 3.0581 3.0639 3.0716 3.0883 3.0965 3.0997 3.1088 3.1139 3.1209 3.1255 3.1428 3.1491 3.1694 3.1763 3.1797 3.183 3.1964 3.2052 3.2255 3.2443 3.2505 3.2701 3.2752 3.2802 3.2915 3.3101 3.3152 3.3254 3.338 3.3528 3.3576 3.3649 3.3729 3.3857 3.3901 3.3973 3.4148 3.4244 3.4344 3.4407 3.4446 3.4546 3.4695 3.4858 3.4957 3.506 3.5297 3.5382 3.5539 3.5589 3.5734 3.5881 3.5953 3.6064 3.6292 3.6328 3.6408 3.6418 3.6639 3.6762 3.686 3.6959 3.7128 3.7294 3.7427 3.7545 3.7679 3.7906 3.8046 3.8147 3.8374 3.842 3.8597 3.8656 3.8896 3.9037 3.914 3.9259 3.9382 3.9656 3.9814 3.9934 4.022 4.0297 4.0352 4.0586 4.0602 4.0767 4.0926 4.1017 4.1113 4.1301 4.1537 4.1688 4.1757 4.1786 4.2023 4.2206 4.2362 4.24 4.2498 4.2659 4.2782 4.303 4.3101 4.3143 4.3304 4.3431 4.3703 4.3881 4.4158 4.4183 4.4391 4.4498 4.4629 4.471 4.4814 4.4919 4.5418 4.557 4.569 4.5868 4.6136 4.6288 4.6441 4.6551 4.6819 4.698 4.7228 4.7502 4.7526 4.7751 4.7903 4.8137 4.8265 4.861 4.904 4.9267 4.942 4.9581 4.971 4.9895 5.013 5.017 5.0289 5.0447 5.0629 5.0993 5.1055 5.1134 5.1336 5.1448 5.1761 5.1908 5.2019 5.2177 5.2393 5.2601 5.266 5.2968 5.3082 5.3248 5.3463 5.359 5.3771 5.4116 5.4527 5.4762 5.5096 5.5142 5.5194 5.5395 5.5434 5.5522 5.5707 5.621 5.634 5.6693 5.6725 5.712 5.7904 5.8232 5.8482 5.8792 5.9105 5.9554 5.977 5.9929 6.0362 6.0446 6.0818 6.096 6.1258 6.18 6.2005 6.2099 6.273 6.2943 6.3011 6.3145 6.3762 6.4057 6.4213 6.4398 6.4825 6.4873 6.5244 6.5492 6.5802 6.6212 6.6528 6.6749 6.6888 6.7221 6.7491 6.78 6.8211 6.8328 6.8561 6.8749 6.9104 6.9293 6.9844 7.0967 7.127 7.1407 7.1734 7.1921 7.1938 7.2673 7.2844 7.3118 7.3316 7.362 7.422 7.4328 7.51 7.563 7.5938 7.6038 7.6841 7.7084 7.7418 7.7496 7.7632 7.7922 7.8205 7.8435 7.8757 7.8958 7.9038 7.922 8.0314 8.0375 8.0848 8.098 8.1303 8.1365 8.1683 8.1987 8.213 8.2528 8.2864 8.329 8.3562 8.3944 8.4249 8.4528 8.4976 8.5152 8.5528 8.5896 8.6141 8.6604 8.6946 8.7035 8.7395 8.8178 8.8417 8.8804 8.9651 9.0216 9.0469 9.0765 9.1082 9.1575 9.1792 9.1869 9.2121 9.2646 9.2853 9.3165 9.3204 9.3862 9.4233 9.4565 9.504 9.5331 9.5959 9.6062 9.6319 9.6644 9.6828 9.7272 9.7375 9.8055 9.816 9.8453 9.8774 9.9483 10.0172 10.0444 10.0847 10.0926 10.1205 10.1668 10.2065 10.2318 10.2721 10.2968 10.3588 10.3723 10.3881 10.4672 10.4861 10.5192 10.5631 10.5997 10.6662 10.684 10.7709 10.8033 10.8202 10.8667 10.9037 10.9193 10.971 11.0058 11.0637 11.1124 11.1494 11.1685 11.1745 11.2414 11.3689 11.4493 11.4612 11.5235 11.5962 11.6472 11.7354 11.7515 11.7997 12.0196 12.0453 12.0593 12.1659 12.1919 12.2303 12.2537 12.3498 12.3586 12.4463 12.4927 12.5675 12.6108 12.6749 12.7209 12.79 12.8188 12.8465 12.8931 12.9578 12.9776 13.043 13.1076 13.1995 13.2325 13.3048 13.3093 13.3314 13.3867 13.4303 13.5447 13.5881 13.6239 13.7643 13.7924 13.8233 13.9311 13.9817 14.0271 14.0497 14.0951 14.157 14.1983 14.2594 14.2849 14.3116 14.3958 14.4593 14.5166 14.5439 14.6589 14.7088 14.7922 14.8983 14.9032 14.954 14.9931 15.2634 15.2975 15.3332 15.4684 15.5273 15.591 15.6366 15.6674 15.7173 15.753 15.846 15.8924 15.9206 16.0695 16.0973 16.1805 16.2819 16.3036 16.481 16.6369 16.672 16.7443 16.8137 16.9116 16.9807 17.0265 17.1951 17.2589 17.4354 17.5035 17.5882 17.6178 17.6994 17.781 17.8691 17.9233 17.9927 18.3313 18.4261 18.4331 18.5694 18.6074 18.6275 18.7784 18.8686 18.9871 19.0244 19.0672 19.2498 19.3202 19.4896 19.4913 19.6149 19.6616 19.8296 19.9067 19.9937 20.0395 20.0752 20.3453 20.4682 20.6892 20.8365 20.9508 21.0565 21.2971 21.4944 21.6866 21.8992 22.012 22.0781 22.1682 22.2802 22.4642 22.527 23.033 23.0647 23.4314 23.481 23.6465 23.8999 24.4559 24.4871 24.5392 24.657 24.8966 25.0717 25.2143 25.2424 26.0307 26.6381 26.7855 27.043 27.3163 27.7511 27.8944 27.9691 28.0583 28.1182 28.4828 28.6745 29.2101 29.4979 29.7005 29.9378 30.1464 30.2584 30.7059 30.8295 31.9497 31.9907 32.2645 32.4794 32.5488 32.6441 32.7812 32.8806 33.0466 33.1852 33.2057 33.5984 33.6537 34.0752 34.2129 34.5681 35.3189 35.521 35.7533 35.912 37.0975 37.3615 37.7693 37.9454 38.7179 40.2467 40.5701 40.859 42.4457 43.2782 43.3743 43.7786 44.1209 44.3348 44.85 45.2058 46.2609 46.664 47.1748 47.5453 48.4875 48.7868 50.8496 51.4236 51.9353 52.031 52.4643 52.6037 53.0092 53.7683 54.0424 55.293 56.5086 57.2827 57.9661 58.4543 58.7385 59.1265 59.7204 59.8796 60.7747 61.9992 62.2255 63.1453 66.2523 67.6139 69.8855 72.5108 73.9348 75.4147 76.442 76.5166 77.6037 79.7443 81.9075 83.9826 85.442 86.6354 86.9906 87.6939 87.9886 88.9738 89.2626 92.9651 96.481 96.894 97.8161 98.7666 99.0308 100.9902 101.7753 102.8143 107.3136 111.3247 117.8668 121.6266 129.776 132.9715 140.2453 141.3017 143.2861 144.0995 146.3302 155.3502 157.9083 162.3028 164.7985 165.7496 167.1721 170.1164 178.2296 180.0099 193.819 199.1813 208.5772 210.3133 212.0468 217.1363 219.6313 228.3779 237.5805 255.5264 263.6554 269.9024 271.2821 277.2267 289.2185 297.9267 313.3285 438.7814 483.4537 553.4833 555.4328 593.7037 911.9981 1050.2892 1171.67 1274.0315 1288.1183 1762.0615 2423.2022 3664.2738 3914.2494 


Tree2 - total stretch = 1.1915337952458598e6, ave stretch = 10.877315713882766
[0,1) - 10721
[1,2) - 18937
[2,4) - 33082
[4,8) - 23664
[8,16) - 11817
[16,32) - 5924
[32,64) - 2890
[64,128) - 1376
[128,256) - 646
[256,512) - 305
[512,1024) - 121
[1024,2048) - 42

Eigenvalues of lap(a) * lap(tree2)^-1
1.171 1.2761 1.3058 1.3179 1.3261 1.3332 1.3517 1.3573 1.3622 1.3636 1.371 1.3902 1.3978 1.4035 1.4152 1.4216 1.4428 1.448 1.4548 1.4586 1.4644 1.4679 1.4737 1.4763 1.4862 1.5002 1.512 1.5151 1.5184 1.5197 1.5202 1.5231 1.5269 1.5306 1.5344 1.5401 1.547 1.5485 1.5599 1.5617 1.5673 1.5721 1.5745 1.5776 1.5816 1.5849 1.5913 1.5933 1.6 1.6041 1.6089 1.6293 1.634 1.6365 1.646 1.6573 1.6591 1.671 1.6816 1.6855 1.6985 1.7061 1.7077 1.7167 1.7419 1.7544 1.7612 1.7781 1.7853 1.83 1.8669 1.8763 1.8772 1.8955 1.9126 1.9209 1.9269 1.9361 1.9542 1.9589 1.9704 1.9742 1.9793 1.9797 2.0027 2.0128 2.0367 2.0619 2.0742 2.0969 2.1036 2.1052 2.1106 2.1128 2.1153 2.1362 2.1378 2.1538 2.1689 2.1856 2.1909 2.1939 2.1972 2.2122 2.2219 2.2283 2.2451 2.2481 2.2573 2.2692 2.2839 2.2846 2.2977 2.316 2.3369 2.3383 2.3444 2.357 2.3662 2.3724 2.3932 2.4013 2.409 2.4277 2.433 2.4584 2.4619 2.4731 2.4856 2.4953 2.5028 2.5552 2.5597 2.5773 2.5904 2.6246 2.6696 2.7008 2.7124 2.729 2.753 2.7625 2.7802 2.8012 2.8374 2.8474 2.8827 2.8928 2.924 2.9414 2.9576 2.9682 2.9736 2.9846 3.0038 3.0227 3.0299 3.0553 3.0847 3.0949 3.1264 3.1425 3.145 3.1627 3.1919 3.2057 3.2259 3.2509 3.2759 3.2933 3.3223 3.3329 3.3731 3.4254 3.4447 3.5022 3.5191 3.5256 3.5297 3.5555 3.5666 3.6067 3.6417 3.665 3.6716 3.6918 3.7145 3.7377 3.7697 3.8087 3.8127 3.8301 3.9069 3.9209 3.9407 3.9671 3.9955 4.0033 4.0932 4.1709 4.271 4.4058 4.4224 4.4379 4.4536 4.4737 4.5365 4.6495 4.744 4.8423 4.8442 4.8585 4.8989 4.9268 4.9575 5.0025 5.0124 5.0201 5.073 5.0959 5.1116 5.1331 5.1454 5.2078 5.2335 5.2511 5.264 5.3284 5.3863 5.479 5.5186 5.6571 5.6939 5.7208 5.7437 5.7871 5.7991 5.8573 5.8835 5.9055 5.9242 5.9461 5.9878 5.995 6.049 6.0833 6.104 6.1627 6.3032 6.3159 6.3695 6.4523 6.4991 6.5271 6.5757 6.6711 6.7068 6.7077 6.7429 6.7565 6.7776 6.7819 6.8006 6.8248 6.859 6.8721 6.8986 6.9364 6.9798 7.0341 7.0527 7.09 7.1107 7.1628 7.2348 7.248 7.3528 7.4629 7.5794 7.6495 7.6748 7.7513 7.8724 7.994 8.0363 8.1358 8.1478 8.1665 8.2425 8.2967 8.3316 8.3968 8.4284 8.4942 8.5259 8.5583 8.634 8.759 8.8033 8.914 8.9431 9.0059 9.1219 9.1864 9.2301 9.3091 9.3804 9.4368 9.4809 9.622 9.6634 9.7384 9.7572 9.8339 9.8456 9.8787 9.9222 9.976 9.9871 10.0346 10.1404 10.5239 10.5609 10.6212 10.6482 10.9704 10.9976 11.0346 11.0832 11.1404 11.1757 11.3093 11.5019 11.6219 11.7892 12.0952 12.1331 12.1762 12.2335 12.3146 12.402 12.502 12.5922 12.6715 12.7085 12.7502 12.8335 12.9323 13.2462 13.5261 13.5455 13.5734 13.8349 13.8685 13.9388 14.0933 14.1378 14.2868 14.393 14.5728 14.6843 14.7398 15.0798 15.2433 15.4109 15.4873 15.6229 15.699 15.7821 15.8113 15.9196 15.9743 15.9875 16.0983 16.2265 16.3819 16.4712 16.5336 16.6569 16.7023 17.1876 17.2341 17.3487 17.5201 17.7474 17.7861 18.0856 18.2375 18.4211 18.8639 19.1721 19.5603 19.705 19.8409 20.0347 20.2974 20.3733 20.5636 20.7428 20.8031 20.9152 21.0068 21.067 21.2056 21.494 21.6051 21.7468 21.8007 21.9446 22.0431 22.1915 22.2631 22.457 22.6845 22.7741 22.8547 22.9895 23.1822 23.2616 23.4885 23.6697 24.0718 24.3215 24.4154 24.5111 24.6702 24.7342 24.8042 25.1176 25.2404 25.3981 25.495 25.671 25.9512 26.1275 26.2948 26.3668 26.704 26.7826 27.0182 27.3335 27.4591 27.7793 28.0395 28.3265 28.5423 28.6841 28.7644 29.0872 29.2316 29.3318 29.3802 29.6294 29.9376 30.2772 30.4214 30.9079 31.1118 31.3195 31.3859 31.6091 32.0014 32.1249 32.1379 32.2785 32.4028 32.7081 32.9739 33.2092 33.2548 33.4664 33.6073 33.7547 34.0818 34.1784 34.3625 34.6075 35.0683 35.4822 35.6818 36.117 36.3528 36.5605 36.8426 36.9627 37.1373 37.571 37.8024 37.9566 38.1861 38.3165 38.7674 39.0866 39.4175 39.5306 39.7291 39.9071 40.4254 40.7763 41.1175 41.6754 41.9233 42.465 42.9946 43.1486 43.9024 44.3977 44.6286 44.9456 45.2951 46.0542 46.2138 46.9763 47.2903 48.1816 48.4602 49.0511 49.3267 49.8435 50.2049 50.5474 50.9199 51.1136 51.2165 51.48 51.9052 52.3449 52.4711 53.3333 54.1223 55.8507 56.8414 56.9349 57.0824 57.6685 58.6366 59.2764 60.0561 60.8625 61.528 61.6762 62.0213 63.0708 63.38 64.6578 64.8347 65.7818 67.5926 68.1279 68.2351 68.4676 69.2696 69.603 70.1505 71.5846 72.2382 72.447 73.33 73.633 74.3437 74.4755 75.2014 75.8857 76.317 76.7863 77.4984 77.6443 78.5753 78.7771 79.4125 79.724 80.4264 81.1047 81.8362 82.2904 82.6735 83.417 83.5777 84.583 86.0551 87.5763 87.9856 89.7224 -90.6834 90.9943 92.1266 92.443 93.0302 93.7254 94.7411 95.2689 96.4493 98.3986 99.5281 101.6014 101.8772 102.2647 102.7895 103.6848 103.9996 104.5976 105.6827 105.9024 106.4819 109.0566 109.6723 110.3006 111.9104 111.9993 113.1457 113.4959 114.1197 115.0669 116.2511 117.1769 117.814 118.1182 118.9471 120.4814 120.5631 120.8263 122.6552 122.8949 123.1261 124.0918 124.5243 125.4701 125.7313 126.0768 126.8769 127.8461 128.1659 128.5393 130.0305 131.2182 132.5336 134.0406 134.5161 136.9429 137.3964 138.7884 140.8225 142.2771 142.8975 144.9571 145.7904 149.3407 149.7595 150.4026 153.3893 154.2389 155.0152 156.3185 159.9736 161.0468 162.2152 163.6934 164.0089 165.6352 166.4675 166.5627 168.2223 168.9793 169.4785 170.5854 171.4126 172.2664 172.7697 173.4317 175.6234 175.9095 178.5748 178.7394 179.4597 180.9458 181.2324 183.9176 184.6806 185.0271 186.553 189.8765 192.0539 192.9069 194.5443 196.0541 199.8759 200.6987 201.11 202.8859 203.1498 204.5099 206.5433 208.2986 208.5877 212.0792 213.8915 216.3042 218.0097 218.7544 219.29 221.7901 224.13 227.1487 229.7589 232.0272 233.2857 234.1852 237.2674 241.334 243.7861 246.0204 251.0523 255.0711 257.2826 258.9431 261.7493 263.8582 266.8259 269.7208 271.4672 274.5082 277.057 277.8457 279.6745 280.4287 281.1598 281.3363 282.5652 286.7338 291.5871 292.7754 296.3887 297.8984 298.5757 302.6226 303.1896 306.4613 308.6462 313.1871 317.0317 318.7015 322.1482 322.6073 325.081 327.4317 330.5845 332.1688 332.9511 335.9599 338.2545 339.1907 344.3606 349.3222 349.9683 353.0109 354.2158 357.2667 357.5083 358.9683 362.6977 363.779 367.2846 367.6557 373.0845 380.2989 382.1436 386.4002 386.7882 392.1772 393.7739 400.2735 410.7435 416.2123 425.5533 426.2651 431.1126 431.7886 432.6855 437.6864 443.4333 443.9622 446.4014 450.9941 465.714 468.668 469.4978 477.6282 483.5727 484.9248 490.2974 493.428 497.2805 499.0934 511.4402 512.9145 515.9974 518.1495 525.9453 535.7354 538.11 542.253 544.5777 546.3268 548.9239 555.8602 557.8627 561.3396 565.5533 568.6381 572.9307 590.381 594.382 601.5682 602.4804 608.2054 609.5628 613.1821 619.7463 621.9702 625.7791 630.1144 638.7584 640.3871 643.1724 646.3536 651.2137 663.3149 667.792 677.6306 686.9545 691.2267 704.514 713.4336 716.6667 718.5458 721.6806 730.5428 736.9459 744.3446 747.3929 756.1845 761.5611 766.6101 772.9563 780.2181 786.4757 791.1425 796.101 812.0443 833.8883 842.4327 858.9424 867.5034 872.19 879.5869 892.4104 900.439 906.5466 915.7453 923.9415 928.1845 940.127 942.4911 944.5742 948.1471 951.9255 966.0238 977.2095 991.3082 1000.1451 1004.3805 1014.8889 1015.9843 1037.534 1045.8606 1056.7347 1063.3966 1066.2252 1079.5145 1100.0781 1109.4734 1111.3662 1123.2357 1140.3678 1143.6313 1150.7113 1164.1283 1166.6842 1198.0864 1210.8461 1226.1874 1246.6603 1268.5597 1291.4721 1297.1479 1315.6069 1329.7074 1341.1589 1360.1862 1380.3867 1406.1933 1412.5404 1436.9729 1466.9494 1490.9245 1514.6001 1532.8298 1558.2794 1598.613 1694.5785 1730.5093 1768.8764 1799.415 1823.502 1840.309 1852.2249 1885.0181 1903.1877 1917.0432 1926.8281 1988.3436 2052.7741 2085.9922 2157.1481 2192.5379 2200.4396 2231.7165 2272.4024 2304.0356 2386.1979 2393.8697 2433.491 2472.8131 2494.6911 2572.6695 2638.6332 2723.0259 2749.4605 2753.6067 2777.4872 2851.9953 2890.9836 3076.1347 3121.1226 3253.2432 3639.6239 3707.35 3768.9192 3832.9178 3922.1874 3930.3899 3980.3297 3998.1306 4034.1433 4152.1537 4197.0138 4225.044 4306.4204 4350.9917 4466.735 4680.8982 4981.9545 5348.8765 5527.5607 5679.9618 6032.1663 6265.2195 6749.1311 6861.2872 7337.0306 7354.1568 7394.6221 7614.7757 7806.6627 7963.6849 8253.2454 8505.605 8836.5233 10021.8933 10300.7041 10501.1375 12316.0288 12806.5977 13421.1942 15198.5388 16076.8823 16571.2528 16965.512 18198.2489 19671.3551 21007.4699 22281.475 23011.3108 25925.2117 31987.781 34233.8653 69710.298 112836.1507 249195.3624 


Tree3 - total stretch = 2.957717722999425e6, ave stretch = 27.000517814916748
[0,1) - 2634
[1,2) - 4116
[2,4) - 12219
[4,8) - 31143
[8,16) - 29668
[16,32) - 15261
[32,64) - 7556
[64,128) - 3666
[128,256) - 1776
[256,512) - 866
[512,1024) - 393
[1024,2048) - 165
[2048,4096) - 60

Eigenvalues of lap(a) * lap(tree3)^-1
1.2407 1.2673 1.2845 1.2933 1.3186 1.3283 1.3541 1.3576 1.3662 1.3736 1.3994 1.4032 1.4064 1.4105 1.4151 1.4275 1.4324 1.4389 1.4507 1.4521 1.4566 1.4577 1.4648 1.4697 1.4715 1.4755 1.4777 1.4814 1.4852 1.4884 1.4978 1.5004 1.5029 1.5036 1.5074 1.5095 1.5097 1.5141 1.516 1.5213 1.5231 1.5258 1.5315 1.5329 1.5512 1.5538 1.5568 1.5609 1.5656 1.5695 1.5757 1.577 1.5799 1.5837 1.5933 1.5967 1.6005 1.6069 1.6129 1.6148 1.6162 1.634 1.6395 1.6459 1.6541 1.6603 1.6657 1.6676 1.6709 1.6805 1.6839 1.6898 1.7527 1.7601 1.7608 1.7747 1.7849 1.7855 1.7949 1.8253 1.8332 1.8434 1.8616 1.8758 1.8956 1.914 1.9235 1.9271 1.9316 1.9444 1.9499 1.954 1.9699 1.9819 2.0104 2.0273 2.0515 2.062 2.0751 2.0807 2.0877 2.0964 2.099 2.1027 2.1099 2.1218 2.1231 2.1298 2.1317 2.1326 2.1408 2.1459 2.1511 2.1523 2.1615 2.1734 2.1754 2.1837 2.1965 2.2024 2.2066 2.2193 2.2434 2.2501 2.2506 2.2686 2.269 2.279 2.2817 2.2873 2.3108 2.316 2.3223 2.3493 2.3826 2.3902 2.3977 2.4058 2.4096 2.4334 2.4422 2.4499 2.4694 2.4856 2.487 2.5098 2.5182 2.5389 2.5604 2.5649 2.607 2.6105 2.6136 2.6275 2.6543 2.6679 2.6968 2.7041 2.7072 2.7316 2.7392 2.7618 2.7747 2.7792 2.7916 2.8203 2.8245 2.8557 2.8675 2.8731 2.8768 2.878 2.954 2.976 3.0054 3.0344 3.0512 3.0556 3.1089 3.1437 3.1821 3.2293 3.2529 3.276 3.2867 3.3012 3.3237 3.3642 3.3974 3.4062 3.4406 3.4556 3.4822 3.4914 3.5186 3.5757 3.5861 3.5975 3.6099 3.6406 3.6546 3.6658 3.6808 3.6906 3.6943 3.7127 3.7356 3.7419 3.7786 3.7852 3.8076 3.8354 3.8618 3.9146 3.9676 3.9928 4.0163 4.03 4.0914 4.1384 4.1676 4.1869 4.2175 4.2798 4.3209 4.341 4.3601 4.4059 4.4319 4.4693 4.4778 4.4821 4.5557 4.5773 4.6144 4.6373 4.6485 4.7002 4.7095 4.7254 4.7385 4.7616 4.7785 4.7823 4.7939 4.8222 4.8472 4.8576 4.8752 4.9203 4.9356 4.9627 4.9919 5.0355 5.1488 5.1566 5.2039 5.2209 5.3699 5.4 5.4776 5.5155 5.5301 5.5549 5.6154 5.7035 5.7195 5.7799 5.7995 5.8214 5.8493 5.8777 5.9044 5.981 6.0076 6.0383 6.1123 6.2182 6.2583 6.313 6.3732 6.4063 6.443 6.493 6.528 6.6066 6.6647 6.6829 6.7088 6.7503 6.767 6.8259 6.8591 6.8772 6.9259 6.9701 6.9877 7.0406 7.1087 7.1499 7.1884 7.2279 7.282 7.2979 7.3882 7.4228 7.5007 7.6956 7.7702 7.7864 7.8099 7.8728 7.9683 8.0039 8.0199 8.0958 8.1706 8.1961 8.235 8.2901 8.2936 8.4506 8.4928 8.5575 -8.5706 8.5747 8.6192 8.7241 8.7862 8.875 8.92 8.9839 9.0289 9.0505 9.1636 9.2525 9.3978 9.5467 9.5523 9.5998 9.6167 9.6633 9.7542 9.8451 9.8912 9.9405 9.9623 10.0524 10.2796 10.3586 10.4017 10.5681 10.5985 10.6468 10.6625 10.7419 10.9055 11.0056 11.0399 11.0856 11.1178 11.1429 11.1959 11.2369 11.2737 11.451 11.5208 11.6743 11.7173 11.7399 11.7866 11.9222 11.9409 12.0164 12.0774 12.4911 12.5451 12.5792 12.843 12.8942 12.9925 13.009 13.0805 13.162 13.2035 13.2465 13.355 13.4765 13.6052 13.8342 13.9578 14.1079 14.3145 14.6819 14.8137 14.9122 14.954 15.0807 15.5842 15.678 15.9945 16.0805 16.1303 16.2517 16.3074 16.3238 16.3936 16.4758 16.7112 16.9615 17.0007 17.0494 17.1614 17.2933 17.3683 17.596 17.7626 17.8601 18.0849 18.1392 18.3411 18.4331 18.6393 18.7232 18.8625 19.0369 19.1069 19.2719 19.4417 19.7175 20.0898 20.2792 20.3441 20.612 20.6688 20.7155 21.0399 21.0818 21.1923 21.3377 21.7555 21.802 21.9316 22.0631 22.4562 22.5365 22.6519 23.0721 23.176 23.3757 23.463 23.6691 23.7696 23.7775 23.9171 24.0331 24.3005 24.5746 24.6105 24.9373 25.0233 25.2198 25.4827 25.7663 25.971 26.0633 26.1297 26.2696 27.2834 27.7269 27.793 27.9825 28.332 28.3759 28.4609 28.7415 28.7773 28.9466 29.6126 29.7323 29.8657 29.8987 30.0409 30.2146 30.7289 30.869 30.9854 31.1646 31.5144 31.7076 32.0808 32.2551 32.4008 32.5635 32.941 33.1977 33.279 33.6318 33.8269 35.0079 35.0846 35.5854 35.8175 35.9069 36.2507 36.4432 36.6241 36.7914 36.9385 37.3942 37.8824 38.3505 38.7686 38.8828 39.2387 39.3213 39.4943 39.7006 39.9153 40.0476 40.251 41.5181 41.7995 41.8928 42.0293 42.329 42.528 42.9781 43.2013 43.4528 44.1622 44.5068 44.7568 45.1656 45.3624 45.6467 46.1649 46.9844 47.7078 48.0032 48.6522 48.7043 49.2238 49.6376 49.8597 50.7507 51.1958 51.5451 52.0232 52.2571 52.7029 53.7595 53.9255 54.3579 55.3129 56.0535 56.9737 57.5091 57.9358 58.4129 58.8002 59.1704 59.6861 59.988 60.2729 60.698 60.9513 61.0108 61.7588 61.9107 62.3982 63.0099 63.3722 63.8432 64.3995 65.9928 66.4956 66.8976 67.3212 68.1092 68.6722 68.9426 70.7103 70.8505 71.9567 72.7777 72.9774 73.442 74.3785 75.2499 75.5388 76.029 77.1631 78.0699 79.1591 79.6332 80.3171 80.7253 81.1322 81.527 82.121 82.8272 82.9334 83.9219 84.3701 84.7647 86.4993 86.7209 87.2837 87.424 87.8689 89.1804 89.5712 90.3381 91.0133 91.4604 92.5961 94.9009 97.5798 98.5684 99.3965 100.0925 100.8464 101.1774 102.1461 102.884 103.477 105.0248 105.8418 107.574 109.2112 109.8933 110.1354 110.8905 111.3871 113.131 113.3243 113.7068 114.8683 115.5889 117.4707 118.5716 119.0702 121.4566 124.0567 124.7292 126.2416 127.3895 129.1134 129.7562 130.7326 131.7479 131.9567 133.8739 134.5105 135.5266 136.5117 138.0542 139.7139 140.8395 141.8189 142.5854 142.8377 144.6251 145.1713 148.4679 150.0755 151.7152 151.8757 153.2425 154.3603 155.0663 157.595 159.4278 161.1102 161.3456 162.4511 163.4728 164.6064 166.3241 167.5911 168.4032 169.3569 170.4065 172.6205 172.7646 175.8871 176.4968 178.9978 180.131 180.7056 182.0523 185.2554 186.821 188.4582 189.9794 190.5034 192.1028 192.7598 194.884 198.7923 199.183 200.0884 201.9586 203.1671 203.5661 208.9928 210.7219 211.5193 214.5975 215.567 217.287 218.9617 219.6718 223.0158 224.0788 224.9267 225.5768 229.9897 232.5855 234.5303 236.7519 238.8685 240.2139 241.3572 241.9626 243.9827 246.905 248.6222 249.6724 250.2269 251.8472 253.5656 256.5625 258.6053 260.4346 262.6158 264.6436 267.2837 269.8663 272.6233 274.5473 276.4085 276.9884 278.1396 281.2191 282.8153 287.1411 288.3443 290.7875 292.6722 293.7121 296.7169 298.4144 302.1571 303.6025 309.1669 312.6658 314.8963 317.2631 319.1917 320.1508 321.8676 323.0654 325.4437 328.207 329.0391 331.6933 338.7275 339.3962 341.2205 343.7028 347.8424 349.3036 351.7403 357.3612 365.2422 367.5986 369.5336 370.3138 372.9109 374.2066 378.6609 383.1507 387.7257 388.7071 395.0472 396.6725 410.3006 419.277 422.1904 424.2711 425.589 428.087 434.9426 438.1685 444.0985 447.5787 456.7187 463.4233 473.1763 474.9938 476.9543 478.7649 481.4551 487.9608 491.3751 498.8956 500.6946 510.1131 518.3228 524.6315 524.8144 530.8446 531.2709 533.2201 538.364 544.6893 549.8787 553.0437 559.8392 560.3315 569.668 575.3608 577.0771 581.9057 585.8524 589.7458 598.1819 626.9304 647.079 650.6211 655.1149 660.2506 680.3215 684.9663 692.895 706.984 709.2657 717.187 718.5387 726.152 728.7927 740.2723 742.9764 752.9316 767.0716 777.2283 780.4292 784.6128 789.197 796.4286 800.5104 806.4298 815.2366 829.6195 833.2574 844.8522 862.6473 867.2254 868.3236 874.9244 880.2942 890.4409 901.8 912.6447 919.6578 926.5753 938.8985 949.6522 955.5062 967.0821 974.663 982.0802 993.8979 1006.2249 1017.3358 1020.2989 1029.6536 1055.4467 1066.8371 1072.4194 1088.6963 1098.2831 1112.8107 1133.724 1137.6374 1153.1859 1171.7992 1182.6241 1203.6315 1209.7756 1236.3699 1246.4349 1251.6421 1266.6673 1278.0706 1282.7684 1299.6756 1305.8866 1341.5952 1369.9925 1385.5455 1422.6324 1433.8873 1441.2425 1470.8594 1489.5104 1500.9628 1509.0496 1532.2301 1546.9177 1570.3901 1596.9864 1622.4615 1640.0193 1648.2577 1676.5941 1678.413 1689.1772 1720.0941 1756.4934 1804.7447 1847.4813 1917.3474 1955.2328 2002.523 2080.4279 2085.1866 2091.0758 2160.0163 2269.2488 2365.0963 2395.0684 2417.8045 2478.691 2527.4698 2666.0311 2723.0543 2732.0123 2765.8463 2788.2854 2836.5708 2883.2115 2907.9687 3140.8344 3164.211 3232.4139 3336.6261 3403.445 3472.89 3532.1659 3565.8629 3682.8755 3793.4381 4246.5625 4745.8558 4791.3441 4898.9079 4948.3295 5365.7433 5393.6336 5479.6593 5607.6472 5953.3811 5981.6063 6571.1063 6599.2555 6756.5352 6824.7943 7850.6416 7900.8718 8398.7338 10370.6202 10651.4593 15224.7331 15641.201 16004.5782 16299.7656 17024.3348 17853.6971 18891.0207 19645.9653 22083.7148 22767.625 27043.739 36596.384 37512.9514 40757.4339 41388.8557 56898.8306 65383.2156 102414.4234 107584.4902 142118.3908 158215.8889 267402.4816 318795.5952 987949.4123 


