%%MatrixMarket matrix array real general
1000 1
-3.48325418752778093e-03
-2.18104968486762356e-03
-3.80434224062250635e-03
-3.97354050754285173e-03
-3.96900790209109289e-03
-4.19310775704114218e-03
-3.52076800014705996e-03
-1.33060850313315021e-03
-6.55185433039327889e-04
-5.65920408913991998e-04
2.96713693195184728e-04
-2.68340385842503202e-03
-4.10702174732638283e-03
-4.71969598784475076e-03
-4.61025810652052406e-03
-4.04872729633679474e-03
-4.18613073600768680e-03
-2.36223181078875971e-03
3.61927612443304746e-03
2.47422346151017622e-03
-1.69551012439022632e-03
-2.18868658513890349e-03
-3.53447669398523163e-03
-3.68302198665731257e-03
-5.08059191157329837e-03
-4.86665637710051273e-03
-2.97996618449858797e-03
-2.60655329977778957e-03
-2.95387788102835025e-03
-3.26169737191424249e-03
-3.23301508662420922e-03
-2.24981611800991734e-03
1.12916741136388516e-03
-3.51102377376484153e-03
-2.83090430108243587e-03
-3.38290310047439664e-03
-3.10628082118368995e-03
-3.39163589785424976e-03
-3.41128743685965245e-03
-2.18371800894615531e-03
-3.69334827939445456e-03
-3.69520957550908058e-03
-2.19248945592174799e-03
-1.96700333015836131e-03
-2.81314582838663270e-03
-2.63529602241169454e-03
-1.97641155564646804e-03
-8.69992720132657703e-04
9.60377590104750109e-05
2.49330273589983106e-04
4.58473246643618330e-03
-6.99097694322366940e-04
-1.81683258166059642e-03
-1.88555899617733145e-03
1.48895865990330244e-03
-2.49143919831361707e-03
-2.94159718946006678e-03
-2.83884825284112970e-03
-3.47525625184920721e-03
-5.90174982799107975e-03
-6.16061372788658836e-03
-5.72161959515026831e-03
-4.13213317189490593e-03
-3.95784287659868474e-03
-6.63697099118827280e-03
-6.01227767013143982e-03
-5.98831588224481813e-03
-7.21012518990017583e-03
-6.51739075028305061e-03
-4.15468366064747179e-03
-4.86567826490082005e-03
-4.01148798279328100e-03
-3.98511094804269213e-03
-3.74359181402461952e-03
-1.32460679617675266e-03
-3.12101453894213189e-03
-8.44454672590608073e-03
-9.41686287521426892e-03
-7.84073649850862073e-03
-7.23157525352093305e-03
-5.32019323251695445e-03
-3.74691554283044809e-03
-3.56894455224397202e-03
-3.33634063017083362e-03
-5.45007566469788134e-03
-5.08260161046107141e-03
-3.88817029192937372e-03
-3.34342561979641744e-03
-3.53690752023862924e-03
-4.06667390637374584e-03
-4.48226973156694124e-03
-5.20350183999003166e-03
-5.47179986900538703e-03
-6.17372331960380251e-03
-4.29070965942815290e-03
-2.52474972938946871e-03
-1.82925151294791814e-03
-2.78334309387605816e-03
-3.34205958710716592e-03
-4.94995394737163339e-03
-4.67934994449458255e-03
-7.18279635853122204e-03
-7.47785476055823784e-03
-4.78132261766952595e-03
-4.91918861372524783e-04
-6.54039065676492596e-04
-9.95774675672408049e-04
-1.11907738726226003e-03
4.73630082755317067e-03
3.69782565038246670e-03
1.52540494632721945e-03
1.51994756374077477e-03
6.83686172094059678e-03
4.73651629444545811e-04
-2.05647143052650402e-03
-2.30396978162480427e-03
-2.29680108980046200e-03
-3.63814305113793063e-03
-5.05320313550132721e-03
-5.43095282678208308e-03
-4.28106871719869872e-03
-4.98190991556954517e-03
-5.23433772494388914e-03
-5.06805378551075485e-03
-1.65944833995033438e-03
1.20634379866611037e-03
-2.77270474143036542e-03
-1.95460549843189373e-03
-2.23000864776039514e-03
4.60080758458133727e-04
6.57700897755105797e-03
1.44294971728397853e-03
-8.31670589086137466e-04
-4.03079979879606646e-03
-4.60223902896196493e-03
-5.10549625223705866e-03
-4.43010947013344585e-03
-3.68500740271120305e-03
-2.23538803305521833e-03
-2.14700895040947871e-03
-1.25444588510209174e-03
-1.95721080713208775e-03
-3.07053537370315403e-03
-2.92956380974784044e-03
-7.85084979011041418e-04
-1.56935667342838895e-04
6.41414455305484594e-04
7.83086872462193662e-03
4.26934127581144601e-02
5.92444129390865409e-02
1.51454747663930279e-02
1.50352802127607971e-03
-2.12848677281221935e-03
-2.83029928095397459e-03
-3.11574416623906000e-03
-2.63551027529902422e-03
-2.22352767151348532e-03
-1.42697177295362425e-03
1.88406475219956128e-03
2.05593840688351515e-04
-2.63249544365085943e-03
-2.99447145704543043e-03
-1.32283722392609890e-03
-2.25897722730507462e-04
-6.90461544884003763e-04
-2.35091677172777954e-03
-3.12713676000400806e-03
-4.80976500083240329e-03
-4.68516378426681555e-03
-6.44592715208392678e-03
-5.27462325204210072e-03
-1.49246764319960960e-03
-4.74244308357892898e-04
-1.18136454105423425e-03
-3.02637512263429593e-03
-2.81101206132329529e-03
-2.50375709569562038e-03
-2.56847540773271757e-03
-2.21719830976256724e-03
-4.41661543511771761e-04
-2.71509650783097461e-04
7.77375777172493593e-06
-1.32338973802651762e-03
-6.32955191957631255e-04
-1.48273553850235599e-03
-1.39439845527431806e-03
-1.24164110977773240e-03
-2.95603140132553923e-03
-3.64545946880119381e-03
-3.45351548419507498e-03
-2.86380176854138593e-03
-2.96703291355849804e-03
-2.01767515672970996e-03
1.27476232298177096e-02
5.28451387007204156e-03
3.56285688365778072e-03
1.24927192645956382e-02
1.38120374666888639e-02
7.52822284076064708e-03
5.24499227126740478e-03
-7.29880983172928079e-04
-2.71972847514575112e-03
-3.32960028676659338e-03
-2.15722743465485102e-03
-1.37276339209311334e-03
-2.08295249325928878e-03
-2.77712994954247777e-03
-2.70160571873273147e-03
-3.59872706706281919e-03
-3.00846763955917376e-03
-2.50454734317767744e-03
-2.46331419162304369e-03
-2.51126306440192099e-03
-3.15301131052581540e-03
-3.08213168203429373e-03
-2.41007364595043853e-03
-2.39507698336832416e-03
-3.15786958599953080e-03
-4.24403078005950590e-03
-4.21674813511932652e-03
-3.55153966255917358e-03
-4.32612974950380771e-03
-5.11262413194828614e-03
-4.91331004748165028e-03
-6.21252469385037871e-03
-5.39186465197435006e-03
-4.36432693253753848e-03
-4.68397461375201322e-03
-4.14700259680481163e-03
-2.78289798174844978e-03
-3.55335449802733974e-03
-3.61217398392249664e-03
-3.44860429782820142e-03
-4.80811011528386664e-03
-5.62697132558507337e-03
-4.27460458729137134e-03
-4.22625789737197249e-03
-3.95897188404150963e-03
-2.34950502069514351e-03
1.67520495853998395e-03
2.85321983687272709e-03
1.47361375459675176e-02
5.44838044872673118e-03
3.63479339515118704e-04
-1.88467254654960418e-03
-4.23780067517627937e-03
-4.49581307115166310e-03
-3.17802107827707889e-03
-3.06258713020629786e-03
-1.90425903800510161e-03
1.44492438999379615e-03
5.20945822774884770e-03
1.32112256135409646e-02
1.52953197780050162e-02
1.45833794233463047e-02
1.55439215542719395e-05
-1.63489321113953218e-03
-4.23146027038693771e-04
-1.62418595073535020e-04
4.13031037190291818e-04
1.67073879285677259e-03
2.69049114677420362e-03
2.48563001281375305e-03
1.41239680428123992e-03
4.84248216389431441e-04
-2.25656117979019155e-05
-1.70953133433215948e-04
-4.27172682638881751e-04
-3.16594979513854348e-03
-4.20331159085414029e-03
-4.88100763400750592e-03
-7.16083905891114290e-03
-1.36807027006153013e-02
-2.98203227579493767e-02
-3.66737246012122653e-02
-3.10876390117210966e-02
-2.25947610725656806e-02
-7.77502999789522753e-03
-6.44206805493961841e-03
-3.67138087124555500e-03
-1.08359660703239769e-03
-1.42463868875293055e-03
-1.34721156272647508e-03
-3.88037722740823023e-03
-4.41857386514478683e-03
-4.18172586291573091e-03
-2.69023841581678830e-03
2.04193449434835177e-03
5.80698946279913260e-03
1.87349916284811381e-02
1.17199096407667982e-04
-1.25585252340503872e-03
-2.66172043323189503e-03
-3.73128908900289191e-03
-4.13635695171925364e-03
-1.74627607392251888e-03
9.33944887697364320e-04
-3.80595117798076393e-03
-4.86738762048904289e-03
-4.55901084872983430e-03
-2.95187818177539141e-03
-2.71378029308970729e-03
-8.34430295385231078e-04
-3.54487255881286633e-03
-3.42282040286709908e-03
-2.87688121197314343e-03
-7.88023236383152094e-04
-7.12287843954077229e-04
-6.33951189420965406e-05
1.96874074166074526e-05
6.52512786384854427e-05
2.98106029205108276e-03
-4.30538545314794788e-04
-2.15441802560151089e-03
-1.98733225294590605e-03
-1.57682663376501196e-03
3.70357413730533101e-03
-7.34967443716491174e-04
-1.47981692333812569e-03
-3.18330376181289419e-03
-3.82128340552369576e-03
-3.03899148218195842e-03
-4.71164327323430178e-04
1.51375501211869590e-03
-1.24154467669536188e-03
-2.53997684480351902e-03
-2.35223582831957032e-03
-3.80859145904845252e-03
-3.19923816820186615e-03
-2.70733827351288259e-03
-4.27033386304754691e-03
-2.80115412862991893e-03
-1.15571001568157291e-03
-2.62335651050294577e-03
-2.47899769587011081e-03
-2.70637275481392737e-03
-1.18739509361058472e-03
-8.25092687396787746e-04
-3.02741772183186221e-03
-3.52817622075550941e-03
-4.62725497001865733e-03
-4.85221502750070571e-03
-5.11728470099755226e-03
-5.11362763820689872e-03
-8.49395511855530888e-03
-6.51112682012350893e-03
-5.28971175233116948e-03
-1.07756178103272406e-03
-1.28330417371962839e-03
3.61513824315936759e-03
5.46284623754785242e-03
1.08863767602988253e-02
8.38724867579731560e-03
-1.10271849054085548e-03
-2.89535010084776123e-03
-4.36917243566973135e-03
-4.98228859416949624e-03
-5.10679128716672211e-03
-3.46332294879389459e-03
-2.08404725900684972e-03
-1.09624084474869272e-03
-3.05373480814743505e-03
-3.83961176360310928e-03
-3.68853165262215867e-03
-3.65879806184485909e-03
-3.69687437052551755e-03
-2.41916118150464462e-03
-3.02044937656662741e-03
-2.14284302661395254e-03
-1.04652887990779476e-03
2.87662647302245819e-04
-1.94034680436066804e-03
-2.02034197188659132e-03
-3.75438775457802212e-03
-3.91383951294294388e-03
-3.63495424959522136e-03
-3.01203322520362778e-03
-3.41852639006282261e-03
-3.56455714490914403e-03
-4.70961282033919085e-03
-3.84765394814101961e-03
-4.18028279350294695e-03
-4.10935692223559062e-03
-4.54022946834155110e-03
-3.99633674486742085e-03
-3.19984363871051629e-03
-3.04935604591645209e-03
-3.72763019882497732e-03
-3.37056149915765943e-03
-3.60758805125526837e-03
-3.23680330160765108e-03
-3.16446928036150186e-03
-7.10722375412295546e-04
-2.35447801917987526e-03
-2.96860649481175010e-03
-2.94260220242082695e-03
-2.49224573725227586e-03
-2.98678597158576762e-03
-2.47482760933168382e-03
-2.70993171355240212e-03
-2.19853170103057396e-03
-3.97453951772868460e-03
-4.34311324503014028e-03
-3.32559415436112357e-03
-3.20036412021400133e-03
-3.03680721600107020e-03
-2.06268808144815510e-03
-1.94569560967197881e-03
-7.58715619581562246e-04
4.21671488950955877e-03
4.49191780852663822e-04
-9.76820318643024498e-04
2.93869118660955615e-04
-2.69158532293994413e-03
-4.06138721691773341e-03
-3.68110888258425762e-03
-3.05154733471356366e-03
-2.70510476786943238e-03
-2.98205848079138467e-03
-6.59825531765179042e-04
3.51674542370906739e-05
1.52494329176555699e-03
6.40927400996543512e-03
-2.30037754062847356e-03
-3.91853849145388979e-03
-4.12010287048414272e-03
-2.66393439043310703e-03
-3.13094613727784741e-03
-8.62099056666324479e-04
-3.18133737696184651e-03
-3.49267660290883755e-03
-3.87410003855307621e-03
-3.31782687064344217e-03
-3.32971957506023259e-03
-2.86527357546372159e-03
-2.11511935279243973e-03
2.91666181842904553e-04
2.48538771129682128e-03
7.70268741237495162e-04
1.89710924127728142e-04
-2.65170262505250685e-03
-3.60432970662485919e-03
-2.78443115264302146e-03
-2.92757611007214008e-03
-3.73303219125809427e-03
-4.25778631705023714e-03
-3.86722060395944429e-03
-3.12713557148876307e-03
-2.11651312384403094e-03
-4.69128455010865112e-04
1.82416246977106975e-04
7.79797307796175222e-03
7.41258771894392782e-03
4.13047787313774659e-03
-9.76007077014978008e-05
-6.42541499294100042e-04
-3.47755291298962538e-04
-1.14290661863268041e-03
-4.91541652289499611e-03
-8.79703312343752854e-03
-1.06639115844489787e-02
-8.17805245754809479e-03
-6.06471126435313094e-03
-4.62450851211765324e-03
-3.79458996537410369e-03
-1.80876792090935807e-03
-1.06705414560832336e-03
-2.65093864765031601e-03
-1.66780388877261088e-03
-1.27472308525360904e-03
8.07327300032062499e-04
7.79416704325400830e-03
4.73615487400524601e-04
-1.79904002005166217e-03
-3.56768864791057270e-03
-3.62272943575303423e-03
-4.10381926153309800e-03
-4.01982073864227615e-03
-3.93411515601410980e-03
-3.52730653322239464e-03
-2.47062639764591583e-03
-1.89498280739992483e-03
-1.30982116818973392e-03
-1.90756068598879592e-03
5.59393714500644707e-06
-7.25129663204968620e-04
-1.30431487805387548e-03
-2.53771828225295148e-03
-2.20565591210856570e-03
-2.52576595713327728e-03
2.90878046249624846e-04
-2.28779590455471164e-04
-2.85101121516465484e-03
-3.61091041555408263e-03
-3.18946494888903281e-03
-4.49924855170876154e-04
-2.23470102812537395e-03
-2.15321052197502225e-03
-1.03357488808655373e-03
1.09344703245125522e-03
-2.42861368368719023e-03
-3.88831152285042461e-03
-4.06364886621201488e-03
-3.12591522231630984e-03
-3.41203900983919799e-03
-1.91946548698642165e-03
-1.47506508223921588e-03
-1.71408377256173652e-03
-1.35413594689133771e-03
-2.95825153602231243e-04
1.14963939310936607e-03
-1.08487646523332476e-03
-1.13576977310360263e-03
1.05569753414614114e-03
-2.10999660932402163e-03
-3.20990504640886057e-03
-4.31762333370979984e-03
-3.98053314418381557e-03
-2.99845972745780382e-03
-4.51103372269012932e-03
-4.05925648483079684e-03
-4.66291401266827506e-03
-3.14445271704723696e-03
-1.15816418101449123e-04
-1.60224223705401382e-03
-3.54007090389717258e-03
-3.60533203459913187e-03
-4.73384541377510053e-03
-4.14335633770897879e-03
-3.08084435786624847e-03
-1.69695724401649844e-03
-2.71071423227735482e-03
-3.78488820115541105e-03
-3.83404964431257244e-03
-4.06499498808677358e-03
-4.64383050305238430e-03
-3.12492869596879899e-03
-3.16023169335715934e-03
-2.95538929280305144e-03
-1.03097210621011428e-03
-2.16597298156325987e-03
-1.91694060811011739e-03
-3.05257944615281969e-03
-4.38787986488758421e-03
-3.59820769975934722e-03
-3.11291169479559725e-03
-4.26010404173850568e-03
-8.65365285478428975e-03
-1.80720651628657448e-03
9.59727125996073446e-03
4.44749654116836143e-03
9.55300585923413918e-04
-2.67609949270382656e-04
-2.05064667427079560e-04
5.51422973964478492e-04
5.48347757516542880e-03
1.45052351376021710e-02
9.41080437253636790e-04
-1.89761962483293639e-03
-2.83776651987262870e-03
-3.46463920531939803e-03
-3.32560256313668007e-03
-3.79373585825033442e-03
-3.94038837592550380e-03
-4.20856357649351982e-03
-3.85902593456539239e-03
-3.27261530932658126e-03
-2.86545399959255327e-03
-2.41619575608761905e-03
-2.44497739242709828e-03
-2.96563092924716004e-03
-2.60280076195941370e-03
-1.87861091701628318e-03
-3.20112050231320796e-03
-3.63596943533171010e-03
-3.28787246625050289e-03
-2.45044914703574290e-03
-3.53161463737635848e-03
-4.52809874802443009e-03
-3.56711631957332088e-03
-4.53991081232281435e-03
-4.88909664433840024e-03
-3.32907438997809453e-03
-3.52496383194106713e-03
-1.77119442040545418e-03
-6.42102745943931271e-04
-3.01541765237480679e-03
-1.91795363629869453e-03
-2.65361448688284729e-03
-3.84857786426927913e-03
-5.75087103852692412e-03
-6.38148178074744721e-03
-9.03715520104826468e-03
-9.48861787872215534e-03
-7.15318116218323363e-03
-5.97787783807401073e-03
-5.28944426079166335e-03
-5.12989570717307941e-03
-2.89142477061202826e-03
9.16305258186303462e-04
2.11797781946397156e-03
7.86213238289252712e-04
-2.76667071341501558e-03
-3.22385998012767296e-03
-3.13114812479023744e-03
-2.44711294464908810e-03
-2.46256135390819381e-03
-2.46261379273975687e-03
-2.87189868691150674e-03
-3.13740968244071534e-03
-3.64848741401376528e-03
-3.35039483106604587e-03
-2.62618240304475069e-03
-3.21868836235109741e-03
-2.72457299908309639e-03
-1.00783497083109649e-03
-5.35802293088162942e-04
-2.07014037220695866e-03
-2.12371174180212875e-03
1.19206786096926571e-03
-8.08783836547673891e-04
-1.72422149999758366e-03
-3.04245927779388898e-03
-2.77755347174665984e-03
-1.54109658804635775e-03
1.87361632774601179e-03
5.86707561139961607e-03
8.55101887276067847e-03
1.67917206210588393e-02
1.29646700948405080e-02
-4.31265537854031412e-05
-1.42864219051807152e-03
-2.07445802594593068e-03
-2.03841468869444273e-03
-2.96252918375972335e-03
-2.61043045677359720e-03
-4.19545862892342029e-03
-4.08433780345908784e-03
-2.43364616710103464e-03
-4.32808129204771339e-03
-3.49578178736142985e-03
-3.91268801234038750e-03
-4.43179602092688436e-03
-4.78287706398162257e-03
-4.38728894929416458e-03
-5.77220175842608780e-03
-4.80768959669735860e-03
-2.85614393917298657e-03
-1.61339729031845908e-03
2.66464387595542057e-03
2.11979483969727432e-03
-1.20536925631545668e-03
-2.01391531533194005e-03
-9.67883485108423595e-04
-1.85307596814558327e-03
-1.69224470092621906e-03
-1.09004594078825935e-03
-1.47653899256753544e-03
-2.38586725907535650e-03
-3.36177009250977332e-03
-4.91487006740023036e-03
-6.25163681137853779e-03
-4.46589738755503573e-03
-3.80130360077088640e-03
-3.61325699843637613e-03
-2.93012192702238241e-03
-2.84892713532256545e-03
-1.49633375643127469e-03
-3.33081556709554933e-03
-8.88513426064074601e-04
-8.75804274188830595e-04
-5.37689893394583404e-04
-4.64519455750856639e-04
-1.45295059663781738e-04
-1.02172542673948253e-03
1.83004004723808390e-03
1.06403356422413425e-03
-7.80972873453192264e-04
-2.93835373239981299e-03
-3.44130432100491239e-03
-3.74468249303165071e-03
-3.94432116081652306e-03
-3.55327697233369854e-03
-1.65465570068684220e-03
-1.70805208521476347e-03
-1.37156900894955746e-03
-5.69397626960333868e-03
-5.29787967652052810e-03
-4.46363672386424284e-03
-4.60129949474748830e-03
-3.30832580178515821e-03
-2.02384921575573347e-03
-9.31821122541343929e-04
-2.05236700023783778e-03
-3.56088294972685534e-03
-5.95808686230275050e-04
1.16711140582343429e-03
-1.18398493711599950e-03
-3.15535895533255702e-03
-3.66107159188675934e-03
-3.49273658741699414e-03
-2.70947066054177347e-03
-1.65108524702699115e-03
-2.43266811520541620e-03
-2.32097339526025469e-03
-3.68816382474928877e-03
-3.37189768482168287e-03
-2.30097097688490484e-03
-2.53950984774360374e-03
-3.22259487233130665e-03
-3.83828808061147239e-03
-3.08210667066787262e-03
-2.17132474358689397e-03
1.62389460676566405e-03
2.37415456631727200e-03
5.97131181870543416e-03
1.36318094819656691e-03
7.61668218565349697e-04
5.02832629465905655e-04
-7.06272558880665030e-04
-1.72867470017463434e-03
-3.76198712610389518e-03
-3.85841130080821727e-03
-3.54731569540446719e-03
-2.55365701193520454e-03
-1.48023147561025803e-03
-3.63222481291253880e-03
-5.45279373145936101e-03
-7.61930530282945578e-03
-1.15607696936724461e-02
-1.13456211890805569e-02
-1.09264329006596404e-02
-6.32851392087476709e-03
-4.53673812819832285e-03
-4.70747733853243283e-03
-1.36549692599848569e-03
-2.99514150757640982e-04
1.31615750370660213e-03
-3.23153153746187942e-03
-4.57526718495289506e-03
-4.79500119097225029e-03
-3.46467587152165775e-03
-2.75674472971507243e-03
2.11259427142322710e-05
-2.41635669189192281e-03
-4.27243832133641921e-03
-5.22199298750827042e-03
-5.53158306732896149e-03
-4.15166383561706674e-03
-3.22203774876396844e-03
-1.20735868608255162e-03
-8.42964915168671722e-04
1.15242645919435283e-02
6.27393202926407193e-04
-2.35932667256697880e-03
-3.93160433702351760e-03
-4.19470048992943035e-03
-4.45594707502833167e-03
-2.87290824101440979e-03
-1.30861489394863023e-03
3.57098396373106697e-03
1.79427553563625791e-03
5.51923275655365675e-04
-2.73643290494226870e-03
-2.50079067723161423e-03
-2.84894351163229387e-03
-5.32565613494068689e-03
-7.30542886300243263e-03
-6.00724836838527603e-03
-5.83944910862374718e-03
-4.64094373897526880e-03
-4.32620162709167026e-03
-4.10603409640595586e-03
-4.28487348607860859e-03
-3.69751574854646674e-03
-2.21332621458980019e-03
-1.54548145504625049e-03
-3.18749581716015230e-03
-3.79953064512061987e-03
-3.36164603597420911e-03
-3.16469580902685671e-03
-4.16090302404794991e-03
-5.08795179202474815e-03
-4.27514723993654196e-03
-3.78789645381459551e-03
-4.15579710654947945e-03
-4.32182375141486937e-03
-3.60923852048070787e-03
-1.78247789516064285e-03
-1.59215807849933852e-03
5.29614600853735382e-03
3.34364486860186860e-03
2.38998318223621097e-03
-3.18764303512181126e-04
-3.12928496006471910e-03
-3.87128409932459110e-03
-3.75579751127562769e-03
-3.62216770559202483e-03
-4.86644473162203568e-03
-4.89780455018758339e-03
-2.59048079100695572e-03
-2.59040959911845114e-03
-3.50744412644476023e-03
-3.59140280647535400e-03
-3.92843877957764920e-03
-3.21339561342731152e-03
-2.89580600730676751e-03
-2.53096744840245304e-03
-2.75930051508475882e-03
-2.90636595916685158e-03
-1.87166847688262383e-03
-8.82464361865208818e-04
-6.05535720513725693e-03
-7.90558193433162776e-03
-7.60017840157077747e-03
-5.66557929038969885e-03
-5.60617309300802738e-03
-6.27333102679477651e-03
-5.74429962131686386e-03
-5.93216876364575062e-03
-7.13680238226014740e-03
-1.33167129613001450e-02
-1.41476611040095585e-02
-1.08796871202548814e-02
-8.63511429610636615e-03
-6.32217982471049156e-03
-3.55460381799827451e-03
-1.06443152672293330e-03
-2.38576874601457815e-03
-2.41741502214881448e-03
-3.34177923874796889e-03
-3.00255510591700397e-03
-2.06155736253688191e-03
-3.29494810020836831e-03
-1.71642745700185907e-03
-1.99476425174526482e-03
-1.20529205297763284e-04
-4.64607830901875470e-03
-5.84445816816668053e-03
-6.61456944162971960e-03
-8.13489667853095101e-03
-8.94546770075289530e-03
-9.88462497353314977e-03
-1.49468601982584992e-02
-1.55089571248625355e-02
-1.34260729027093975e-02
-7.34697616530964256e-03
-6.48563309981335656e-03
-4.72096563705567702e-03
-4.97913082887030747e-03
-3.89461587546375155e-03
-3.72565364704103294e-03
-1.74371138437309846e-03
-3.42317183194930244e-03
-3.22019685341760160e-03
-3.24857989798792764e-03
-2.45677333036542272e-03
-3.79413930003265430e-03
-4.69730130224844944e-03
-4.70014238699107377e-03
-5.19433587062854540e-03
-3.53627670473867853e-03
-3.08267556356488269e-03
-1.32175499773633503e-03
-2.67588172233313056e-03
-2.46187143692842402e-03
-2.22099484431749570e-03
-2.74925948826206402e-03
-2.60561433293121127e-03
-2.84762014955081914e-03
-3.33344586998599729e-03
-2.31960087547812034e-03
-2.93178335887540583e-03
-2.66265922669801664e-03
-3.32997341254865969e-03
-3.69378819346673215e-03
-3.66669175613054633e-03
-2.39540727662850440e-03
-9.13436871348873047e-04
-7.53607074229250889e-04
-1.97030886237075471e-03
-2.45846095249640639e-03
-2.59114678855679832e-03
-2.23438097447012374e-03
-1.49235656581597070e-03
-7.57093027917233111e-04
-1.11886189927018335e-03
2.52451768006370239e-03
-6.43125449202372381e-04
-4.01242861890586076e-03
-4.47061265576013771e-03
-5.70765646496797490e-03
-4.84872175435482628e-03
-4.29886947159639245e-03
-4.37920971714242466e-03
-5.07489037166777412e-03
-4.15873835846083430e-03
-3.27564531160604673e-03
-2.03814453675554624e-03
-9.29555120004373070e-04
-1.52630132937746051e-03
-6.84653078264351833e-04
4.69557732797882762e-04
3.07950328438176416e-03
3.32186128024282478e-03
-2.03934325462555100e-03
-3.96431428906279890e-03
-4.74104691158817610e-03
-4.88502920165490625e-03
-6.40308019381112883e-03
-5.36151640078429137e-03
-4.23302928446975604e-03
-3.09101237389976810e-03
2.44488191128729225e-04
9.38398222804057332e-03
8.91548233146794919e-03
1.10803623879112204e-02
2.40361460444142201e-02
6.78871460541742577e-02
1.28779496740708654e-01
2.87102417559471246e-01
5.51202148145359838e-01
6.11809743435737130e-01
4.22125026829964112e-01
5.59425501470881895e-02
9.86107351635596291e-03
7.15771239768823227e-03
1.90367060962055076e-03
1.65733225578239881e-03
6.90443141043431386e-04
2.30313783384782471e-02
7.89604294130474282e-02
5.26292084728030088e-02
9.14310138606147862e-03
6.33004165955387745e-03
4.75491518962337795e-03
1.13523601519393657e-03
-1.37505924389507567e-03
-1.60002105239198948e-03
-2.35406992215963411e-03
-2.58716663464275643e-03
-2.56587009424880108e-03
-1.03620804174898930e-03
-4.13038995405275253e-03
-4.32221620815892785e-03
-2.19667095798590150e-03
1.41519338842645693e-03
-1.56720037492108217e-03
-2.84140249271204893e-03
-3.19859537552821642e-03
-3.39508448794101792e-03
-5.20014534550102946e-03
-5.56686778857003704e-03
-4.66102703278177544e-03
-3.01806355939853539e-03
2.30243389420339362e-03
-3.39026040288035579e-03
-3.44665479404883445e-03
-1.92594459176100951e-03
-5.32036349284379794e-04
1.23853595070059965e-03
2.50065719077645679e-04
-1.76207236127472926e-03
-3.51969435682303192e-03
-4.05395458863948982e-03
-7.31327882949747970e-03
-7.55249178211059649e-03
-8.36237347531149089e-03
-7.62133337608099544e-03
-4.84862615601145287e-03
-4.56076542458000705e-03
-5.15427802838610335e-03
-4.89698833321589814e-03
-4.88102748014916394e-03
-5.78800886973355241e-03
-5.91834681456162789e-03
-4.19906055153513712e-03
-3.63851791164553811e-03
-9.98952352008002607e-04
-1.86143439055240110e-03
-2.18851071854406394e-03
-2.08551594466374656e-03
-2.50330140075852303e-03
-5.20843355925360257e-04
-3.70819953736719514e-03
-3.57439844953408433e-03
-2.58700981678949967e-03
-3.56682771036083771e-03
-4.28868002898779525e-03
-2.33713966172352039e-03
-3.70506594668006594e-03
-5.49813454022228445e-03
-4.87479681123008379e-03
-4.16411639180436742e-03
-3.17899947797206347e-03
-4.54653318424563368e-03
-4.71405243129239572e-03
-6.78996737872646257e-03
-6.57958915937175825e-03
-4.97976174522501286e-03
