10 3.92464e+11 1.1826e+12 2.58515e+11
20 1.25666e+12 1.11749e+13 8.13001e+11
30 2.84294e+12 5.06752e+13 1.77695e+12
40 5.19524e+12 1.87062e+14 3.05709e+12
50 7.18162e+12 2.79851e+14 4.22654e+12
60 9.30887e+12 2.75543e+14 5.43176e+12
70 1.09042e+13 5.17513e+14 6.3773e+12
80 1.28259e+13 9.44058e+13 7.38013e+12
90 1.54318e+13 1.19549e+15 8.60769e+12
100 1.74121e+13 1.20927e+15 9.4744e+12
110 1.92796e+13 8.23538e+14 1.01903e+13
120 2.11124e+13 4.13888e+14 1.10168e+13
130 2.28295e+13 2.50751e+14 1.17166e+13
140 2.46604e+13 2.78912e+15 1.25043e+13
150 2.66378e+13 2.81412e+15 1.33096e+13
160 2.85144e+13 2.67284e+14 1.40182e+13
170 2.9932e+13 4.09075e+15 1.46802e+13
180 3.14594e+13 1.7408e+15 1.53167e+13
190 3.32371e+13 1.00241e+15 1.61293e+13
200 3.45988e+13 4.59214e+15 1.69076e+13
210 3.66197e+13 1.3253e+15 1.79909e+13
220 3.85514e+13 2.24202e+15 1.90032e+13
230 3.99453e+13 4.54897e+15 1.97928e+13
240 4.1276e+13 4.83557e+15 2.06011e+13
250 4.27935e+13 1.73198e+15 2.14158e+13
260 4.38272e+13 6.66216e+15 2.20244e+13
270 4.47979e+13 4.93224e+15 2.25522e+13
280 4.61301e+13 1.06986e+15 2.32449e+13
290 4.72659e+13 2.47651e+15 2.39951e+13
300 4.85429e+13 4.52555e+15 2.48503e+13
310 4.93566e+13 5.25682e+15 2.53484e+13
320 5.11295e+13 5.83832e+14 2.63274e+13
330 5.18616e+13 4.00263e+15 2.68402e+13
340 5.2728e+13 6.69758e+15 2.73937e+13
350 5.43986e+13 4.01777e+15 2.84037e+13
360 5.52957e+13 1.18692e+16 2.90204e+13
370 5.61035e+13 6.21525e+15 2.96581e+13
380 5.72904e+13 5.07256e+15 3.04048e+13
390 5.80151e+13 1.3037e+15 3.09063e+13
400 5.88634e+13 5.2459e+14 3.14118e+13
410 5.9811e+13 1.82272e+15 3.21585e+13
420 6.07526e+13 3.38209e+15 3.28681e+13
430 6.24016e+13 3.75587e+15 3.38366e+13
440 6.35882e+13 7.41158e+15 3.47196e+13
450 6.46337e+13 3.95329e+15 3.54996e+13
460 6.57764e+13 2.79722e+15 3.63808e+13
470 6.7595e+13 1.16767e+16 3.76941e+13
480 6.84239e+13 1.35837e+16 3.81e+13
490 6.98845e+13 3.8077e+15 3.90382e+13
500 7.06967e+13 7.67698e+15 3.94392e+13
510 7.2285e+13 2.14968e+15 4.03084e+13
520 7.31072e+13 1.34357e+16 4.11532e+13
530 7.39678e+13 6.0389e+15 4.18825e+13
540 7.42512e+13 7.17968e+15 4.22119e+13
550 7.52266e+13 1.05492e+16 4.2935e+13
560 7.67287e+13 2.0996e+15 4.39835e+13
570 7.71977e+13 1.6582e+16 4.43407e+13
580 7.81552e+13 1.2187e+16 4.5014e+13
590 7.83859e+13 8.78942e+15 4.52863e+13
600 7.93149e+13 1.53447e+16 4.59753e+13
610 8.00831e+13 7.51092e+15 4.65504e+13
620 8.05782e+13 1.39533e+15 4.72083e+13
630 8.16524e+13 7.30899e+15 4.79256e+13
640 8.29307e+13 4.19008e+15 4.89085e+13
650 8.34668e+13 8.50892e+15 4.93791e+13
660 8.46181e+13 2.3853e+15 4.99696e+13
670 8.61352e+13 8.94987e+15 5.11569e+13
680 8.6408e+13 6.52603e+15 5.1423e+13
690 8.68891e+13 1.69551e+16 5.19881e+13
700 8.8316e+13 1.73794e+16 5.29096e+13
710 8.87464e+13 1.21448e+16 5.2897e+13
720 8.96279e+13 1.81375e+16 5.38607e+13
730 8.99757e+13 1.34516e+16 5.42647e+13
740 9.11283e+13 1.58314e+16 5.50037e+13
750 9.19975e+13 8.32019e+15 5.55629e+13
760 9.26809e+13 3.73249e+15 5.61796e+13
770 9.43352e+13 1.52333e+16 5.70814e+13
780 9.63084e+13 3.96689e+14 5.83711e+13
790 9.79049e+13 4.79608e+15 5.92457e+13
800 9.89989e+13 5.21787e+15 6.0165e+13
810 9.99091e+13 1.36505e+16 6.09559e+13
820 1.01371e+14 3.11702e+15 6.16903e+13
830 1.02749e+14 1.52277e+16 6.24156e+13
840 1.06206e+14 7.7176e+15 6.37305e+13
850 1.06539e+14 2.03673e+16 6.42434e+13
860 1.06877e+14 4.41702e+15 6.46463e+13
870 1.08498e+14 1.7072e+16 6.57504e+13
880 1.09196e+14 5.43841e+15 6.60245e+13
890 1.10802e+14 1.72478e+14 6.7371e+13
900 1.14166e+14 1.36856e+16 6.89546e+13
910 1.13142e+14 1.79378e+16 6.8669e+13
920 1.14649e+14 8.94913e+14 6.97564e+13
930 1.18325e+14 4.76031e+15 7.19522e+13
940 1.20005e+14 7.91665e+15 7.28006e+13
950 1.22515e+14 1.3535e+16 7.41095e+13
960 1.23376e+14 1.88672e+16 7.46497e+13
970 1.2546e+14 7.72725e+15 7.60773e+13
980 1.2595e+14 1.10733e+16 7.59363e+13
990 1.25152e+14 1.41619e+16 7.56296e+13
