%%MatrixMarket matrix array real general
1000 1
-9794.097845804696
-35783.2354233088
60122.56923614464
1895.8029410927359
38809.86268533791
54231.14139052951
33296.063600967274
-9220.667370827088
-25810.54430414405
-7283.190872896334
-22503.896617251445
-23062.79719810107
11280.30113703816
-16668.79286213904
3678.0882954274853
-22450.794086294234
-15806.413036089452
10582.815140563114
24829.118249721836
21277.65164169582
-34977.05734070959
-7505.938724256553
27854.035398467197
26677.172889363414
-10867.378434024198
7914.532926390684
-3826.455391203041
-8024.867146200665
4361.889441230888
-13159.5966491909
25497.04645573002
5804.422104743224
25135.727624422918
-29223.03427214113
7803.425081146467
18730.03338687187
46955.72223173856
-26819.935867932032
5693.092322604517
-18841.04591271356
14830.416099688206
62489.43664838927
14532.117758683029
60873.098406348
-13766.616727128447
-22832.635152852985
-3785.356308575012
3868.1091044588115
-1849.0277726502554
-54937.9062639099
-42986.78217215661
-1113.3963747765727
3665.8773790129108
8434.62458802019
-15407.416885457851
11899.154612618024
23304.54124382978
14034.726300095695
1071.6346005327557
-62.93679979571099
-19762.40480827778
35657.204850885
4164.792708626724
-15300.188014078269
11757.5876260585
-23984.138751302544
-14955.865608606655
-16496.357371033348
17823.96264005287
27150.36361049221
35166.114008847675
-4943.100511781641
22198.715690383728
-36268.06658323562
-10495.329096585121
-3035.4961530471337
-17571.599111220363
16385.174850106225
20430.853910044432
19747.24336615187
-22701.75787561043
6125.845643886577
-34100.37763463087
-12286.769413497665
-68328.68041107575
-33328.83271897975
13327.368134329772
-2560.0052563993827
17020.83144008033
14070.52009737948
5885.022211867477
43892.01128531915
11504.89241269508
25567.96213794854
-36599.929137257655
18994.438388917606
19061.540411252532
900.0498791383947
-19232.18907811669
-14465.5330670946
-38238.97216660478
-26146.043514667923
-31342.6033017629
-11814.239901476805
26078.454792086184
-5634.605292512606
-24889.67337507099
-42502.11890596751
-1297.4049839707761
-9266.068617294613
30792.214807795397
20509.98041353783
-3950.6148461094867
-58014.379536493114
4494.938689031588
32478.40119865221
-20085.506991878858
-3969.727905841818
-6726.303611431105
27435.64672198858
-20323.767619343977
31403.4747496501
-32674.632852041133
-7312.347395032904
-25580.596050774016
26602.70746206605
-12990.00783013192
1128.4056334152788
20252.57585774998
36851.54049541917
41762.09939593802
-33178.12269181375
-25349.768064827484
60632.65551374559
-5909.0452469182055
1409.7010747412105
-12600.611267251876
-6935.972556321174
-23866.583992353502
-9586.568863943681
-9142.207264563727
58278.68548169811
-18486.196393357663
46334.13279838593
25731.178791582344
-11972.024951269957
-3314.6061642990303
21695.001503437736
22697.002905383888
27099.461666961484
-8019.829897479802
-29662.452645255096
-25932.42104717513
-6521.384397857117
7462.590663746192
15376.700964147924
61956.367907130174
15339.69873009564
-41894.62339103386
21828.113398791567
47269.17795386675
1259.1274442240103
-10843.851973288973
-24736.30320202634
10143.718018053813
-6404.112430393244
43538.54666960343
35859.64275697895
-6712.393006785954
29475.035976931653
27201.1910080112
-28456.349627771197
-14756.08326714678
32215.08795082717
-8663.965422690935
14862.451223910602
9038.230360763757
-8557.257805345824
10963.535083420502
-4433.4257705741775
6875.605900950507
-10756.962936988626
29704.40235839617
-6174.231755052621
5515.7523784952045
4262.267343942236
-2787.9017809009574
7319.925446442061
-14160.085590243003
16584.11176202652
9450.851723472008
-17321.9599231244
-28232.61729805604
-22211.179592821594
-15868.946760215527
3702.665548577332
-66484.17357780642
-31349.619445657907
9491.980504895846
-12267.23165726305
-13343.367068806416
22537.69601818321
-18712.366996872417
7716.966865128645
-1281.7453967014014
-16381.49967359217
-4008.3128867015025
-29934.439382574357
14626.481836844288
-36973.25586735154
-12968.21949346858
-36166.34887048434
-21813.350211671033
-22638.054540441957
9124.858671981456
19872.27272488331
-11063.404842777307
-24027.520105296193
-9126.689798526302
8172.617797644596
1892.3492306897763
-16347.611266552363
-12131.602838854822
-19551.045176103387
-9531.352300973911
22541.25003162239
8207.411018538827
3434.985482077598
17462.831658164065
16524.560298415036
-37568.10088436085
-11164.621521257919
9135.693552606417
-24894.791664822278
-994.3337099094995
-24665.58157419884
-33037.08940546218
10076.911761448473
-7500.647375149762
24.94992808852212
-41959.00513671889
17211.2314235725
-8243.3598197038
-12459.877041422586
-47496.01691733888
15996.840147408664
22087.683225258024
20970.444435568228
9598.219467708428
-42877.748340592414
7345.00929045309
16843.686522671822
32392.15098663757
22833.875913892683
6028.513874426031
-22345.704637495317
-41033.8451222256
-16860.583774177805
-6924.249115375023
-6674.23227070651
17846.966744391084
23299.694678856704
15101.298269530125
4398.350772089591
-7939.24696716287
-27649.006542213923
-4460.079424612736
16675.693413118144
-20352.530919429453
-24978.252993417493
-29975.787142807618
-8440.234465409309
18421.145274133138
-38587.231466113844
13612.350106256261
43071.72724446
7269.0523630633
-22896.229492034556
-20312.55255992253
-14562.203704272333
16124.427989225353
4190.951497948844
13082.33242176836
1449.5736070611158
-18185.91708122445
6430.039270343076
-10078.21414907651
-3646.5431747548523
-10529.473540056277
-31605.388777059492
27402.12005394905
-21396.02030613039
35705.72340886174
-14594.88217345388
42413.6401799009
992.2965517064671
-5819.739355594153
-18557.022079955423
21752.13843239236
-24132.888593887925
1409.1581178989281
-25056.216042913453
6285.888236374205
-50566.02950202204
53877.60692193026
-13203.627865766639
-28735.723177657328
-17393.460753700787
-50925.92151189696
-18615.067493075298
8831.30886774748
34974.445712655855
30632.68970032474
-16295.354519320645
24877.85846074525
-22800.47208891965
15039.02400980552
-38789.85511746482
-13418.188831950549
-3857.298803275753
6915.551624886384
19001.567692809724
19017.15334372608
-29696.13166842517
-22476.95235932739
32093.5779113235
1696.430856283434
-192.2603390722596
21748.531479706115
16118.333402168777
-16164.137199522323
2441.573333060624
4664.000689596895
-5026.509366076672
12578.916412899893
-28246.586522974434
19334.262362938327
5346.943499549562
-40195.38122842945
-10522.35030756208
-13239.623160915597
50549.121410466774
3849.3816347143943
14120.251839741635
6686.341291556628
-38044.45515304125
-23838.810222063315
3550.7701004021333
9390.816602019737
675.6345992939016
32495.037685454754
-29816.085681227425
2880.041981707776
23594.58981864011
-22780.32938602241
6017.081757539856
-7315.904800060429
-28967.612509151797
65801.80147619842
-12957.848895034458
-37875.22365013694
4021.705059495931
-2116.0252452999944
-35072.477850425676
-11033.813496071047
49279.33498642371
-12893.20973718777
-21843.48137084226
-66272.06909804381
16923.95749790153
-38848.4994628633
-9558.505346767608
37455.89285371339
-12127.540982754881
-34460.35733806303
-35013.62462290006
-6037.14058969622
18162.24438170772
22129.05489309543
-32283.14604429296
-19804.786593453384
13258.202399992204
10609.00766706511
25989.988236070287
46390.785697134605
-17372.920652148496
20550.506393807776
-32875.81176778795
-8035.33327513892
-18241.293493019522
-5232.637452633502
1166.620396620256
-2816.787312125672
-4483.2229681642775
-64316.91004886296
-25374.29997192428
-41884.407626842236
5498.840282568208
-9948.52245410012
-13055.648634845325
82314.23590680823
-27253.348829553535
40037.27177821919
-9740.003628843038
13784.67243032849
-2948.3234020901464
57157.11771561523
-9853.2401583681
-24739.824011693898
-35180.60650525082
9155.775183354652
32260.849023896713
-15081.440936253164
18443.7459975651
-21318.62754359084
20324.159628744976
29224.258173569124
-45336.66482288022
14841.722555802491
-53144.978088887365
-18549.263529361244
-28838.625859440814
61626.61195063869
14391.359157377588
-20205.873326215085
35199.56888082184
37093.876167647606
38638.41527166393
-17741.995159216225
34065.75912739298
20240.9292874622
-19853.151508482173
49483.96914860806
12249.700376767612
5226.651693182739
-14460.304769754279
-1811.8896526692477
-5169.552975967857
18245.16480124924
20286.31710697308
22292.319693172773
-62558.88951060863
-5191.12423379948
-18407.90502281365
6950.263042378426
34780.698008355605
-18590.846754347043
9333.998201980798
-24533.46158043465
-9369.936900756147
-43039.329239027065
-2570.3756654032563
-1491.3057631866802
-10283.204893931943
-4115.802390012344
-28077.283897229125
-21633.423652837584
-17570.63643448524
-23866.628153733185
-9889.92140580804
-96293.67232563133
25927.52768149893
20955.75370129751
-5174.220680632645
1576.214147347728
19116.224250105293
22893.54706165987
-11782.739281736638
-28030.58685797857
12311.91982365678
26032.27926569755
23662.47221762714
80502.82190156796
9850.689654288906
11224.818696242877
-14023.054218450305
17079.84540497479
17948.525357325427
10734.145293239557
60322.54793137988
-18482.664263453655
27156.800514645194
32545.149032211884
-25087.593633348788
-39308.33572325275
28057.831513619254
775.5242482005157
47113.757717374414
21123.445774790885
670.3308239025282
-35770.24684994699
-3321.6690055378235
46421.71355489889
-8585.457663366256
-22213.315406093665
4328.227583151821
-10469.906240234892
44742.39615369102
12689.5623207931
-23522.369278552753
-46702.2521314594
-10647.551645074318
6838.991590962761
20423.513008059832
373.06929251377716
-4110.336722925522
-19929.911714315127
-17599.92447952926
-19201.10894013272
10808.7535869275
-11771.794379278765
15870.788989579407
174.77268287869
-4603.743423042648
25666.41215721857
17113.417310589462
31624.346369526815
35299.937779615255
-25344.48522035423
-15701.462394167693
-19282.218994693336
5916.357577886631
-26523.53879436053
-29925.302395690924
-20156.89602819982
1368.7911440768567
-3840.0420640963143
-24800.061405549284
30728.204081056432
-26443.903987161695
21560.246262285797
-1434.8120571791471
33130.35775192116
64993.19095225304
7779.26349066896
1010.861418644129
45384.66526036154
-26105.137737896832
21634.328768350428
47246.68832211831
30856.807256660228
40196.294833428816
-23582.632113202806
-6635.511388913958
18897.09147569168
-10441.928404341497
-35433.65241779255
6963.238266742042
5891.5128891512995
20312.73626983411
14827.004901342436
-30669.46911726716
4162.633108082791
-15198.479261492625
-26069.877542572038
-14142.40890766922
205.8350981784979
-18330.01256721805
-9176.090896367872
-61369.76465170916
-8625.235974919584
13597.930717600864
-7712.23406526325
-1042.2883399066782
8747.12688645655
12924.69586346019
8877.226037695826
2867.127838832346
-6091.774567914568
17710.729553292756
51076.21477904916
21736.38370055111
-25378.418443666753
-13577.411323658165
-41868.064821075735
32556.965538533103
-23978.649178391213
367.29995261897744
21667.262372829013
2044.3703240286854
-19402.19406845202
-7678.032987412832
-10744.661268147054
36012.459471752336
-18583.08559670022
-10256.351734971819
34988.17708396346
13547.216574181788
15730.37627785738
-24624.768213008723
1550.1327715485957
31440.59252805425
24048.161848178406
17452.263103152793
-66081.18177714299
51408.62904871131
-20409.059519671933
-1112.7121065908016
22595.878604233894
-1401.1537800954977
9804.169313814311
-11862.63251030979
-21377.76009462589
-43096.997736722034
14377.188730043808
-2338.3306198682535
27.933841352590264
-5116.8000208748035
19756.178049901166
-22862.30029635756
-7872.562136763039
24455.090492529915
21208.524691442162
29877.509967454367
20160.2766020286
-8754.987925188247
-27919.13497868619
-60535.73368432956
-3857.6980326984885
-83427.55408000381
5619.399280034088
43459.99238021625
-33433.42768287811
-39491.68550839923
-364.7817610005132
-12428.021010094937
-14244.7738988311
20424.33654151268
2306.0408434113792
-30470.22672978439
-16590.472399407587
-892.0330005118063
11497.547979439842
-55931.80148617433
15332.540947523468
17739.01701096178
30625.67419633366
-15485.067228318221
-2923.977296266562
31180.575216445424
-4779.190779656252
18338.712238038446
-4183.4027103673025
1620.6833656291549
5757.83699441311
19523.411629692866
57777.30157000489
34278.500048968475
-10845.410438171599
-20457.953105868575
4448.172520404721
-9544.60680817286
7255.45462220923
-5400.743627202441
-22613.78082265686
-33323.21870509879
1497.703918841011
5165.43058659551
-14879.19471000292
46565.398191513814
-3098.2924749029185
21764.82001758825
-48817.77225569654
14792.371677823787
18692.029324903306
-7892.683212521478
-7306.409756472075
-21147.152247088285
4364.924808822026
-7079.302222804757
7824.362076457406
-37596.88992156758
-19712.857099916113
17096.83269152194
-2253.212079195733
37253.58945790722
-6981.498705610575
-32512.460855692156
20787.702080734776
-4968.822997165436
-47393.010351547506
19474.55346498726
5583.381924421001
19962.353496508884
11772.210229986365
27242.736177371833
-17933.062895890293
2002.979326966605
13262.246928938726
687.202734080284
-5145.254228854562
641.8079357151379
-11597.438556623372
18485.64735148896
-37961.62405546632
8409.25104910566
-25514.84339337188
-4701.12416891579
-5865.715862425262
-2958.7284176732924
-16654.511893868872
-10982.77374365056
34879.49721542286
-28638.903982292897
-20420.281545630092
71764.9703996627
13043.739826537227
3922.937182735924
968.2155491837876
-9514.143646808241
-6427.200414832696
11835.649708323182
-21797.732493634172
26540.235063579403
-13986.634870299138
13010.909250110786
-12622.466038691731
26803.556202275155
-23245.558700485428
79.92883246188087
17735.11791490608
-7802.083586205633
-3788.22818669801
-9003.256514368562
517.0108694505102
-28664.566107175662
-36153.15010077151
37836.66384660211
-18601.187219251125
-3452.692045200111
10611.633387992815
16785.260937156825
14204.953978236425
20234.071115697177
26906.249225668817
14620.359569960621
-2537.7169134556684
-14485.124930969252
2839.476021153646
-15376.662513624568
11564.373220406
48631.14296348518
-23044.50284277764
30165.06569125518
-53858.0108031839
-25081.243387783023
-3540.0044753011944
-17872.17273409794
-413.54874016580646
33674.34297448626
-5392.169896161047
-7583.869203034927
-47071.67429599986
-13369.437603192042
-21928.375918404803
30383.409243150447
-19642.6612668224
35375.36590858299
-57195.70119818625
-35229.40494587388
-29947.236589854496
-22921.917978074416
-15499.726487656291
16340.658342636354
10806.058991910832
55711.97130852941
11336.071454413532
-11436.269514555835
-10366.71852677081
12548.486554261865
10962.475493053782
44502.73074097631
24207.298052992075
325.55579136426087
16158.8865883803
19151.861486431713
4453.4219506846375
-24114.864368820203
31187.559706863885
-14773.598408449436
-13311.094688381325
9534.581430558408
-2197.3308144437888
27114.35687575794
10165.519515179809
-18097.421040277146
-17331.15853897429
-17824.532792858405
22004.484832034203
61612.60376312593
-44012.120387651106
10317.700511270392
34231.29411272789
9756.027298003988
-6343.714304354934
-11484.110181419015
17329.28328648361
-1160.4240482217504
-37863.80194090825
-18595.369096765615
11753.208380577118
-14517.378816966924
-5401.388244270894
18845.880870840872
4507.569840156795
8007.174337654821
18212.168613616464
16080.071813737766
-9574.886087443805
21672.226973913712
24499.40438419956
42130.45841189235
-10561.24111577375
33724.657514609426
30460.32241717902
14863.943893927746
16608.97851848269
-18768.368062051293
-7810.258766681945
-5981.994659889901
-10691.95056044495
42464.03008878754
11658.13885875657
12194.804767293448
1782.1171058879345
3196.3869357495632
12739.04383069581
23357.927070792666
3974.7290808197627
8310.960049524636
-57374.60521714542
-30662.01899454482
-17097.529262829194
2099.91806590687
-10158.76852000396
-3721.527048945853
7827.286016253165
-34146.925122027984
4313.629936604307
6275.0327066015525
-36603.577890043234
-2852.133356974278
11400.190065017518
28588.555478763166
-2732.1448984766926
13585.049018006894
28060.53117901632
7619.856007748373
-21696.659340110462
30668.998700238317
-23089.735218922127
-8926.893239276826
17860.72581799328
-2020.3413559762573
20715.264362394617
28177.61481821533
5284.976498559205
-1999.0734966811158
-8671.722792697488
22461.731503881598
8072.668943958358
14738.277098807805
250.4960497426329
421.80512535826585
29982.427339202855
-19369.11554223136
4118.807720928648
58121.26103613285
54843.88798200144
60114.76575525054
-3103.7593279526454
29614.151923775677
11387.847228957935
-20820.16369630724
15144.884981733549
8676.486926924239
27759.993897184824
-31680.77469433079
537.3273278577843
1835.414990277327
22730.346167606524
-49096.96377365699
-4262.564073759924
17662.3787159197
-13311.782963139058
12510.746059939269
-6255.26817779897
-8363.855150696936
13982.125775903862
-6876.622009753035
-40215.96686751663
-2501.8645793557166
11578.120697884055
896.7127322681365
7865.636312544688
34258.58799128314
-56088.972761115685
18033.1448417459
-28146.034309733925
-1041.4029755216036
32325.97868223185
-11135.222108081254
-42839.718121687445
19609.115273642674
-31047.427806901775
23738.546919873585
-23570.131403319698
-62241.56408469256
25049.919605526804
-43402.84675336515
4673.165755779888
27581.370370569584
3127.4622558463448
39883.71775293718
-25734.04895584791
-34480.58909948839
-10069.08439019615
20381.98866513321
3919.9268864170117
-32647.97588987718
26991.45949014574
-2696.4865052073087
-49116.99576192037
27437.221796226273
8122.219021599178
-11935.967917293694
-21562.005908084782
14638.13024726696
6932.004989295331
18396.54770830209
-24513.933268648118
-27575.289164904607
32180.587171128813
-2028.034235818802
2995.326604451515
10599.284758566453
10710.416917038849
-23096.690477190703
25551.98163384832
8178.288583739861
-19267.79068177549
46960.702813977994
31385.278625183044
5953.54121517291
-27122.780372626843
20340.30656883026
8059.8650043489115
12552.710514942233
28337.563646010993
18762.196964504572
-12708.401142463044
-29602.152182900496
992.1075315369027
-33175.357479363105
15078.368885297345
-53879.19573484382
-3073.2915753132606
-38265.96847530883
-1651.2760319280158
-6265.221000565658
7989.601537509413
41892.04286386352
18231.500069313708
21840.99854933488
-741.7810942806879
-15576.512505126419
-12905.730009968833
-30077.634583077594
-7239.653333021574
13456.193666863606
-22004.272570381527
-7161.702184707955
-6884.877353031732
-22027.33797904952
31241.479010543782
-4005.8683189787967
13339.636531655366
25975.608700616373
31796.338547377025
41694.1389816766
-22152.079885197643
-6102.367471375705
-34948.673596333734
-4539.3128531484535
-23660.82616181479
44868.29681199826
20265.031687390445
18673.28809334937
-35033.80861852707
-8387.793077750992
-18359.59297563966
-32153.643467103386
-16555.67167934051
-5446.123746620448
9745.989365738857
-5751.632901217961
22824.56772346418
-29013.55863910587
11540.037412657033
-16126.738624997139
