%%MatrixMarket matrix array real general
1000 1
-0.3884012099194297
-1.3212556804948663
2.4499498636043016
0.15047046475674078
1.5684459203505152
2.9538465217275136
1.7410067386152253
-0.2580945878706988
-1.15188078770167
-0.35300896370418877
-1.3955520058712905
-0.8376445391017786
0.3165573591188941
-0.2599907309845153
0.1755260240945552
-0.8919220370934505
-0.9656120098690053
0.7042784970670727
0.6302671585496864
1.1603138647856697
-1.3785563050172722
-0.22281992218292074
1.143692616958065
1.0502622234708068
-0.27371321795121545
0.3455885119462223
-0.2576002950168093
-0.2056278292197881
0.17527048675608187
-0.5248013553022713
0.6943670703659832
0.11563213094806693
0.7745983465155087
-0.8063281864004487
0.2571206546824526
0.7546318789836419
1.9714528375928366
-1.2068583667790278
0.5247005796776529
-0.6102426590840329
0.7964510470728607
2.561898282535972
0.2662048795864604
2.764928554548863
-0.40955894232156975
-1.4541394825689755
-0.3237314830350052
-0.010294728142076498
-0.22152595067812897
-1.3849910754667774
-1.265776245902903
0.06978691530672233
0.09132328064075293
0.30903608788808756
-0.9155804715482396
0.5213790891686573
0.7223870630123091
0.4806970189758654
-0.05863565567400181
0.2292605565854529
-0.761340887553514
1.2189035882201393
0.00038674739234335594
-0.7364983809887091
0.2814963456678279
-0.6650794651538298
-0.8709973100808516
-0.8663049889600207
1.0555213784988557
1.3370233065546253
1.2295506888515977
-0.08570986685311109
0.8671509169819471
-1.59580883798127
-0.28625572922384507
-0.13293489296192695
-0.6971620636957524
0.5593960024861186
0.9269149659510689
0.9095380819283205
-1.1052630503305316
0.43129245495252494
-1.2714311610917417
-0.6146179507525354
-2.274900205945576
-1.0943555440099546
0.5721574266206997
-0.19060865005094046
0.7248748135519032
0.5881202106138346
0.5294098225199622
1.3109765347646165
0.7607667786830961
1.0368057154057948
-1.7883269623095204
0.9928892614394295
0.6801652876139336
0.16797036871814028
-0.7212616293246996
-0.4623126684691128
-1.746863822397744
-0.7395388624932762
-1.1870739190699837
-0.3637503061680171
1.0709423404200198
-0.08802364692730005
-1.016606435413716
-1.5402612529269064
0.19290682480960794
-0.2650154427312352
1.5921190780845353
0.5165006799438113
-0.04815003008800975
-2.3505273841927883
0.14653285700355836
1.0203176659676878
-0.7492166312647263
-0.22482256519173402
-0.12682197644518575
1.1105093862464328
-0.7933290665089345
1.02911772854071
-1.48018874123495
-0.08486493246766845
-0.8921995041049072
0.9651256672144698
-0.5626052119244409
0.18448852971429439
1.014367519842036
1.1254625785137962
1.8362808408421294
-1.3017456614771
-0.7346115981783373
2.708629776188413
-0.25260001208491356
-0.07176698500167789
-0.4884531165529223
-0.2622444578258886
-1.1336503070628454
-0.3704144612267487
-0.206937265372294
2.061098422121114
-0.7185463515779417
1.9489395748646683
0.9337423174623939
-0.646973065514029
-0.12214354891817937
0.681305477462051
1.0749853372592522
0.7540345558115716
-0.33140134053825315
-1.305547497050176
-1.0697365265735856
-0.15586453456092406
0.3453235313667975
0.5965502747773165
2.1084861519051477
0.15094602253231784
-1.7639281908145172
1.026739440334688
1.521377044243777
0.07847666858005466
-0.6051653165589955
-1.0786389630661968
0.2743737418117138
-0.3741878878314777
1.773172006175792
1.422626019822794
-0.31178489943845816
1.7912900391016333
1.3680497852818787
-1.136136238750728
-0.8213817473035055
1.3529425388345397
-0.5638662164207073
0.4397947669091132
0.49163559109325355
-0.32583964455062925
0.7241422832358051
0.06406446185006305
0.17999706614738809
-0.27748002919935144
1.7073546116588665
-0.31060081537241374
0.19844293021960205
0.1567066875955604
-0.08812717717113891
0.40546692222767894
-0.6765134214935326
0.7167459519258629
0.4388412742839134
-0.6537400031457334
-1.0190792068506163
-0.9710021583747498
-0.7673844076914985
-0.043285491129810075
-2.3802897082739456
-1.5259113458076927
0.22195511651964137
-0.725797773969109
-0.36617474903764374
0.8713937485227133
-0.9952282234861433
0.21303978662371445
-0.19935463295611858
-0.8962052154556489
-0.2598243411487036
-1.1350584056274189
0.6967168986587147
-0.979352539596785
-0.862622038435489
-1.5896039873930632
-1.0126925615532232
-0.7595370232117777
0.23321927484195581
0.875530315181999
-0.8188172026577205
-0.896388444610243
-0.7306483881019235
0.4265762747777126
0.12939208220117968
-0.7919383083639517
-0.1940214991463715
-1.0792115639115598
-0.40537171291513935
1.0525730202046704
0.4382269409361043
0.22037955200147755
0.7994338255712045
0.8270777044961007
-1.5739654782750323
-0.3539638312943311
0.411341084430042
-1.5041636636631373
-0.026951856933052493
-0.869467545931633
-1.4210002002858373
0.34157491181921323
-0.23059211316434142
-0.0802173370652296
-1.8121933693220493
1.0560602106901107
-0.23726092171270266
-0.20589242232754615
-1.6879470717386722
0.9398951098593951
0.8643339323950078
0.9504972890256553
0.33572908466515405
-1.5881331983580755
0.5073725743412727
0.5706709928655126
1.243768853231418
0.7437958197290231
0.5585506818744019
-1.2655884690129593
-1.8506570154889648
-0.7331675467591308
-0.29465668674351264
-0.3870438054640547
0.508156004204179
0.896458885436559
0.421212898124667
0.079142182247135
-0.0640161590483044
-0.8828649071734244
-0.20436158685139316
0.7836027487390215
-0.9426671804735475
-0.7258071758788323
-0.9340066298525577
-0.09020737225913776
0.5475136168788935
-1.2904889994415896
0.7847565507723472
1.256727764864938
0.4129121686920024
-0.9894824203213496
-1.390852271497349
-0.7480530416852504
0.7292323050840654
0.09515549862840665
0.6878598505109949
-0.033276546076482935
-0.7462223669045582
0.08010343996249403
-0.264705644563893
-0.25953125558762263
-0.18142924954324996
-1.3409358432953966
1.1041415662309488
-1.0346802430334816
1.5810812940540622
-0.8462393741425098
1.5731423582219992
0.5850380541482372
-0.18332062718263784
-0.5879958728296539
0.9612942771688529
-1.483057700454837
0.008131150774090934
-1.1844794731053723
0.25244250848735406
-1.631566513217179
2.003877104070094
-0.5983624570759623
-0.8504913817454581
-1.1102107461519573
-1.9166479042968911
-0.8215614488880006
0.1932255895277984
1.277997364547044
1.3543304507972134
-0.9566460594476697
0.707584953956744
-0.9428454541888941
0.4860763295302943
-1.557929768239935
-0.4110228932626861
-0.2706422285090596
0.14496002813357445
1.115278769281864
0.6361104988675366
-1.3269572326323937
-1.3026228323672218
1.557072748436307
0.32299266480475525
0.0925426717914097
0.9186453028853949
0.7168354148765737
-0.6686802642611184
0.1700888095097571
0.24670537475436213
-0.014789712366711599
0.297389739707937
-0.7624602249470035
0.6695148706365218
0.18876493852497328
-1.8935591700385905
-0.6297798707445773
-0.424092999574356
1.9778982998767376
0.2749732055214961
0.4991078554632504
0.08317687360511766
-1.3353901144303526
-1.1541259608209595
0.0732609607231494
0.4163119145358508
-0.18081526719493743
1.237080295377055
-1.217363580144957
0.08557579753681367
1.007556252419964
-0.8567713296465065
0.24808831950499322
-0.49067320269395354
-1.6661311007976471
2.1985297962193484
-0.6807827904947229
-1.349408866298536
0.14945364365050862
-0.10911928276361157
-1.6106030252713999
-0.2694154479999368
1.6977170750308204
-0.2981079330696703
-0.965704195139877
-2.4516145914482737
0.635588046738164
-1.459236136463396
-0.265325363692629
1.3952775980941972
-0.4675174129531056
-1.0346387485663686
-1.355827160014644
-0.4015112765394579
0.7504857726634659
0.7985017452054584
-1.4794314022279293
-0.4420476047737254
0.4810861551551301
0.5700650247951551
1.0464255670510378
1.5592753941411122
-0.48123144621540775
0.8784410574106933
-1.4461759743144489
-0.13528204295410604
-0.5147940788940859
-0.19256637507077426
0.14251254056784926
-0.1313459896427192
-0.17543839792506208
-3.462779077991029
-1.1586298885502215
-1.5518237183758044
0.3623695628151239
-0.250379948557567
-0.47043411536967933
3.0848884943605097
-1.1003601096486697
1.456240555796264
-0.3475547853755963
0.5460613629653741
0.03009398237806164
1.8773082115003736
-0.23569997547233396
-0.5058753031904286
-1.5271554805436354
0.3103874626695751
0.9780290131282197
-0.6385846828171107
0.5274479913507492
-1.257264041130328
0.8152193363090879
1.1005595344522359
-1.4087729990362536
0.8086551676428643
-2.194855805253872
-0.9976384773477508
-1.298477538276321
2.455759503672047
0.6656930220151613
-0.5770893596508042
1.071045249986468
1.4195013801706173
1.5744344949865106
-0.5437485730802682
1.497467912380766
0.5587886602654611
-0.7564353918193986
1.5036562923453571
0.22652997189641494
0.2770946674213757
-0.5450194627000775
-0.1143550820503963
-0.13906963743013886
0.7166804521463983
0.8145891200387928
0.5930638468880547
-2.423526545373244
-0.48439412482910044
-0.8368820161165236
-0.11396666639343714
1.4303677784772457
-0.72716606914
0.24081888765905102
-1.2110478433287497
-0.27663550760765526
-1.5615145539301072
-0.1850560731617142
-0.2755728170752305
-0.6456901804355233
-0.34257128143446564
-1.0804053319191063
-0.6261261573855136
-0.5625345320514911
-0.758212348815021
-0.24978603897347834
-2.5797479384954145
1.4691339433163664
1.2865376145131062
-0.3309454682297984
0.14938813506792575
0.7562918373927411
0.7750468984811851
-0.5446808481251726
-1.1680983035646506
0.04897801207689706
1.062465801256375
0.9866352665214093
2.401661064474106
0.41201117706839874
0.5081814082810595
-0.5790102284833586
0.6484162569999161
0.6015585870581622
0.5480663492430339
2.7702927796961254
-0.7497264123921874
0.8959580463542426
1.3816380868938019
-1.1835702025715529
-1.2473175725390935
1.042944190802793
0.10379245260269175
1.5399418417023096
0.9808245611369196
0.06679034283151448
-1.380856828610831
-0.3437983567776956
1.7848519050074165
-0.343042449109511
-0.5990312832423318
0.2672083348915309
-0.7143002006099785
1.5740412056108026
0.851885112646495
-0.8596949842951548
-1.9752757358427853
-0.5961590219039333
0.48927109847535627
0.9786608664718501
0.3145247693179473
-0.7131258427254441
-0.9300647514354831
-0.5441555658531969
-0.8956795891846037
0.7578688296153236
-0.26540794682669644
0.5926767790336311
0.0906067791510956
-0.36633920580106344
0.8962954322815718
0.48688769982751084
1.2628964817439976
1.5783905982673805
-0.8066405666755102
-0.7494324202271023
-0.5807837496827535
0.21493425385782577
-0.7833879175355082
-0.922445691524329
-0.8616698803641845
-0.07295360078699041
-0.46502169913663355
-1.0764129709031736
1.1632174494950078
-1.106091305150115
0.943664900495051
-0.27337701997639874
1.4740819466831756
2.2475953016119217
0.5766120398123189
-0.016808141303781558
1.9977787421211923
-1.3015394226953017
0.8992374159627733
2.090726627630113
1.4702019790412084
1.7293259519525692
-0.8737905057803953
-0.46916885711885237
0.6415091760951483
-0.6866010209513086
-1.2347510914787534
0.38008309372226606
0.12704648279425065
0.7730630539276158
0.976279112666916
-1.2089300054910748
0.0712620839801437
-0.5999195990777207
-1.0829701467763122
-0.46080087780745715
-0.027216133491925323
-0.8575671965027706
-0.14864811828570168
-2.111128071619729
-0.30311981846602465
0.7489863853821208
-0.0049336413898117375
-0.0523187134988788
0.2925341371071545
0.46104649153560145
0.8254975943223388
0.002726067107262653
-0.20136695321977593
0.6976320093894077
1.6847123272400997
0.6792054702213567
-1.007240673845918
-0.9573263046832963
-1.8880740307997816
1.545945351800287
-0.9914958031684765
0.013494524866404931
0.9825887560850176
0.2987945185030471
-0.8836735951119434
-0.2283642921711264
-0.5708227921257333
1.933179725981046
-0.7022899063222717
-0.28266062481754584
1.4093741605897732
0.6561593205559093
0.45100594553494144
-1.3346114506178681
0.05955935610353011
1.1217371763811739
1.181501474372528
0.7732684975793308
-1.8206449234205049
2.054655175085949
-0.6860000667971661
0.07266297818555656
1.09044244459312
0.09475184250019308
0.47596273785876836
-0.614244423958383
-0.5893379688438464
-1.7951448972167419
0.5393903512497703
-0.037891004363010614
0.012303005449794027
-0.058336916758279386
0.864429669194872
-0.7575964593650059
-0.3665775811669774
0.9557465109839217
0.9247093231864566
0.8587688383577149
0.8023857901639876
-0.7015709254049395
-0.832421562603168
-2.4105340716242885
-0.05557924698495931
-3.344456646199521
0.432404907505728
1.6790177610222499
-1.3434096705532859
-1.5983600011685315
0.0127707318686189
-0.605821404323104
-0.28579603215421073
0.754303777508178
-0.20921856587966584
-1.5925041004439855
-0.9254271304423229
0.0013330557531661107
0.5167239857821974
-1.8803529171279227
0.5036058254844001
0.7229449420726348
1.119244549987213
-0.720392314097166
0.23750369603271954
1.2940644967038466
-0.034788621615443494
0.7011883469796923
-0.20898463536814854
0.3921251771618264
0.3645802806369717
0.700508570011546
2.3377748390641204
1.333709618573409
-0.3627404117201373
-0.7641283680317252
0.110465023340674
-0.1692326916095822
0.2574590437123916
-0.052149633188812966
-1.279210242094804
-1.059494907775368
0.38622170308927256
0.23798840299792431
-0.6344900538500229
1.7947252634908555
-0.3482656547852249
1.2488822740608636
-1.963806602173996
0.9281063747141876
1.0496735509937425
-0.5455211387400207
-0.4885280389798602
-0.8077215757953281
0.022999694768447085
-0.1915869625981488
0.2479666657568501
-1.5140488906307015
-0.7565015770727498
0.4892885850690082
-0.23564492508041146
1.3901191486952618
-0.3071228628354656
-1.033635255604544
0.7504958576169337
-0.2373168923127774
-1.6416182904238785
1.0053937315738746
0.24407956959802357
0.8012474763544273
0.48418379437034476
0.9421922509547035
-0.7245364703754785
0.1092277850605401
0.6065647823242176
-0.18268149981309106
-0.2554642545752699
-0.259565607602384
-0.6406971712877435
0.7894888508892295
-2.0564644886794197
0.39568219202262267
-1.0878892871528199
-0.5295368730785613
-0.06874190016162365
-0.23411358756209674
-0.6184872210052701
-0.32680901166232995
1.3816503116067158
-0.7645099806610747
-0.5121523968601489
2.9323081393196277
0.3297316010531716
0.41526686862096535
-0.16923342110770756
-0.49777900006039283
-0.05277603792701685
0.7466529966545983
-0.5757373185764956
1.2711974341944063
-0.5639451671814893
0.7799097902996515
-0.6042982976204452
1.0979492000902606
-0.8310892473417912
-0.0238665012160094
0.3897825202509762
-0.3713975223325391
0.09653239496641772
-0.5953880721936825
-0.15272233149996453
-1.2782748461245286
-1.5829843085006674
1.7097092372957283
-1.1485957340437702
-0.008181963512439558
0.5516945381590532
0.7684134524976339
0.4990698989323147
0.9816210618426733
0.9807866448185657
0.5495315504365865
-0.24412643082757612
-0.5810974338639431
0.009605054097199096
-0.5564232934247915
0.7252789545213618
1.5068475576486913
-0.9616589620178756
1.8996230528144002
-1.9374965931160701
-0.8348029694462038
-0.06670571884529058
-0.7672361865608387
-0.20719713810058257
1.2970633795872109
-0.15420780332015274
-0.2760806488839451
-1.7091339285551195
-0.5527370435908083
-0.9372959508419856
1.1981761332836773
-0.7069646244390204
1.3878486080947317
-1.8256022670212506
-1.1890360366346044
-1.2815343433288466
-0.9800206694884748
-0.8991893763938741
0.5806603505601425
0.5080156263905484
1.8399243412617765
0.7316564626282387
-0.5010848056617477
-0.21127101307722468
0.6369869821266702
0.4198992578488473
2.137595041055939
0.9462823011096738
0.050260530940292134
0.4409137521576495
0.583029573142396
0.6217948280559292
-0.9137815387405577
1.213684870580332
-0.9290898628900642
-0.7602640970364053
0.03379097711105543
-0.2732376383936818
1.014039003746112
0.9429801906091041
-0.7240612962874553
-0.7259092219224488
-0.9388472256625662
0.9689565189962607
2.3059364083509615
-2.042041793683093
0.34711635248210215
1.26733632209356
0.41972527575846524
0.014176512390291829
-0.5742792570289026
0.707547034122852
-0.28040881798385475
-1.1821396919124172
-0.715255819199692
0.5252631949512258
-0.7180417747587549
-0.4397613292485826
0.8034441266485617
0.3256409380249154
0.38434852058975155
0.737998551439109
0.5369183390551799
-0.2115091782366697
0.976447882878936
1.02910265433497
1.576139689237855
-0.3566709347808501
1.2079045886353248
1.2418642284732127
0.7849021840452945
0.9465861210434763
-0.7245711655319692
-0.22815396488228634
-0.026574124669790585
-0.3993545610861126
1.3069177744428104
0.5683114234068579
0.3934086280637622
0.2616362039847014
-0.0320252223212316
0.3380836917931495
1.0081221419462854
-0.004958715483473519
0.5140743161628354
-2.978749393026174
-1.4606095073337035
-1.0161583938670276
0.04582690198187726
-0.5388353999131666
-0.24583331413739049
0.2948934254515531
-1.193737352133039
0.07017139821488048
0.09098857746650238
-1.327176701330573
0.15771087887307444
0.5242739218289005
1.2801608075133242
-0.06969969819103507
0.7412909392325187
1.5555836757265769
0.43904159766428835
-1.06830000766011
1.4275940666048084
-1.139346555865097
-0.26166041578254057
0.715177841035017
-0.06616785728672525
0.8031010898128902
1.0552262599173299
0.12136375809917908
0.006169868335037267
-0.4128302593124468
0.6601525450565975
0.6527059586595867
0.6847891955864873
0.23805318205408194
-0.03143728354438896
1.4498922427292538
-0.8698639149605868
0.182952377511638
1.8939637184776774
1.7188547453332121
2.63736087618173
-0.15506016098073597
1.316591750851003
0.4046341581339467
-1.046669253344722
0.35301214811565756
0.5470532291740468
1.5053294864394198
-1.2940318322035276
-0.01919352470046543
0.283089241025057
1.1549784130380123
-2.0853324131519373
-0.07025433703480274
0.6772199431871432
-0.5745207350735662
0.7076413892640171
-0.26588789350730047
-0.567623583404304
0.8261958064725105
-0.5229257747436834
-1.732018379121769
0.00807386556841353
0.7728013278219955
0.23491715862101625
0.40872459400897826
1.5808586303343208
-2.1824873273614798
0.7657769521079797
-1.2269006617150762
-0.24402411589935824
1.2458654965980953
-0.6013646571556878
-1.484443119577081
1.0933068168222393
-1.1731474346748554
0.6284362484239974
-0.8051493260511097
-2.0519514951280584
1.3434411391108496
-1.814352975148826
0.10728511094557476
0.9096316705614446
0.07633606862353665
1.33287908570874
-1.012209811226089
-1.372130640489189
-0.6515770989805634
0.8307855955533917
0.20656134918822627
-1.003970131168499
1.3277661524902005
-0.35534648355731563
-1.8924816423361603
0.9798363324129141
0.23387926337734444
-0.5281393277246959
-0.7399024993358212
0.41769709698302826
0.5694475332513936
0.4711475784299165
-1.2707819974474577
-1.1041836452039695
1.3412909960288288
-0.052388121029639634
-0.1337566634945502
0.4067651188530532
0.5030131675698881
-1.1558617120881243
0.7986866893876237
0.42919952570887754
-0.8343190208032346
1.5308901373406687
1.4174038874890593
0.14335965832547676
-0.9744197781370574
0.6232995526421256
0.30408066162783143
0.5102936949695757
1.1337871617760749
1.1463829680767426
-0.7003146857654174
-1.26040532418151
0.28897910032345314
-1.5614247712409552
0.4858777340723411
-2.2279965357087512
-0.07463345735037677
-1.6997565993905792
0.016742087401044044
-0.2560877151960955
0.026034769181093823
1.4215502245408411
0.739453225276378
0.5742472477957978
-0.05615423270302383
-0.5739988341749567
-0.562651561894584
-1.3844161198401164
-0.06050897715724689
0.7852007743289231
-1.1355173993643775
-0.5864478989992088
-0.3313222474062341
-0.8934479166134934
1.2164515559816491
-0.3084271002644328
0.49313813654558347
1.2223341387355386
1.4134919344303656
1.608129653213593
-1.0554155292465424
-0.42806063690139534
-1.3638952089067866
-0.014770291701531853
-1.3419429366758668
1.8149637974469588
0.5591338876898645
0.8611432316969715
-1.2671958041363938
-0.5256427618775745
-0.6231950777419855
-1.2895819111112428
-0.8232337049821274
-0.3924728650204456
0.3831454899865601
-0.4301501588680336
1.0189243755095632
-1.3012944359414216
0.4835886058787201
-0.7979726821744997
