%%MatrixMarket matrix array real general
1000 1
3304.5046199157355
-17454.880823969444
4795.342249549078
1300.9921296389077
9772.083989641893
-1996.1674410809076
-7982.152561620567
-6758.500854846243
-2636.8030804285104
8826.269137535091
-9072.470393344704
10863.20771077162
3048.500594936946
5821.080711105063
-5990.331699276199
4460.613855946342
5601.022393248664
917.0155860642108
19490.534734676854
-13453.158653334116
481.4071577155644
1045.3387575000786
-13377.620956328286
7701.196728085613
-3711.3972334777072
-4107.689082167791
-5812.684970313449
188.70920963852762
4416.709094644502
-889.075745435451
-11782.498452075573
-362.9750558098025
-8553.20338489181
-14938.625981775713
-27451.56653468489
2875.4555964010833
-3894.478351549119
4404.258012440197
-2984.0175003370314
-11432.088313378405
9341.339535319445
10735.029520647066
-6263.475189640203
-12945.274305095809
18665.847304875406
-8577.42717352574
-17959.68649317733
15833.731727397226
-15730.732716148475
13468.517258783519
-827.124226408245
2987.1886189312713
3239.268334000187
6324.294331831803
-21714.71193792873
-2274.6407798951736
2558.824918058952
-19460.307684933134
5087.6449940281955
14095.377662848403
11649.072593292858
-14116.942635599438
15566.57643047386
-15179.19868605902
-8530.28294510383
-8691.034057282324
12202.49509110873
-11545.846240660134
9363.744629455303
14746.851731803974
1859.1754584582573
-4713.979399733068
4254.415318991942
11134.598795589709
-3365.514244379093
10135.966372666504
3337.2396342694356
-29495.817394069036
-1671.1475154185082
-9546.095640762618
-10358.267154168389
14216.69703268015
-1904.7062597267911
-11924.831431231223
-6409.934446784805
1841.1688521625788
18663.509539370265
-6206.17405946569
5781.674917856074
-16180.175373128266
-35405.710016640325
3788.4017153234718
10814.734239016594
-17957.868869022193
-3137.8158462134916
-3805.7507409809537
13535.219327381132
-11572.881200208114
7759.720597682765
-11651.46655257575
-5921.174471197551
-3423.837918883043
-901.1022071287567
2317.8134198046205
14010.802398193353
-1415.4584191134584
2712.312431890541
-5620.231429376621
-8479.666494988824
8037.262476229751
-6407.653224107531
-8867.987127408853
-6993.807481083002
-7177.796131681608
-13791.95845081198
-3486.3694843028493
-689.9033474013785
10045.55292710718
-6369.5109394794135
-15441.52898836057
-29712.600531251603
-20985.79490829919
10943.055307628481
-10308.471743380891
2987.6017405394923
-11215.791698493622
14440.4537893138
-432.07809037421896
2584.362622650564
-3236.6070053665667
-4858.034671210165
9897.233373381048
-8287.457990779209
12209.082459656236
13357.393908777247
1714.3403316645738
8315.219170553244
-1377.304532187014
-1345.6996609916773
8341.155662395178
-646.9440448941536
31505.637601938775
-13566.014450758244
2710.606977636412
-8701.506821372564
10661.663579158785
115.67792537935321
-7813.390000237244
9911.301954703988
-3499.1202050887614
1898.2604519185593
3795.1675323554077
6573.806030739021
8380.892617649248
4629.988282577897
1290.6104775303813
-7082.553555181809
21043.21389051592
-13554.20877125483
14554.324229432545
3134.9709871739988
9888.93127518797
-13650.972251389594
17769.846042562913
11476.144480805677
-10664.754806807297
6063.374965439969
-6884.5237150915955
-5854.532221493342
-11816.885198680038
-7030.715979883237
-3262.730231895909
5085.555987723715
6080.949931716644
-52.21815685545399
5306.37099703808
-11456.784156426831
-19627.1276174113
-10180.24801250243
-2278.030378279509
-9746.196921325913
14700.99887158158
-6130.1585334876945
4506.819815751356
-184.51066898895948
-2394.523923924862
17331.309055806774
-6341.519149095076
-2079.3236464559204
5609.169495416082
2468.9042120145036
15099.915443358455
-7698.716419795683
17261.747909847734
5888.151758886773
8031.19064820223
-15393.826217855543
11408.502309759215
-1607.5827442985747
17031.984698966266
-897.8638561198698
11810.22704791003
-4547.3158515787145
5451.030697900603
-29634.804280068853
6587.902379088664
-5500.227287634352
-1224.3642321209552
2091.525026065606
13596.546423561875
7017.753822149084
744.6963579414002
4411.340007430278
13451.8260843615
-15909.123677579904
24179.72406246584
15709.619314817352
-8518.132410436712
1717.678094241225
-12583.658707506927
22054.666357350812
5653.1897281557
7223.540809075727
-13170.539967455012
-15013.164169176336
-14064.518574995434
-12677.695912370003
6899.5224590662065
5866.175866324847
6960.767005839697
-14680.962426440703
6832.575523922802
14029.651655130792
14266.346834110596
-7517.132794617698
4755.029448581919
2946.7089344150972
-5439.009301397002
-3170.252648478035
6895.89300592425
-10720.53123867738
11091.934441288406
7717.599863745644
-5322.635632637958
1220.2578057172507
2629.0210977850606
7216.0625183389
-9201.342027700199
-2174.8365446954085
-4167.975150311527
5533.910290846326
5049.246930752421
-18855.44599756174
3832.585688214918
-4583.919200516741
12466.703166362446
4739.778091092078
10684.883214161886
-7258.554924324205
9229.596503285857
9229.836749472774
-9427.706988319846
14653.759341421812
22077.93898547047
-11300.822351758969
-19012.203869095483
-4759.044554572654
950.4750436929166
4463.037332934781
-2420.622649975594
17997.560636698865
1320.838970883353
16986.782188271125
-14588.166133615705
-794.0001041810222
3586.5911539434364
-15764.156751481683
-17421.217948820362
8823.24562037253
-13116.987649850009
-4015.4168219230824
-3264.723646363334
856.5023160287262
5970.32691393569
1835.7540966482427
-951.4523728087867
15114.997670835966
4672.484325008902
1051.8418937979532
-2297.419997777351
9856.220658043118
-1025.9646468716091
1078.771131801414
-4482.172473212352
-15399.353701120295
649.541971382022
1577.2815812756419
1672.6268926395715
-4986.284468268204
9411.72422013637
-10676.363784270921
418.32398611829643
8276.083795473447
-10085.873426056545
7580.543243986635
-8969.796339731785
4932.22295761637
17419.392012398992
789.8038060573051
-558.5835309999682
-18650.66687055158
2129.615812229427
-4375.736442121503
7417.490376914365
6749.940579723904
14477.568811008608
-5431.129354546467
1635.6268797689893
-835.3791696382644
4716.0369635177
1574.1772064287895
20360.738145993317
10144.104959759185
2988.952643064262
4901.216448016081
-22464.41057760515
-3908.143529387328
11994.014614906737
-1160.9387182633036
-9136.233035185694
-10569.377496786141
12511.624035579618
2781.6743408053953
-7896.916119530683
-13625.08897566053
1401.6697810106898
-240.016236225493
2541.206620529345
8397.256929247214
3420.462464961363
6181.457371474001
4359.324508268937
-5336.546667733537
-16699.679396104806
5245.074639638124
3081.7856663432376
-18660.025377371938
-7155.732710048645
2679.519592206123
-21696.916392446165
12375.39046368951
3747.194385330105
-11895.304117990252
32123.340022315053
9736.024306778047
1115.8910537996933
2908.3525321895945
-4500.938376573663
-9343.995823968862
-11653.884291364424
307.70680183443363
-152.54318383246266
15080.295548101383
-1835.7665553670608
3764.0727825608888
947.5233115463166
-10190.114139609666
1066.3921227385017
19683.821989109983
7003.370618993968
-16479.97891936131
-4193.058408807636
-11283.844594775524
5484.501508765783
1460.8524401990883
627.270701151475
1336.361400530883
5320.298891743005
-2759.697528719209
3998.969384882133
-4096.703432499628
-7955.590598999055
-1829.1714339276282
-17744.566729117745
2818.940886272114
-15813.276925159616
9796.923632642467
-14888.461320382674
-11546.064372597586
-13885.936555044382
9414.92048759497
-9641.112406981738
2311.1834184399095
-5499.199968341988
-4452.006596089401
-10251.068423853354
-2598.8172862520955
3786.358814039054
-15790.455241015074
-17269.81418962068
-5306.428778008404
34721.98707340378
3803.7162590366434
10493.94185159256
-2831.2105606445643
19625.544808636314
8347.536048683605
9168.253709498404
325.3183065959979
-3162.57849000714
-3495.532949526287
-23468.383393363343
-1119.4004355726436
-7691.543639849255
-7168.790918570954
3369.160917276112
1785.7942421149025
2228.927346232475
18969.842010521683
11544.64799947917
6080.014253828299
-18217.490818026497
-17085.69097136784
-20478.983725240145
6119.875710795151
14128.16811746186
-4614.943274449079
4663.759387842085
-5042.813363638637
-2041.3497439922237
-4934.128500106506
-9312.548962317607
-14603.556022580882
7597.54935196196
-3448.286866650459
-16330.314928634789
4976.731685486184
15563.146634594807
-1327.9641426596231
1085.8549764661818
-5421.512821721359
-11557.732540600775
-2029.0058444886868
-9789.132626856186
-1506.68183294648
-7632.775428681798
-12566.070774687718
1055.9161259094847
-10902.493151311926
-10529.655712312113
-8248.031322245632
-15757.010505919321
7311.7063674815145
1709.5604138310296
-7526.091214555463
12605.562562753763
2509.866514429177
-6609.550970729482
-6504.235039032945
-98.84571696025489
-12218.743447687886
-27625.908261133023
-8438.809099435104
-5832.642667062868
-12981.164501990297
854.5840482992662
28286.08404088368
-11280.692873361555
7662.908053980849
4855.394524588569
-30706.082307754335
-4607.2146524030895
9507.810239622624
-9763.33341565309
-9423.179431189868
5139.472041755434
-13515.41133648698
-8414.246300653473
-4827.008272574605
3074.2969856283457
-805.7788171238283
-9107.274578551129
-7757.088069991528
-20216.845357014212
-14380.707414479322
-10828.935181209436
-2674.811291367398
-18704.73644914829
2489.4371344159345
-1270.6871978599631
-5833.407295105038
4274.147652548852
10215.576107956034
-5236.907737355584
12482.491558068154
14046.816105179352
-3952.2403708955076
-13225.93965894681
-26495.94550476104
-15477.849056467205
14030.03989588669
4336.45484554257
-3791.791819384401
-11758.414414374904
-7881.893657711801
7889.479419464147
-42550.76074615038
-6283.154688663526
2116.9944480267395
19666.66959366415
-6639.838407707457
5582.542466125466
7016.087854003436
812.5448360581195
17902.74547193798
21558.417186866558
9720.88027711406
3828.3577210089525
1699.4589491892305
13063.955790741773
-385.84995732567165
-10658.568673815309
-2640.938588386431
21463.881452062225
-19000.850309131016
2008.2601083936026
-13357.00396298636
-4877.428394460285
-5253.469888249973
-20419.53085922768
678.3432351657844
1502.5325679546565
-2301.776613739802
-8071.0926238218935
4063.334727487518
-12712.063371256474
16485.538516121058
-3332.151259049157
2448.5187832513225
6060.261386776903
-22564.574567134794
-10520.923284536184
-2561.187057013929
-737.511905523075
1243.8328415269139
-1273.6630294397264
-7158.249428148456
1142.467853730925
5195.5444817103435
15805.119467712366
2667.0717134962315
-8480.884465565548
912.1661877777976
-14376.116196910058
-1735.218941511729
7468.794323962419
-8711.2466890549
-5307.661802850825
7538.13057668163
-2368.535998604279
-10229.029009568469
-7754.396908369123
14077.695384564002
-4004.6948083433476
1375.9792311924875
-16873.936468206095
-13921.647290990571
-3376.2500849215503
-20112.86350861835
4106.966999879748
-3571.117965322257
-11420.262393235733
1739.192159742831
1727.9984659111205
10269.35610814846
2339.070665869865
-7141.942559810584
3894.2092476040416
-1301.0920472845366
10681.124049910992
-6730.4395647206165
14627.699478203233
-3914.2431086684664
-2119.0902584895334
-13441.970389646842
6414.618468141747
12677.642878491242
-665.6341253165685
-3984.9359901367184
-32452.74961666562
4244.546036157923
-11701.53122930398
3729.77353088911
7963.919579037169
18961.009506061968
-4221.1583533290905
-4249.905125991539
4293.17446616547
-5546.13541601279
-7862.03400505163
829.5619041945341
14674.228963377835
3125.06766274513
-3857.2070230626296
-4240.700648994775
10789.219565910409
-1342.1879675475986
5770.766155898912
13045.192834583846
491.1042370780759
-2119.8799727872433
-8876.79343127713
2683.3607006180923
10433.41095790301
-3100.1423000906457
4484.369993623691
9591.511816026055
-12282.965285764776
-6036.511606816758
-7665.929702534081
-9329.52136268746
-3560.6632645749887
13073.377134351349
-2419.117616351178
11633.724994618937
-4459.666686032083
-9490.5132954448
-953.0820994495996
273.09948971795416
11549.725908079412
-3144.3657330666138
26727.928843041896
-15775.457122539043
-14582.442420550133
1190.2070127094457
-7152.480953575948
3379.0709909839547
5637.90502591765
911.4327282093284
1322.9392547566636
-201.13266992755953
216.86737461657003
5350.0050723341255
1388.1987624968858
4709.800620013309
7483.786642707075
9782.057332378206
-12114.440973569983
-7969.604825386939
17875.463843919508
-13989.737976063921
-2696.2893431752
-6631.462125654995
8849.95098772983
-7093.2736776955235
11649.710248240584
9736.163852357964
-5019.112463846363
3687.368073194692
2554.2417459535027
-2417.0981983618844
-7265.095819744629
-7559.821723471657
19188.269939065638
3526.8167763302395
-1358.071808067541
17414.36187309072
2303.808141317956
17144.685570359547
-15547.921003421267
4164.37960000748
29863.970588376935
-27351.519160628526
5861.408193523597
17042.134194153296
-22011.067491012793
-4761.591648775995
-4356.189257851861
15661.267506046139
9978.109562810321
-18664.765051562208
-15321.674488458242
-2699.165021273054
-2116.181935354315
11758.91721079503
1011.2884662899661
-7881.041500417202
4458.517691640033
-13784.27361265849
9499.286079611362
-6114.747542581947
371.9163930166926
-732.7891540609041
4412.8410482513755
-7725.858886531816
-8717.943803528826
14267.389771572833
18664.84825895256
5950.504678752564
-23302.733813134277
10269.408034152162
7841.809878424826
-9439.740283728503
-1100.2901408960997
16903.0669302096
-8800.225352711483
-15779.71590508676
-5016.987668595162
7542.081546483726
-4838.968924324521
3950.0126701560584
6249.2820935808995
-18059.270248915247
-5004.912307460035
-39716.453965163615
-146.8667674672068
41874.536244031
8475.30670468971
-3042.453737710186
-3096.1154297592393
-3972.0887974845223
6167.013598037748
1070.4278107759098
-12582.850695074456
-13217.961169447291
10438.638152603713
12385.393514255342
-5946.990375502644
-12804.387878778713
2976.228993878634
20078.70293248111
-4753.51366198823
-6148.769872032417
-11438.778966012886
23905.339579237396
5301.368284381634
15969.608531773923
-5210.093948436279
-11888.962723074737
2869.5786016859606
-18319.71791573163
-9047.068343216362
5269.122161283583
7491.040010906469
6204.839609228973
-119.0828719195116
7348.391221116451
-27653.21946903241
7465.385301450173
11590.969184189935
2896.003971128194
2482.1510358644146
1225.3086924482457
-1337.427439617092
3464.3316905169804
7515.628926404664
-7625.842198276542
5770.109922775002
-13385.75513237455
5237.291206200195
-4929.939728110721
-14466.330630977724
8115.83903930682
13445.168384423276
349.07071038979666
-5060.504551960799
9348.734607836885
-4250.648594439022
2023.230424075597
-11683.850911817854
1556.3849294876015
11164.026546304827
5334.091657559321
8660.099240216285
-12184.124965555951
-2265.218341610448
-12386.097905475117
-371.07523004667814
2949.6396412616946
-14216.4191559564
11764.640168051219
-9020.909931784268
-4792.878847764966
13640.423190017373
14932.45789711419
3832.9419245260387
31590.22428395832
1225.9553990538273
-6294.850384600517
14094.963828647038
-874.4652298087708
1932.067682021827
2530.963621887946
1650.4648670640613
28710.882660081796
4413.093152609305
13890.553774841017
-8883.175533415486
-11580.154994152872
9638.520462815555
-9701.271701241392
3292.803068023297
6565.256595223217
-7222.141683885276
-3932.6846874279795
-4014.477214334308
-12004.21298360398
-11150.473109832697
4734.981581593718
-5863.056003917406
1508.465811977287
18311.985775413596
21821.798240453554
10198.20158984142
-12615.333699022372
-8153.3632499079495
11136.003725902608
5025.75416704238
5089.504139477602
-708.7480633855333
-6339.555342978866
17119.18690262693
10633.661744863752
-2332.463283951924
-12372.614593103248
9708.033092141846
-14733.095863912698
20510.03854938082
-2754.116959801263
14361.414242775363
3451.1817961066254
-8110.1378749473315
12551.158522145286
10729.76491239477
10896.408484568807
-1099.1888178501656
10628.003266769105
-2414.504229036996
538.0349785061769
-2733.88033872826
9047.590400700848
-14713.040728606915
9115.500886850119
2864.936245446669
-587.3306629839792
5106.194318139118
7080.53794706186
-3402.0127392802783
2112.279287682928
2968.3860331585565
-7719.3588472428455
9679.395015786744
3859.0847724021546
-2873.6485741260717
1549.2389523372174
-8841.5474297382
-3039.9616905849575
-1818.953170920959
34310.68297052814
5216.850933620359
7080.932604232016
15834.0057601085
-6578.657180406255
15445.562433772238
9532.67277478846
30629.564365987113
-4876.575038593243
9157.335121482769
-8257.187826387531
-738.5510140849832
-2571.9152090288717
-13177.657209068992
12748.567487240101
215.6687589434187
-604.537796070402
-3166.2873320721037
-241.84575773593724
1621.8493739957098
7542.30162871753
-2956.952609582174
15089.927388071668
-19220.85841858396
4750.808458926283
4338.7599137488905
13852.55904811526
-6102.389235162712
8930.382487799401
14792.140839556883
1874.7247097748984
7244.752817494785
-7819.839893521116
14124.877131207242
5055.30181583777
22448.4157397408
-28616.8492757076
-11918.584281314146
25420.60213353511
3375.7323283696146
12812.152955317257
-11790.725926748011
-3743.7440641449093
3392.9041226334693
-7553.670276699562
1373.921814119579
-994.0281128923225
-1844.7819939745432
304.17484323273817
-4788.88605560374
-6661.834693189191
2511.149750873723
7039.724751787502
3515.59979268287
988.8180048773771
-38711.57628968198
-1095.7188629382817
12065.56239590902
-9400.895901454165
-19903.400857991925
10486.253643993981
-7670.412795049928
-4625.35749576414
5646.860652299159
3849.746827832305
-553.3945339615505
-4161.729407825544
9979.895208529762
15537.161741071148
9640.823015339733
-15271.292184850072
-558.0005568230105
-8541.032605751074
11980.85728690913
-10230.647461217088
6596.100056562292
-1950.4627747458383
4998.280770869898
5154.3562245943485
-11298.58887610272
7824.485698638372
21326.56061845064
-2122.7259048907563
-2809.2590142322456
8761.975485884159
6302.624900989138
10177.740715119056
-15487.798549268602
-84.02999793919548
6798.283094227857
-2267.901538797788
-1229.0212887006107
15686.616200599736
188.9270706169051
3428.126929415946
11207.943302684993
4348.147601675264
6562.616714625451
-8014.258658662322
-5618.215102259284
14590.933554755753
-15218.198453855417
-4335.049679867316
1293.5199313837784
8322.841288943891
12900.49479547056
-4532.657697317159
-1286.0072293834116
4817.867581061504
1355.3631689240444
-10217.22025586847
-7778.097661761692
4552.404705794642
252.12568221649462
16274.216856762592
3571.215458115721
4484.779011224174
-2896.4790702853816
15695.566356588379
-7031.40052679709
-6083.8698639649865
16975.08277105337
-17443.46566717171
6465.044787551523
1130.6758972934854
6040.79657505112
982.203420721383
-2632.0933230018927
10686.128343658382
-154.8121857863082
-14557.92784274325
13082.651177112917
10018.860689801833
6849.280258851419
-1061.551026900836
-2636.0879995743844
13851.461498366512
9541.38096552926
18699.68348221877
7243.524142329831
2801.2668244541273
-10105.777059278824
