%%MatrixMarket matrix array real general
1000 1
3.59535543382222400e+01
2.20015501564506941e+01
1.49118540011118359e+01
2.43126852538422504e+01
-3.90261764652489074e+00
-4.74430099732501986e+01
-7.10087293277676110e+01
-9.70823201301105314e+01
3.85041769456372549e+01
2.34072750630361206e+01
-3.88573496973206858e+01
7.56399635662281611e+00
3.58063043858654595e+00
-6.74152155201731773e+01
1.81858844740306260e+01
1.25074852627076396e+01
5.97924571038205741e+01
2.20090010423044653e+01
8.16951181985884745e+01
2.48606422013453976e+00
2.39769930396913544e+00
1.37294727320149796e+01
1.82917920838963681e+01
2.22275078985806758e+01
-3.22517740888348126e+00
-1.15764149757564265e+01
2.39762102004050845e+01
8.50234421340208826e+01
1.75740656734164169e+01
1.05971099405641169e+01
1.61570424682906442e+01
2.62227747528030761e+01
-1.99028686091581051e+01
3.69320670203048138e+01
-1.25272712611031594e+01
1.92519302837167920e+01
-9.59029557582357484e+01
-3.44919222334885873e+01
-9.76730316246310082e+00
5.46993545887156500e+01
2.23895899878911813e+01
-3.14311491667531300e+01
3.04937068753126930e+01
2.14452130631348687e+01
3.41587814247413704e+01
6.72954697592552975e+01
3.09358985309914871e+01
7.68658984260391520e+00
2.45724172988686895e+00
-2.27108117464583170e+00
2.41258962877839345e+01
-5.93458077148636143e+00
4.28012269070824729e+01
-3.34331282220936643e+01
2.52221687786941438e+01
1.54409247679847574e+01
1.01824161660339207e+01
1.49446078341532953e+01
-7.29285589892964197e+01
-1.92087485225977623e+01
2.14324873512648537e+01
3.70232393579235941e+00
-2.06589023331071289e+01
6.52953258872704634e+00
1.85424532824819934e+01
1.62429900699731569e+01
-1.68389936948538583e+01
-2.85683986791748694e+01
7.80371479885380825e+00
-1.63900347803956592e+01
-6.35876926574312549e+01
6.13941105080369809e+00
2.01769279040520217e+01
1.26450863013619603e+01
1.90034121904949380e+01
-7.89044763043406938e+00
1.14033465109857346e+01
4.48225293308126211e+01
9.43566024296158616e+01
1.36479939850011842e+01
1.02173071769397765e+01
-9.47933905950597655e+00
-9.59630938793315913e+00
2.35562397061992641e+01
2.03587342657201660e+01
2.64297180229527875e+01
3.14222835258065913e+01
-4.02069322415020025e-01
1.25164943690181438e+01
1.63725468106167042e+01
4.86275316243218647e+00
5.08184945538064881e+01
5.36200501600503188e+00
5.82175648108223864e+00
-3.69668775733200192e+01
-2.49585489073524514e+00
1.87155211307308171e+01
3.01136604894273585e+00
1.74073900391016174e+01
2.32788090137368577e+01
6.38598660150643038e+00
-1.30951894732565307e+02
7.85763400853601102e+00
-6.19756928065325852e+00
3.53350743155788933e+01
-7.18521385874485077e+02
-2.30096210646024062e+01
1.24021385593088702e+01
2.76121714451346278e+01
1.99700672841379401e+01
3.57192560479968577e+01
1.65903514729070629e+01
1.62471896019341706e+01
-1.98915616672498743e+01
2.04592314456150461e+01
1.72304518979411370e+01
1.82343976736488322e+00
1.39119488516129941e+01
-5.17747673619781423e+00
3.09145627742122375e+00
-1.55580840588249139e+01
2.10757973348469214e+01
2.05899530746997428e+01
-1.62993756101921434e+01
-3.22355655384123096e+01
2.04019341548741906e+00
8.88434028339266035e+00
-3.66653453696749265e+00
6.27691512136599314e+01
7.40538748062873609e+00
-7.06509033020096666e+01
4.10112520734047905e+01
5.93429931855433068e+01
8.86520585646641024e+00
7.12384813013836471e+00
9.21610131655657128e+00
5.54899325162093504e+00
5.06433637284532239e+01
1.43872334354215923e+02
5.19204417215649130e+01
-4.90272763847155204e+01
-1.70434795502601055e+01
1.14500360732998843e+01
1.83162220046991813e+01
-9.13235191906813242e+01
-3.21519271000900204e+01
1.63336205897265536e+01
5.70158266433686745e+00
4.23454578567071991e+01
4.90326104414804362e+01
3.48181119299213861e+01
-2.33455184491617551e+00
-1.11265838529067622e+02
-4.05993418218362621e+01
-8.29692170820807604e+01
2.97670108800852873e+01
2.62236098237173820e+00
-6.90552695433394348e+00
9.78380654960552754e+00
2.81784108730917104e+01
5.33040288304311289e+01
-4.96010441159294970e+01
-3.29078917500118351e+00
2.47857161367698851e+01
1.99320493618640064e+01
2.23707270220543499e+01
2.62943779951878298e+01
5.66595630066519291e+01
1.59487665588486962e+01
1.18109420922135051e+01
1.70894534592710201e+01
-6.28046961373699588e+01
6.87604877102622964e+01
2.71953046774529810e+01
-2.50409497776593710e+01
2.79084789913824132e+01
1.49903009439483199e+01
2.42854729221257202e+01
2.25731259287948447e+01
2.97088166956556989e+01
4.35852110884576120e+01
1.93524524531168183e+01
4.39792786162845886e+01
-7.25434172694432675e+01
1.89884514215190903e+00
9.45971361646990516e+00
-2.71065251468034951e+01
2.63956828870698210e+01
3.15338101726848770e+01
2.04591405294264135e+01
-2.98259008090566127e+01
-5.13610993196930821e+01
8.34256225567253651e+00
1.77468410742035481e+01
-4.82000038599098435e+00
3.04263316719719121e+01
-1.28639484792230718e+02
4.00205458938565251e+00
-1.03502170202399792e+01
1.33497891348972288e+01
4.37115398360482388e+00
3.16148710935118231e+01
-2.75021563739901360e+01
1.71989665804990537e+01
3.72882466555817871e+01
3.08931729179997774e+01
4.68648290525080995e+01
7.68176987779656795e+00
1.48114574641906440e+01
1.04225795082265194e+00
-7.46641507736926968e+00
2.84507735571721945e+01
4.75517748053227649e+01
2.73386368206148234e+00
2.64773368954577606e+01
2.81695355957293039e+01
9.43689602244224623e+00
2.16158566190499428e+01
1.57048837066211604e+01
9.98810992925249685e+00
2.20817053005796993e+01
4.34558548887867246e+01
3.36787422012777071e+01
-2.69012999400437103e-01
2.10666521820961083e+00
6.91705476866960378e+00
1.94708515445000074e+01
1.76529643941138126e-01
1.12165711089034783e+01
1.77588967912333544e+01
-6.45899292765424526e+00
2.15468222723367937e+01
1.76172023922185446e+01
2.24098186153725436e+01
1.64700495512494172e+01
2.80364095681370173e+00
-6.55517535694065323e+00
-2.22114044013477496e+01
-3.06016688517339652e+01
3.02441144982891537e+01
4.20931059874299507e+01
2.40812260190181533e+01
-1.05555148928910768e+02
-1.94897239181296591e+01
-2.22932742196061753e+01
8.56394242562283949e+01
-1.38760036339884785e+01
-3.49602295579669864e+00
-8.04064643215978059e+00
3.89596475572977425e+01
-5.41200739875309225e+01
3.73934222727975936e+01
3.54690614425949562e+01
3.41760995078388987e+01
2.15358313970996065e+01
3.09433601823559812e+01
-2.44236268432281385e+01
5.44784096962834408e+00
-3.19545540653311111e+00
2.23364082806901258e+01
-2.47233472372673768e+00
1.71340402842916291e+01
-5.57692932753567874e+01
2.13577821933793821e+01
2.71444318404559297e+01
-4.87399753459406213e+01
-1.74151567348511627e+01
-3.14942238209517562e+01
-2.45235101663325175e+01
-2.51537975821111175e+01
-9.56771639276661290e+01
8.09485002718541011e+01
2.71429170671143467e+01
3.97744416379610399e+00
-3.12072071780683835e+01
-6.91358338497263105e+01
-5.93654796236990592e+01
2.25734222033436822e+01
-3.05412156588492572e+01
-1.26735072898212820e+02
4.91796294696712266e+01
-9.87645599452227998e+01
4.52121095383476330e+01
-2.42713194846538549e+01
-7.41687562181587978e+00
1.99218131169648807e+01
6.49367932729016673e+01
4.83691036933559815e+00
7.81000438668309371e-01
-7.86213383587212178e+00
-1.15493524976404117e+02
3.87888806267381838e+01
5.80788348894907802e+00
2.33569412308765472e+01
5.74191559963153964e+00
4.21068022203594481e+01
6.49077476773701392e+01
2.31595140402105493e+00
2.89805647897570537e+01
-3.86806992341777587e+01
-6.74329234832459179e+02
-1.38908563635846054e+01
9.99453332252428055e+01
-6.02232361844874049e+01
9.81378614367660163e+00
4.23003747764459348e+01
3.11530802583513946e+01
1.99139299212733754e+01
2.17578720697761412e+01
1.89959349900848338e+01
-1.64460303641660659e+02
6.57522422865034883e+01
3.71277490726181156e+01
-6.39313801039401497e+00
9.74138619327023214e+00
5.57586509670605892e+01
-6.15225997459365530e+01
-1.14198413230063039e+02
7.15424054016592663e+01
5.46448399094985078e+01
-7.32304699901278155e+00
-2.25940434646200217e+01
1.68971635592274509e+01
-1.96325014608578674e+00
2.71692794079735762e+01
6.89583889875670231e+00
3.66433093148139211e+00
2.02678281357743941e+01
3.46983178573615518e+01
-1.79137409992935268e+01
1.92720398011412009e+00
1.42803065144866128e+01
3.65004709790283677e+00
-8.16852605483726279e+02
1.80945351302356343e+01
-1.71930430805534407e+01
1.95090041699913286e+01
3.96497189261302623e+01
2.39601021595310186e+01
-1.47498440078960584e+01
1.94154959870530419e+01
4.65652304735313649e+00
3.08319715440447268e+01
9.92055070905847813e+00
-2.94084151663813884e+01
3.66849345258109309e+01
5.82849635608045915e+01
1.83687300238553668e+01
-1.72174618508548392e+01
6.48230349703551489e+00
2.90400195819812623e+01
4.67941958885515774e+00
2.87589892346825664e+01
1.89663716362338022e+01
-1.59919705663718226e+00
1.21609040769219714e+01
2.55796168745566916e+01
5.10664910082445189e+01
5.06776187673920333e+01
-1.14755043938769692e+01
3.24456663543568311e+01
-7.51247866682899001e+00
1.67032190376159555e+01
-7.21235558580035452e+00
1.64788852163518555e+01
-1.31364408648439390e+01
4.79022623508373879e+00
-9.43188696323459652e+00
-3.13416713436271479e+01
1.09907602918187806e+01
-3.67247799055337225e+01
3.90355905107698646e+01
3.50961817629326660e+01
-8.29755993761628652e+00
3.49731396808505437e+01
4.68384122922524142e+01
3.65241707761267236e+01
4.40246391915234341e+01
7.99422342294846100e+00
1.74922956474532754e+00
2.12871265512267165e+01
5.78671556035748491e+00
1.72577914954648683e+01
-1.33664709567147710e+00
-2.72141659386073975e+00
2.39878856609579145e+01
-6.54503277761378044e+00
3.87550523683752530e+01
1.89925274418433645e+01
-6.39785780901019585e+00
2.45713196354143584e+01
1.23857199963784392e+00
1.80085429574744182e+02
-3.48604000104203493e+00
4.45552405286009190e+01
5.71882457139569453e+01
1.59768684979885633e+00
-3.28569814811650573e+01
-2.06187483873459769e+02
4.40610912488956785e-02
-9.48650414576414747e+00
-1.95945055295246320e+01
-2.35388863956775012e+01
6.00019443917807394e+01
-1.17084100294838986e+01
-1.89470047641884278e+01
7.08211194683074652e+00
1.40257527484432867e+01
2.88249617258702990e+01
-4.28624986991237922e+00
7.85219401805483841e+00
1.08400371719859265e+01
4.99247399830891965e+01
-4.40378325746519295e+00
4.63730066658547173e+01
7.42153254704104199e+01
-2.16493557283046911e+01
3.11934468209466829e+01
-2.51126013545308631e+01
1.08574172259824806e+01
1.95775358576637828e+01
1.41460565003771741e+01
-1.83911402455955795e+01
1.76851879700213388e+01
1.48368507149481719e+01
3.10998848146168925e+01
2.42369936894165292e+01
4.23244426652408521e+01
-6.22412570314931486e+01
7.66081819717103762e+00
2.59195400799933253e+01
-1.05113951333823064e-01
-8.48230953014977906e+00
-1.17459527971346986e+02
-3.65422194839253081e+01
1.67180833060872125e+01
3.41337533263011839e+00
1.54941617729382415e+01
2.54775714935182265e+01
-4.93897186325809301e+01
2.63037546888680964e+01
1.25182682431168502e+00
4.54342913543603757e+01
4.03546970878111750e+01
-1.93862456241405710e+01
1.50938971579746344e+01
1.28680229025321324e+01
4.77945627552483359e+01
-4.62364536791278979e+00
1.88651353995337629e+01
2.70833678559472091e+01
2.84580804285036919e+01
9.83623253626708660e-03
-5.94625933072530444e+00
3.25931457356786396e+01
-1.25286403100469244e+01
2.25474403853259702e+01
-1.29221519464244608e+02
-6.25779142635371670e+01
1.59735819990911967e+01
-1.33423500853044885e+02
3.10739657648528649e+01
3.74120807560283026e+01
-1.37854076599404785e+00
2.94267777237393453e+01
-3.25133186813846287e+00
8.20894748555663156e+00
2.91303472798202190e+00
-1.06646958838931312e+01
-7.57718587352130069e+00
2.70729751978308997e+01
3.15173517783551560e+01
3.15520857943282245e+01
3.67171209295756213e+01
-3.43503415249347910e+00
-1.40717234647535143e+01
2.01404764813759378e+01
9.06687121841365666e+01
1.22885056962567685e+01
-8.33401846131173407e+00
3.26483466797570365e+00
4.97125630431974059e+01
2.28905126572822262e+01
1.61747787810405441e-01
5.91001521564995613e+01
-2.64177215807038266e+01
-1.60589052479686316e+01
9.62334829868225761e+00
-4.01046976765840313e+00
-2.73154171569478166e+01
-8.71027678537709349e+00
8.43162215254749547e+00
6.00575646761934152e+01
2.09326994580105463e+01
-3.11291339146202368e+01
-8.63397772024511667e+00
-1.98466587931940204e+01
-1.75879772419549596e+02
7.31309094505580859e+00
-1.62536866300921929e+02
-4.14659873420737313e+02
3.52731676392797198e+01
-1.98000036140636695e+01
1.49040158730829244e+01
9.17844133111085014e+00
1.07531112488133203e+02
3.90524984646805962e+01
4.35551364684114191e+01
3.34275719783512386e+01
7.42632257871871957e+01
-7.15069542600202794e+01
3.71614080839127041e+01
7.37307301294466910e+00
3.68904087401700593e+01
3.19664601198652143e+00
2.83896721589899634e+01
2.13454225823494852e+01
-1.70656547323100298e+01
-8.72410802881504388e+00
3.12643380189559075e+01
3.92503659098691884e+01
-3.44678136105536055e+01
-5.83944374310123315e+00
-1.19450938428064681e+01
2.12609273357169819e+01
3.07625294133246427e+01
2.31662147835723289e+01
1.68515789670498549e+02
2.84557005294031420e+01
3.66207257217347433e+01
-1.82891739098592474e+01
1.48451080448211563e+01
4.05107681927859247e+01
1.92161781832301273e+01
-9.14660436179387970e-01
-2.39498066828546508e+00
3.11250442450336564e+01
-2.40347884904471414e+01
4.00418548241218542e+00
1.36390508570198499e+01
-1.56800025158659917e+00
2.44312782437669824e+01
-3.19073670151047679e+01
-1.00754599487224077e+01
5.12368824547325971e+02
-3.49088139350189692e+02
3.69231011447274540e+01
1.35365447276659090e+01
4.08167837568846963e+01
3.40421543087868983e+01
-4.45968668113333067e+01
2.30116366724804742e+01
-6.80105873163159380e+00
1.85297682485286295e+01
-4.79396714055168189e+01
2.35459282990558343e+01
-1.48003921174907855e+01
1.12123285603083325e+01
-8.64733002002494899e+00
3.63618763616280205e+01
5.15773618103097959e+01
5.09446738237946875e+01
1.87255242352714788e+01
7.02366486594762591e+01
4.50131444868751185e+00
-2.10231515530018864e+00
5.67688972333742115e+01
5.30349631919332154e+00
-3.43934098872681275e+01
2.06981085153196105e+01
-9.15010676983113314e+00
-1.44845788562490032e+01
1.84858950133193645e+01
3.11481584219426324e+01
8.79137777814279104e+01
-4.15907318744284211e+01
-5.19593972212114608e+00
2.25168810548466389e+01
3.87412399853319229e+01
2.41011916206346726e+01
-2.48491895150321511e+01
-3.66204184489967446e+01
-4.21267002101412924e+00
4.19158910006314471e+01
2.94062615109510155e+01
-3.53997491691360437e+01
1.24598460491310945e+01
6.18180724344494266e+01
1.93602822211404728e+01
1.39908790348585796e+01
-8.30720314411856364e+00
-2.03109725184050092e+01
2.94227172238487640e+01
8.70178877730432898e-01
1.39608474161261320e+01
2.49432566431594722e+01
4.23012436093509159e+00
-1.18627711151867157e+01
1.83684564407946826e+00
1.84126036738636749e+01
6.08466402430106257e+00
2.70326568893539907e+01
4.22242564382431453e+01
-6.44124819205767949e+01
3.54771548006415394e+00
6.41873348869692339e+00
2.50302526935622360e+01
-3.02196938757471436e+01
-1.06386714624952532e+01
1.67966732776059722e+01
-1.16253559157365373e+02
5.98075582244723236e+00
-7.69354638229196830e+00
4.49470615516427046e+01
4.95012525788374234e+01
-4.36122866248958232e+01
-1.65326494955884984e+00
-7.29900054240361129e+00
8.53969757116013284e+00
1.95224900295997763e+01
1.50651892277594044e+01
5.03533187275963670e+01
2.87493423631153711e+01
1.12272793905293096e+01
2.24432066458649260e+00
2.34867799000299904e+01
-2.29377943271453333e+01
-4.47738411668292002e+00
-1.15984054559144170e+01
1.10054407198906077e+01
-3.46973011293563286e+03
-2.36575504718859577e+02
-1.20379833654286529e+02
2.42003949522399893e+01
-8.17657919888378387e+02
-3.55687836898731433e+01
7.27139289159005209e+00
-1.06038151946787806e+01
5.22414044412709870e+01
-5.00382104675242445e+01
2.54406008088696822e+01
1.01553045269497488e-01
5.70070832662557549e+01
6.26796579604323512e+01
1.38323861344195809e+01
-4.73676289797688241e+01
1.14351595020109897e+01
2.48966532650573775e+01
1.07588354957928800e+01
-7.39116012504961972e+00
6.65747196791090978e+00
8.04516258201438639e+00
8.92925890576454577e+01
1.41271073216760534e+01
9.90474921262107877e+00
-4.85544291808604527e+01
-1.94349743949611629e+01
-4.18457881160295528e+01
1.90755948057977669e+01
-2.57364982702423433e+01
2.24854894351638563e+01
9.46190381345016718e+00
2.31089609107289391e+01
5.00638136208318407e+00
3.80118340653650435e+01
-1.16580745148790310e+01
1.71540833015939285e+01
-7.92968377526712676e+00
4.39974275777643697e-02
-1.42782993683153194e+02
3.34017428062441581e+01
3.84355192928212830e+00
1.05463748445053156e+01
7.61796747712076261e+00
-2.48724100398766325e+02
-7.72942647208811309e+01
-2.40176901793136963e+01
-1.09136180829372904e+02
-3.59985085886855671e+00
-2.31784514231668766e+01
-4.11734908465942127e+01
-9.03270529818441226e+00
2.63189986778657108e+01
4.01091652131296161e+00
5.04388658035223258e+00
9.83843529472600054e+00
1.03663830602504721e+01
6.37701308470850670e+00
-5.63776923808930874e+00
2.93614005572879293e+01
4.06448393904451422e+00
4.91683531512261407e+00
1.13541178303627941e+01
7.21855318912759003e+00
1.86912262336106982e+00
-6.45552124403216077e-01
-5.53109708050133886e+00
2.48754833765756551e+01
1.27628838253622163e+01
-2.97106504218788210e+01
2.68731545144955817e+01
-2.22011190553566777e+01
-1.02752536803690369e+01
4.45438325377852138e+01
-1.37921668557880167e+02
1.98860865323941560e+00
2.22143554347312069e+01
-1.10810096213082865e+01
5.70620420324042499e+01
2.27494634823076538e+01
1.91536407185410411e+01
2.01216765987935204e+01
-4.68534395634078322e+01
9.06718424851465130e+01
-1.07540630271638573e+01
6.33447302629877473e+00
-8.07530319777717764e+00
-1.38010112326471965e+01
1.44284123921646938e+02
2.89440187304487715e+01
8.30696621716534622e+00
-1.26984073504222081e+01
1.77963642295545093e+01
8.06853425013359242e+01
3.52517619634598347e+01
3.72979920224856158e+01
5.54547397396669410e+01
2.35408203452911380e+01
-8.79634137891083689e+00
8.90587390246273714e+00
3.93448770000343657e+01
1.42225007299984370e+01
4.23548553212604943e+01
1.57672372153031723e+01
6.80002393272032037e+01
4.31114547503024248e+00
-6.14962601546407797e+01
-3.91124634906453110e+01
2.20796938504707043e+01
-2.25858993330171076e+00
1.19775359478576675e+01
3.66272152491785477e+01
3.29579442013429880e+00
7.96516008018452570e+00
2.80768708884456188e+01
-4.19661704256769497e+01
5.12431940778192985e+00
1.19101570618592518e+01
2.41062982353571442e+01
3.76683078081848990e+01
4.22731918564947904e+01
1.05463968207649366e+01
-8.23241621488255362e+01
-3.57383443032198311e+00
-1.72900220527666377e+01
-8.94685985655002298e+01
2.50102381665132860e+01
-1.08139890761036277e+01
2.67278193024285819e+01
1.89786514705544498e+01
4.43923655907592405e+01
3.64728284875196493e+01
2.10990358897419483e+00
1.69326814856733172e+01
1.17413556027935613e+01
3.32760715267925349e+01
-3.54184272107656106e+00
-2.04741927456052167e+02
1.19885340630691530e+01
8.26395758008440895e-01
3.24047471355552403e+01
-6.09871885550138586e+01
4.50736452586312950e+01
1.14881232615893758e+00
1.35159374398716015e+01
9.40418625992090185e+00
-2.59666587765330235e+01
5.28080789085488433e+00
7.05904954215611298e+01
-2.22561868620305106e+01
1.23613837947139817e+01
1.48901104284062242e+01
1.98709063077432475e+01
6.38458031842795180e+01
3.06962150522668615e+01
-9.77528841105233823e+01
-5.26445943212352585e+00
1.17868268739678648e+01
-2.25826465426080674e+01
5.97021047835283767e+01
2.37624698491657895e+01
3.48702909001983130e+01
6.83914510235880755e+01
1.49300501392248730e+01
1.81595912575808640e+01
-1.72226664245712087e+01
2.58358619674353989e+01
-5.94048241136823751e-01
3.90996348504363596e+01
-1.50854256146259047e+01
3.17322931005771451e+01
2.71670459346793436e+01
3.49392154470147043e+00
-2.78646130771892757e+01
-1.31377047431441891e+01
-1.03239711155594406e+02
1.38774118179631039e+01
-2.68518342465201023e+01
-8.99205269039776667e+00
1.26799474030563445e+02
4.20624912638274537e+01
1.38926801725945435e+01
2.65138522576935465e+01
1.61350486666454707e+01
1.98981170034059289e+01
5.03023599361598528e+00
2.80487926679425570e+01
7.88033642476788199e-01
1.68259652128802060e+01
3.34117417178877796e+00
6.01840340380492194e+01
-1.55945216330969689e+01
1.47850630112840236e+01
4.66002800292559556e+01
2.72467405372837135e+01
-6.46501476899744745e+01
8.90427715581230039e+00
-7.59015480516818570e+01
5.10786382780570349e+01
-2.25266334493587017e+01
-3.48986267859970809e+01
1.78167236521092072e+01
1.29153124935274519e+01
4.48075574413422615e+01
-1.02398921986412379e+01
6.54233830447270464e+01
5.79296695146456742e+01
1.26168940332450870e+01
2.85876143680702688e+00
-1.12565544716372692e+01
2.16632138673881585e+01
4.14318554214254036e+01
4.39451157248555262e+01
1.26700111240122894e+02
9.99383711964820804e+01
1.90397914118997633e+01
3.15375622958587947e+01
2.71217702535073286e+01
8.66467622420258721e+00
-1.26719347935779325e+02
6.87009962362142090e+00
2.32756309110010520e+01
-4.81849448902036137e+00
3.66684768071419009e+00
3.20003050949484020e+01
2.13960355513655536e+01
2.61821281466423734e+01
1.68482582416159090e+01
-1.43515429988529455e+01
3.70458156997331329e+01
-4.95698989381387278e+00
-1.64988133360606604e+01
1.21377868279316203e+02
-1.87009534757255409e+01
6.33946295827497508e+00
3.62648854860404128e+01
-9.31514966504505537e+01
7.95461400741334757e+00
7.67463123158695915e+00
-2.68909502286902669e+00
5.72872712928838901e+00
-2.44470537070599292e+00
7.86430430767225075e-01
-1.92218489322810093e+00
2.22224182522813472e+01
7.57093916041298698e+00
1.27152867245056953e+01
-5.56393375946559665e+00
3.01580101150360171e+01
-5.35795981902969345e+01
-2.55695326914740839e-01
2.60772443661012687e+01
-9.45944480987127534e+00
2.35433285982867311e+01
6.20442382774781080e+01
1.90896289269716561e+01
4.79668121001765755e+01
-3.24137310172244781e+01
2.19396880180710383e+01
-2.00292357888308921e+01
3.50285146426686680e+01
2.89677239220151925e+01
1.52282338124949241e+01
3.39082443400350186e+01
3.37035747486242840e+01
-4.21444164700569104e+01
1.13848885315878103e+01
-2.91730093515473277e+00
-3.87546453293317938e+01
2.77069222967748807e+01
2.50020771830592636e+01
1.39843655373173249e+02
-2.38131585259962293e+02
4.61208019340170807e+01
-1.65929873066398912e+01
6.74191114230512198e+01
7.29772989499808489e+00
1.95134222365356997e+01
-7.76284774420372603e+00
2.90481647849369367e+01
1.92305036412267008e+01
2.90863068583788120e+01
-1.85769902523983355e+01
-6.99363583856030431e+01
3.84042698954553288e+01
6.58283496553044642e+01
9.48083200424291661e+00
3.62034670574422606e+01
3.47006605912422756e+01
-1.35351034806457534e+02
1.32897955832943762e+01
2.88559049072886431e+00
2.82854664397630273e+01
2.00587426592749729e+01
-1.57300118854901125e+01
-5.52674936937976113e+00
8.62750109730636616e+00
4.07020652722613931e+01
1.14577402679615403e+02
-2.84231665916482292e+01
2.06808494052438512e+01
4.65718257226141574e+00
4.22280660878174530e+01
-9.43316038897362219e+00
5.54864615939041883e+01
1.65966330400235833e+01
6.88608532311697132e+01
5.92322649707402817e+01
1.84812287302148626e+00
2.87560243261912234e+01
-1.25130715004732451e+01
6.62217780337540063e+01
4.75664483163654808e+01
8.10119194925848376e+01
8.99599802319779229e+00
-1.40504326141708162e+01
4.70106966749316442e+01
3.45733548510626747e+01
4.87413097518239695e+01
3.54443843685325888e+01
-4.06186955228214472e+01
5.88013068233731389e+01
2.52818251666775033e+01
-1.58836599685277613e+00
6.84435403804469615e+01
-3.18876179614873820e+02
3.24338535601861793e+01
2.63694780301615843e+01
4.65797445570493025e+01
1.54025164360420916e+01
-2.55999074322547955e+01
-5.48921021049691049e+00
1.09384863624311812e+01
1.59869194331392368e+01
-1.77521204901368801e+00
9.75514018561275620e+00
-1.87399342828903372e+02
8.51874323106578260e+01
7.04646405141548939e+01
-2.31831364525887835e+01
2.16200792325748559e+01
-1.60795774287836046e+01
4.59906383243179278e+01
-5.66030290321072549e+00
1.29307396674035022e+01
2.31793514958299127e+01
-2.31377640228060031e+01
2.72813485235258142e+01
-3.22814583580276206e+01
4.12489528426399232e+01
3.08513390960377576e+00
3.41617291617260648e+01
4.87280782039461329e+01
-3.60543770630688485e+01
-2.80679751149349279e+01
3.01618995466420543e+01
3.46676705160516576e+01
2.44934555182149367e+01
3.51105679690606252e+01
1.33901487477561929e+01
-2.90635765364972158e+01
8.23880695952011450e+01
-6.80604403679197745e+00
2.90824915836820708e+00
1.33952316273025431e+01
4.50459235149696582e+01
5.58969734735489041e+01
1.53699570715879688e+01
-1.02836595716892489e+02
-3.73873649701907240e+01
