%%MatrixMarket matrix array real general
1000 1
8.76029829162365548e-03
5.36080912711667853e-03
3.63336230688063875e-03
5.92393099971181853e-03
-9.50896102791343482e-04
-1.15597727920965978e-02
-1.73017010882593122e-02
-2.36546872440517690e-02
9.38177272667167252e-03
5.70332239803859973e-03
-9.46782537738084101e-03
1.84301289762404193e-03
8.72441996109930493e-04
-1.64261199823287178e-02
4.43109938980773294e-03
3.04752350069941889e-03
1.45687893578223485e-02
5.36262457996459618e-03
1.99055035743226881e-02
6.05744398332223183e-04
5.84213758639659866e-04
3.34526804742920313e-03
4.45690441161584756e-03
5.41586508079901826e-03
-7.85833742039485517e-04
-2.82066266331374967e-03
5.84194684292801709e-03
2.07164695837261589e-02
4.28202608419282760e-03
2.58204914137738842e-03
3.93675991533848704e-03
6.38933571650795225e-03
-4.84945283114502062e-03
8.99871875199152911e-03
-3.05234447740486024e-03
4.69084781961619235e-03
-2.33673280696306898e-02
-8.40416289789797967e-03
-2.37986176284474531e-03
1.33278245051567292e-02
5.45535735009546573e-03
-7.65838725593133082e-03
7.42997384158718219e-03
5.22525427091821270e-03
8.32299114975078129e-03
1.63969432123512726e-02
7.53771648003044321e-03
1.87288353282471045e-03
5.98721626405368957e-04
-5.53362495046499079e-04
5.87841875230335313e-03
-1.44599605660365466e-03
1.04287746192286684e-02
-8.14618141206352800e-03
6.14553209355832731e-03
3.76227355975939856e-03
2.48100652594112400e-03
3.64134297396400894e-03
-1.77694790538503213e-02
-4.68032632556300999e-03
5.22215357520101550e-03
9.02093343669199948e-04
-5.03366496433262003e-03
1.59095962096066123e-03
4.51797951003557116e-03
3.95770156191688725e-03
-4.10292140548860259e-03
-6.96086099831135646e-03
1.90142172808880489e-03
-3.99352988401791096e-03
-1.54935211722026771e-02
1.49590417776175968e-03
4.91622901550435500e-03
3.08105081576010671e-03
4.63029490162069658e-03
-1.92255470062255253e-03
2.77849349800669788e-03
1.09212770295017449e-02
2.29905498436027041e-02
3.32541526398660078e-03
2.48950792917809315e-03
-2.30969758893711987e-03
-2.33819810820850389e-03
5.73961852322105084e-03
4.96052722158837889e-03
6.43975868050481858e-03
7.65622708955369241e-03
-9.79665922632333468e-05
3.04971862327001403e-03
3.98926883571272799e-03
1.18483885684022758e-03
1.23822297744098243e-02
1.30648455336304799e-03
1.41850574426393371e-03
-9.00720055118280419e-03
-6.08129953710986274e-04
4.56014852512338746e-03
7.33737326936864122e-04
4.24141457021544755e-03
5.67202087770429970e-03
1.55598378366822963e-03
-3.19072114239066645e-02
1.91455946562710776e-03
-1.51007477788663459e-03
8.60960193946896588e-03
-1.75072027926865464e-01
-5.60643162583939099e-03
3.02185514710270236e-03
6.72787052048643384e-03
4.86582618973113550e-03
8.70321011357362562e-03
4.04233824278777201e-03
3.95872480296609666e-03
-4.84669782720436714e-03
4.98501395981359834e-03
4.19830253513958987e-03
4.44291992069982512e-04
3.38972944403379949e-03
-1.26152313566441272e-03
7.53251789543693908e-04
-3.79082012085151833e-03
5.13524392192806194e-03
5.01686506563685328e-03
-3.97144023562369299e-03
-7.85438811025878682e-03
4.97105313264556946e-04
2.16472258277027735e-03
-8.93373042849028511e-04
1.52940786596756067e-02
1.80436689750020540e-03
-1.72145146395244406e-02
9.99263655816232978e-03
1.44592747891543923e-02
2.16006036534564273e-03
1.73576815291089613e-03
2.24555814035417613e-03
1.35204535398960267e-03
1.23395581026268363e-02
3.50553537210437013e-02
1.26507257845779181e-02
-1.19457887672426658e-02
-4.15274560570327942e-03
2.78986968877575339e-03
4.46285690775740079e-03
-2.22515209935915392e-02
-7.83400910512744089e-03
3.97978422945779314e-03
1.38922467592702235e-03
1.03177237674598257e-02
1.19470884420377066e-02
8.48364096600562854e-03
-5.68827503015025080e-04
-2.71105862305813343e-02
-9.89227216472371787e-03
-2.02159453784185664e-02
7.25291002125849800e-03
6.38953918652472716e-04
-1.68257289423263284e-03
2.38388291170890925e-03
6.86583813967420013e-03
1.29878450488401243e-02
-1.20855907024910968e-02
-8.01820440801568929e-04
6.03918780009972660e-03
4.85656289585998172e-03
5.45076127578690301e-03
6.40678227425401335e-03
1.38054409959585400e-02
3.88601224581722670e-03
2.87780659624207796e-03
4.16394742326987432e-03
-1.53027393926736290e-02
1.67539035877476220e-02
6.62629844228792685e-03
-6.10137700140135630e-03
6.80006762419337312e-03
3.65247637312423028e-03
5.91730055252974452e-03
5.50007697849227463e-03
7.23873066058542021e-03
1.06197970483368643e-02
4.71534064668361654e-03
1.07158139555481036e-02
-1.76756369730723291e-02
4.62664962088801205e-04
2.30491573250412663e-03
-6.60466677929951590e-03
6.43146581632994974e-03
7.68340122329656122e-03
4.98499180754113577e-03
-7.26725890424536995e-03
-1.25144386669968407e-02
2.03271512987624999e-03
4.32412384270959918e-03
-1.17442188746644119e-03
7.41355747081138324e-03
-3.13437789282128565e-02
9.75124507929616942e-04
-2.52189220646677420e-03
3.25275587086110932e-03
1.06505778023421806e-03
7.70315220089275426e-03
-6.70106469120086441e-03
4.19063094945978931e-03
9.08550404785060835e-03
7.52730612919339480e-03
1.14188955568564135e-02
1.87170911960619349e-03
3.60890009091717825e-03
2.53952375893925684e-04
-1.81923663600891514e-03
6.93220093467374326e-03
1.15862739931636965e-02
6.66122217519799051e-04
6.45136130325332530e-03
6.86367562532626437e-03
2.29935608941295774e-03
5.26683259269682645e-03
3.82658873197971308e-03
2.43366265061476699e-03
5.38033940680954573e-03
1.05882786375470061e-02
8.20602672532529630e-03
-6.55466243171062038e-05
5.13301565082957935e-04
1.68538171505965917e-03
4.74418929258429121e-03
4.30125022881108648e-05
2.73298455554202768e-03
4.32706129018160975e-03
-1.57377221115481344e-03
5.25001196172706318e-03
4.29253660341642404e-03
5.46028617602181861e-03
4.01302596092371552e-03
6.83123867344338385e-04
-1.59720763461908624e-03
-5.41194136750013533e-03
-7.45627942207878827e-03
7.36915916792591115e-03
1.02562367270264531e-02
5.86753457447008672e-03
-2.57191425953393130e-02
-4.74878765915777261e-03
-5.43188943778764692e-03
2.08665573075178558e-02
-3.38097117703226990e-03
-8.51826877505241402e-04
-1.95915153591132022e-03
9.49275086206487206e-03
-1.31866793262074983e-02
9.11113071527682589e-03
8.64224870337042435e-03
8.32721080415119337e-03
5.24733396931891666e-03
7.53953455595934591e-03
-5.95096258070167659e-03
1.32739899622487086e-03
-7.78591798615361802e-04
5.44239930944233948e-03
-6.02399124516049046e-04
4.17481126953616385e-03
-1.35885214576903016e-02
5.20395121721317546e-03
6.61390297165258614e-03
-1.18757861528840294e-02
-4.24330697203102736e-03
-7.67375577221829797e-03
-5.97529974905287604e-03
-6.12887304307924933e-03
-2.33123125412911351e-02
1.97235856563739292e-02
6.61353388807905083e-03
9.69128030718489149e-04
-7.60382245261752125e-03
-1.68453589168475366e-02
-1.44647537441391257e-02
5.50014916755597449e-03
-7.44154964050088887e-03
-3.08797575937775765e-02
1.19829105065095611e-02
-2.40645750242639012e-02
1.10162005743177655e-02
-5.91385198294079508e-03
-1.80716605172760183e-03
4.85406877364166333e-03
1.58222375963357233e-02
1.17854210592416709e-03
1.90295422373575670e-04
-1.91565587543834144e-03
-2.81406872885662969e-02
9.45114247931711296e-03
1.41512550685706819e-03
5.69105825915178654e-03
1.39905203654995839e-03
1.02595738959974370e-02
1.58151604634736813e-02
5.64295394476767146e-04
7.06128773332708772e-03
-9.42478343677248011e-03
-1.64304346333141255e-01
-3.38459013332468271e-03
2.43522774875710515e-02
-1.46737512541882126e-02
2.39118761889456658e-03
1.03067390056396559e-02
7.59063410528842703e-03
4.85214798591928394e-03
5.30143550562936668e-03
4.62847303707393434e-03
-4.00717354250652372e-02
1.60209266197786047e-02
9.04639785299098456e-03
-1.55772626716433422e-03
2.37354693847971780e-03
1.35859283956995761e-02
-1.49903489479928671e-02
-2.78251255749119367e-02
1.74317344517040777e-02
1.33145416779090562e-02
-1.78430414727401309e-03
-5.50517366105195572e-03
4.11709484043477122e-03
-4.78357626035913594e-04
6.61995722991112669e-03
1.68021234161733137e-03
8.92836121208580216e-04
4.93837739997768886e-03
8.45445242460801834e-03
-4.36479000647420779e-03
4.69574762366563271e-04
3.47948198906514400e-03
8.89355779829282189e-04
-1.99031016989605708e-01
4.40884157649503589e-03
-4.18918765331260153e-03
4.75348540769903773e-03
9.66089087338651079e-03
5.83802202254383659e-03
-3.59388760422835055e-03
4.73070158033273794e-03
1.13458965733653034e-03
7.51239404882826384e-03
2.41720144303340760e-03
-7.16553603345768120e-03
8.93850344340330408e-03
1.42014795506949718e-02
4.47565080029394945e-03
-4.19513743256787024e-03
1.57945197063579564e-03
7.07577424861986683e-03
1.14016853645143644e-03
7.00729952569885926e-03
4.62126974930440141e-03
-3.89653916033965645e-04
2.96307692439752232e-03
6.23262645741652979e-03
1.24426555919995210e-02
1.23479045474949034e-02
-2.79607519722543593e-03
7.90558042915089944e-03
-1.83046030475259372e-03
4.06983909917035640e-03
-1.75733352320329625e-03
4.01517882350787159e-03
-3.20077229037594611e-03
1.16716723773491226e-03
-2.29813560221420144e-03
-7.63658544980961272e-03
2.67796440102467193e-03
-8.94821200819862633e-03
9.51125481634166464e-03
8.55139434193517844e-03
-2.02175004624978276e-03
8.52141440361469868e-03
1.14124589554133165e-02
8.89933239543221240e-03
1.07268663306772389e-02
1.94784029239808659e-03
4.26210232889419718e-04
5.18673554792437562e-03
1.40996781460406544e-03
4.20496399139584035e-03
-3.25682049639977286e-04
-6.63089410124042210e-04
5.84479163863785723e-03
-1.59473633457697921e-03
9.44290002208583550e-03
4.62764276758909857e-03
-1.55887627429200496e-03
5.98694881179590802e-03
3.01785466616451314e-04
4.38788906990704650e-02
-8.49394470943711281e-04
1.08561505161295768e-02
1.39342576958054031e-02
3.89285945116227912e-04
-8.00579981688656975e-03
-5.02388121557876405e-02
1.07357480922114939e-05
-2.31144340500627227e-03
-4.77431832471205374e-03
-5.73539028544828907e-03
1.46198321869560402e-02
-2.85282404665832250e-03
-4.61655089523792597e-03
1.72559888252696867e-03
3.41745844333117121e-03
7.02337411727913755e-03
-1.04437038573811872e-03
1.91323397944929215e-03
2.64123981249695522e-03
1.21644611341988548e-02
-1.07300809772902894e-03
1.12990600943302117e-02
1.80830073937796217e-02
-5.27499485078164899e-03
7.60046965940404298e-03
-6.11883533613384861e-03
2.64547456647710707e-03
4.77018356279078955e-03
3.44677117115296198e-03
-4.48111118469374584e-03
4.30910169557611415e-03
3.61508730815687752e-03
7.57767271764687046e-03
5.90548829787790937e-03
1.03126032905197992e-02
-1.51654540886891048e-02
1.86660411746193081e-03
6.31545077703335803e-03
-2.56116421656977664e-05
-2.06676538811624002e-03
-2.86197156626710296e-02
-8.90373007090559943e-03
4.07346086697862701e-03
8.31689290405454281e-04
3.77524507404023964e-03
6.20776249073413076e-03
-1.20340999860701296e-02
6.40906696168312782e-03
3.05015083829082625e-04
1.10703365010452314e-02
9.83266301383494204e-03
-4.72357455467510221e-03
3.67771820952838896e-03
3.13537065040007642e-03
1.16454307275146770e-02
-1.12657881433824358e-03
4.59660293547367767e-03
6.59902436704679768e-03
6.93398129752298680e-03
2.39665681653829189e-06
-1.44884160732687908e-03
7.94151466141315536e-03
-3.05267805435834689e-03
5.49381854238738341e-03
-3.14855951529717237e-02
-1.52474826343787541e-02
3.89205867607325456e-03
-3.25094330198890391e-02
7.57135738633825731e-03
9.11567696617687079e-03
-3.35889692675885368e-04
7.17001018025105637e-03
-7.92206432276851627e-04
2.00015909295787062e-03
7.09778313179233408e-04
-2.59851686021022417e-03
-1.84622660220707942e-03
6.59649213381374114e-03
7.67939103719999117e-03
7.68785418768374272e-03
8.94634585295371598e-03
-8.36966591249278021e-04
-3.42865948297717705e-03
4.90734740861807628e-03
2.20919733548013558e-02
2.99416782120709478e-03
-2.03063338334185089e-03
7.95496470119384964e-04
1.21127629553047771e-02
5.57741015087340978e-03
3.94108147389239134e-05
1.44001051217591911e-02
-6.43683567568725801e-03
-3.91284819536097915e-03
2.34478630033589262e-03
-9.77174916385844302e-04
-6.65556456543733334e-03
-2.12231097166904348e-03
2.05441510577032607e-03
1.46333844015142118e-02
5.10037726940765039e-03
-7.58479943558914693e-03
-2.10372024865900778e-03
-4.83575697370264984e-03
-4.28541572097131049e-02
1.78187829525253746e-03
-3.96030784268833896e-02
-1.01034355228428921e-01
8.59451800797439262e-03
-4.82438916060172127e-03
3.63145250016346562e-03
2.23638205992943758e-03
2.62005979204325695e-02
9.51537454031570369e-03
1.06124691875047212e-02
8.14482760008413374e-03
1.80946785921062385e-02
-1.74230965692679061e-02
9.05459907216302727e-03
1.79649328441081925e-03
8.98856846318103753e-03
7.78881896746449164e-04
6.91731321400289138e-03
5.20093972415266309e-03
-4.15814872127846531e-03
-2.12568103675692642e-03
7.61774272328443521e-03
9.56358612534418534e-03
-8.39828868790127095e-03
-1.42281535131393499e-03
-2.91049347166146694e-03
5.18035195255818395e-03
7.49547405884921480e-03
5.64458662091627504e-03
4.10598788224028413e-02
6.93340142089025023e-03
8.92285858472356176e-03
-4.45626647787140777e-03
3.61709925590755288e-03
9.87069067088994223e-03
4.68213660675893296e-03
-2.22862479216963876e-04
-5.83551346814916057e-04
7.58380296316376375e-03
-5.85621979322812659e-03
9.75643712744930563e-04
3.32323621743004340e-03
-3.82052628121849584e-04
5.95282689015043821e-03
-7.77442057948288939e-03
-2.45494600466474424e-03
1.24841724858102007e-01
-8.50574105137768405e-02
8.99653416284731250e-03
3.29825998666819246e-03
9.94525319113942312e-03
8.29457425624864630e-03
-1.08662930085818270e-02
5.60692274073960276e-03
-1.65711858770540557e-03
4.51488872573576217e-03
-1.16807873169936620e-02
5.73710608727290901e-03
-3.60620395309227100e-03
2.73195083323294740e-03
-2.10697361626350620e-03
8.85978839183528682e-03
1.25671323147310693e-02
1.24129741073043670e-02
4.56258584130064208e-03
1.71135790212224408e-02
1.09677215509613839e-03
-5.12241646268940358e-04
1.38320809334334435e-02
1.29222855986924762e-03
-8.38015977625441652e-03
5.04321778483615528e-03
-2.22947817481038753e-03
-3.52925416540501554e-03
4.50419874988981350e-03
7.58943487044567468e-03
2.14207171303249233e-02
-1.01338302733422828e-02
-1.26602175247767434e-03
5.48637257896265711e-03
9.43953455244578299e-03
5.87239931257322462e-03
-6.05465346788666182e-03
-8.92278371588538753e-03
-1.02644221600731471e-03
1.02130572368570854e-02
7.16501128244669775e-03
-8.62536035388879359e-03
3.03591592172731137e-03
1.50623426336254796e-02
4.71724841643556426e-03
3.40896125468982377e-03
-2.02409967112005115e-03
-4.94888978653887715e-03
7.16902081519635564e-03
2.12024281779698724e-04
3.40164387138463999e-03
6.07757348558726155e-03
1.03069507019671182e-03
-2.89043504730250806e-03
4.47558414014692185e-04
4.48634087720817341e-03
1.48256473770999641e-03
6.58666833710231867e-03
1.02881923178255157e-02
-1.56944860032430938e-02
8.64422069840607796e-04
1.56396275835352289e-03
6.09877059295951471e-03
-7.36320893736115180e-03
-2.59217585447355263e-03
4.09260978301507258e-03
-2.83258741570026132e-02
1.45724688360792960e-03
-1.87457853527625107e-03
1.09516200490298587e-02
1.20612758983501076e-02
-1.06263941645322064e-02
-4.02827881131758673e-04
-1.77844508447395455e-03
2.08074832712953645e-03
4.75677131795362949e-03
3.67072335083779358e-03
1.22688869055151990e-02
7.00494900781363505e-03
2.73559369232863120e-03
5.46842136910263908e-04
5.72269422651322177e-03
-5.58893061218385893e-03
-1.09094138674968480e-03
-2.82602077516961583e-03
2.68154137502140365e-03
-8.45420469275587783e-01
-5.76430349648458656e-02
-2.93312655874604540e-02
5.89657079693357844e-03
-1.99227236655036444e-01
-8.66654662463433971e-03
1.77171831543235670e-03
-2.58368291659785698e-03
1.27289302685815106e-02
-1.21921088955744220e-02
6.19875436256632755e-03
2.47440061312044569e-05
1.38901163832059974e-02
1.52722730939174461e-02
3.37034351270278911e-03
-1.15414057627285498e-02
2.78624492331247574e-03
6.06621829411631806e-03
2.62145453901497898e-03
-1.80090031732285921e-03
1.62213281497514713e-03
1.96025192280169149e-03
2.17566727344327242e-02
3.44215409056500537e-03
2.41335131403243655e-03
-1.18305767213580451e-02
-4.73544761077845759e-03
-1.01959762502475664e-02
4.64788262703926241e-03
-6.27085154664370082e-03
5.47872382330162784e-03
2.30544938708202897e-03
5.63063637277834168e-03
1.21983472568243574e-03
9.26181044276593729e-03
-2.84055949783366957e-03
4.17969487043360309e-03
-1.93211482169757974e-03
1.07202360584282357e-05
-3.47899293591034386e-02
8.13853416800353231e-03
9.36504387942021610e-04
2.56968723214448785e-03
1.85616328354270589e-03
-6.06031128747835726e-02
-1.88332093349333936e-02
-5.85205368757963848e-03
-2.65916824100334501e-02
-8.77125166329397496e-04
-5.64756815125196793e-03
-1.00321670044218672e-02
-2.20087260491802538e-03
6.41278125066599078e-03
9.77283770582568255e-04
1.22897309616003974e-03
2.39719353179532624e-03
2.52583115868702107e-03
1.55379733269497443e-03
-1.37367615341711029e-03
7.15408064309910278e-03
9.90335791910582422e-04
1.19801629641586374e-03
2.76649863589367500e-03
1.75884360627683273e-03
4.55422892830872959e-04
-1.57292631470135795e-04
-1.34768484498927347e-03
6.06106012432437464e-03
3.10975288617431570e-03
-7.23917745893387990e-03
6.54780463064266911e-03
-5.40943528150745340e-03
-2.50362694089586437e-03
1.08533708910189732e-02
-3.36054384520477964e-02
4.84536377788975163e-04
5.41266040441271568e-03
-2.69995418928064375e-03
1.39035074148873578e-02
5.54304267680002724e-03
4.66689897990500788e-03
4.90276670492129779e-03
-1.14161204397993099e-02
2.20927360713420451e-02
-2.62029169852403968e-03
1.54343219334028342e-03
-1.96759586388443788e-03
-3.36269883046050495e-03
3.51556887090712852e-02
7.05238306766003097e-03
2.02404194245256290e-03
-3.09404280788961239e-03
4.33619045534922032e-03
1.96594656935516095e-02
8.58930238718898058e-03
9.08787856471299400e-03
1.35118786096590331e-02
5.73586150382456635e-03
-2.14328112401087657e-03
2.16996937769290245e-03
9.58661431704743022e-03
3.46539726435798976e-03
1.03200135158362134e-02
3.84178153685361392e-03
1.65686645276905825e-02
1.05043634864490773e-03
-1.49839311492278512e-02
-9.52998537710736393e-03
5.37984930497461752e-03
-5.50318929473601220e-04
2.91839818435783455e-03
8.92443979685197952e-03
8.03039998678275893e-04
1.94075883531685442e-03
6.84109731584190469e-03
-1.02253081191255417e-02
1.24857103504792590e-03
2.90198091628050391e-03
5.87364356975593731e-03
9.17810821806812338e-03
1.03001157248099207e-02
2.56969258679142333e-03
-2.00587738905417257e-02
-8.70786108098695055e-04
-4.21281715921932500e-03
-2.17995585024562330e-02
6.09389393388249691e-03
-2.63489303833073195e-03
6.51239283802805286e-03
4.62426180429314441e-03
1.08164650645522307e-02
8.88682254010772325e-03
5.14090613464928954e-04
4.12574899538808819e-03
2.86085143240344831e-03
8.10791361003784447e-03
-8.62991137030956587e-04
-4.98865936993108799e-02
2.92107794082897571e-03
2.01356263110546589e-04
7.89561021704920409e-03
-1.48598928129183502e-02
1.09824629254155360e-02
2.79914985972537533e-04
3.29323889789457161e-03
2.29138616037507766e-03
-6.32693152891999986e-03
1.28670038876985788e-03
1.71997958985922877e-02
-5.42285288156417813e-03
3.01192500525086695e-03
3.62806435550050649e-03
4.84166502547087128e-03
1.55564113439539322e-02
7.47931616863286436e-03
-2.38180741636529504e-02
-1.28271698913855290e-03
2.87193077925853224e-03
-5.50239673292151829e-03
1.45467744752420733e-02
5.78986772951969961e-03
8.49635468381710994e-03
1.66639855945109466e-02
3.63779590463084385e-03
4.42469289055096113e-03
-4.19640555804462814e-03
6.29506210503749317e-03
-1.44743402641570929e-04
9.52685960228550829e-03
-3.67565406738469460e-03
7.73176277436253643e-03
6.61941303080079702e-03
8.51314856138608942e-04
-6.78937943215672610e-03
-3.20108024187387491e-03
-2.51549723500520371e-02
3.38131428946980821e-03
-6.54260981998874662e-03
-2.19096735418277669e-03
3.08954493143903143e-02
1.02487772667363697e-02
3.38503451528491227e-03
6.46025848939527948e-03
3.93140099418242892e-03
4.84829507401865045e-03
1.22564704915672259e-03
6.83425588968439735e-03
1.92009104496031576e-04
4.09974693802698988e-03
8.14097046255637079e-04
1.46641994170252157e-02
-3.79969835349142819e-03
3.60246892479292946e-03
1.13544366069944641e-02
6.63883109680003802e-03
-1.57523946877098607e-02
2.16958032083297515e-03
-1.84938655987584230e-02
1.24456153468539468e-02
-5.48874880814376361e-03
-8.50325889166313534e-03
4.34115115027653049e-03
3.14689304174171208e-03
1.09176290391941409e-02
-2.49501090463265978e-03
1.59407981010008214e-02
1.41149100339148029e-02
3.07418160122020648e-03
6.96554301570021504e-04
-2.74272674072225829e-03
5.27837146915422547e-03
1.00951190764817945e-02
1.07074899629712485e-02
3.08712389769322006e-02
2.43505811476741538e-02
4.63915891623591960e-03
7.68431545052208551e-03
6.60838134061818207e-03
2.11120012253306847e-03
-3.08759261127438747e-02
1.67394081347093239e-03
5.67124651398756389e-03
-1.17405496667371298e-03
8.93449342193549365e-04
7.79706549782454260e-03
5.21327187640205358e-03
6.37943192810472032e-03
4.10517876765115718e-03
-3.49683918402909997e-03
9.02643429723905787e-03
-1.20780019938692405e-03
-4.02003442892028863e-03
2.95744426858463305e-02
-4.55659902895799978e-03
1.54464802007482833e-03
8.83615598560028546e-03
-2.26969186215228054e-02
1.93818922168668083e-03
1.86996974581281903e-03
-6.55214066271314274e-04
1.39583858696638429e-03
-5.95667067602023833e-04
1.91618472385827050e-04
-4.68351831864075876e-04
5.41462495807397155e-03
1.84470455324201033e-03
3.09815556821801475e-03
-1.35568569797663518e-03
7.34817932058125581e-03
-1.30549891695505901e-02
-6.23016938596812983e-05
6.35387636842764305e-03
-2.30485023617058981e-03
5.73647265465058401e-03
1.51174492923349078e-02
4.65130212449944933e-03
1.16874003093789033e-02
-7.89779919348527343e-03
5.34573604755226445e-03
-4.88024294935671728e-03
8.53490684385719948e-03
7.05815897919379130e-03
3.71045013789424432e-03
8.26194629241916619e-03
8.21207732382942153e-03
-1.02687388326338919e-02
2.77399610106326272e-03
-7.10817800042067732e-04
-9.44280084459134944e-03
6.75095713150534668e-03
6.09190546151234386e-03
3.40737420210397227e-02
-5.80221832843030930e-02
1.12376089048129672e-02
-4.04298047942255444e-03
1.64270692423380583e-02
1.77813548364308123e-03
4.75456189600494995e-03
-1.89146422609423191e-03
7.07775887597732970e-03
4.68562709017633118e-03
7.08705242002219665e-03
-4.52639464907049396e-03
-1.70404115021378054e-02
9.35742977707629785e-03
1.60394706348324680e-02
2.31006135384073923e-03
8.82119101857473976e-03
8.45502324571294206e-03
-3.29790881822209572e-02
3.23813808362731319e-03
7.03091360827816066e-04
6.89192286801556826e-03
4.88743247460673644e-03
-3.83271136287029451e-03
-1.34662549920241460e-03
2.10214218079033148e-03
9.91730134706278119e-03
2.79174686182790815e-02
-6.92547433260704264e-03
5.03901249956479995e-03
1.13475035452026201e-03
1.02891205617021524e-02
-2.29844588000263162e-03
1.35196078289419978e-02
4.04386878414014338e-03
1.67783582464740531e-02
1.44322951981562791e-02
4.50306178213624286e-04
7.00657710803336345e-03
-3.04888462090173191e-03
1.61353318094797672e-02
1.15898492817849592e-02
1.97390381283547925e-02
2.19192865808788854e-03
-3.42347184004673528e-03
1.14544370744348815e-02
8.42400444162702891e-03
1.18761112888488840e-02
8.63623598686075016e-03
-9.89698780958268853e-03
1.43272896711191984e-02
6.16006772886210779e-03
-3.87014863615580123e-04
1.66766774774777943e-02
-7.76960860459334629e-02
7.90270217128468191e-03
6.42508084640330129e-03
1.13494330165177810e-02
3.75291514024025290e-03
-6.23757037301014231e-03
-1.33747885889150524e-03
2.66522754585862050e-03
3.89530842155339950e-03
-4.32541020393959299e-04
2.37689818087672170e-03
-4.56609693548483200e-02
2.07564267698981085e-02
1.71691305985785213e-02
-5.64870968665775845e-03
5.26786145770695262e-03
-3.91788509570674230e-03
1.12058937637464530e-02
-1.37916661553415427e-03
3.15065196481451168e-03
5.64778745933311368e-03
-5.63765442309816216e-03
6.64726353938696699e-03
-7.86557016990972746e-03
1.00505537705485974e-02
7.51711306856805224e-04
8.32370938347612097e-03
1.18728873431666500e-02
-8.78486435082108733e-03
-6.83892980748499867e-03
7.34912700382651333e-03
8.44698501681867900e-03
5.96797675450043245e-03
8.55489962699767202e-03
3.26258973163195227e-03
-7.08151404131076179e-03
2.00743453216174865e-02
-1.65833328708864182e-03
7.08612280555089426e-04
3.26382820559721100e-03
1.09757083569699421e-02
1.36196315007078659e-02
3.74498185658989026e-03
-2.50567508653062772e-02
-9.10965481731192475e-03
