1000
1.3361125029400212
-0.5909047889920178
-1.373219724244498
-505.9212498025498
-0.11856171446485367
507.06150158547695
-33.077328658668954
0.7321393826468332
31.84574447031744
1661.0246991170393
0.8461932612687888
-1662.049173655282
159379.0360813206
-0.33329476097834104
-159378.67574513107
35.308247571930075
0.6584121910177252
-36.13040842721479
17.47179207171012
0.7591107237337993
-18.353126248155647
485.5811147161272
-0.3290512435576792
-484.2617969826394
-3065.160397651746
-0.3970544330649189
3065.224495112869
23.071790184826725
0.3256282319887704
-24.058900590263082
2.4902828814617008e7
-1.4792306630676066
-2.4902826346963912e7
-1.2286837886352483e7
0.06714809764438298
1.2286837166607784e7
7.739199386366209
-0.447750658434619
-6.405068534251392
-584375.365133877
0.4663014294705698
584374.0128554936
106791.95660626818
-0.4373001346244761
-106791.28548522195
0.4273427225770154
-0.589838213289879
0.6456958317568839
-2.0996970664605916e7
0.3638287766975991
2.0996969712153953e7
-0.5477502078131709
0.24722014655688415
-0.23748466377798352
24866.83750113329
-1.1921161263709272
-24865.718385897915
6.582138896285073
-1.4717985154023614
-3.8298417210624076
-159.49621567416455
0.6828807720906886
157.9607678079209
0.9678797544469879
-0.7083895723449918
-0.013473311755190205
-220762.28901862167
0.10209227491831349
220762.08466859686
2.387682293848502e6
-1.2875954055425711
-2.3876807945780526e6
62.43192987616446
-0.5967255457920115
-61.66176367835192
-4.281375020599911e7
-0.3733494847837167
4.281375010421397e7
2.583122838414692e7
0.6541550064744037
-2.5831228821291674e7
-3.543311501250071e7
-0.6552840937205064
3.543311596884794e7
2.7300259118649e6
0.20117799900697483
-2.7300266865781364e6
-4185.173947226511
0.8207130939572578
4184.6450813028505
-165.23863422445515
0.19122557017774452
165.5334366138022
-23.02216807151133
-0.013109639817050297
22.406694620743885
6.120334518930338e6
-0.3742262803821013
-6.120334172770913e6
4.012377940745679
-0.1953230318983619
-4.151359048645665
5.506979299001438e7
0.05666332094710433
-5.506979311911677e7
9.911527420930586
-0.78887886689332
-8.418735648975037
0.4714830002490466
-0.5955646577829827
0.19582264781097145
115.7257034669211
0.616884997570623
-117.21305205407016
-3.9080349463888526e7
-0.3312649992172905
3.908035055237558e7
1.9546553559516908
-0.3164415724571064
-2.323278861152264
0.9643751124255244
-1.0816937960104425
0.8781349893291102
3.7376872000694434
0.6592145130200566
-5.389540969050424
17.994299134640528
-0.07369029527370843
-16.86465955818139
-6090.343704861909
-0.6826703644420242
6090.8630561902
-41.02963267150007
0.4731869523003977
40.53423857215036
0.3807098060030572
0.9471107934222807
-1.6075268889843002
-9695.041867107946
0.5731984636717424
9694.30158033603
127.80798489116695
-1.0466339046916864
-126.78121856537926
-32247.813164635947
0.30692463003882925
32248.861573276205
-231.83142863025802
0.1692426113641234
230.06334397666294
0.38622011933146944
0.07804025728528027
1.1218955915963706
-1.0154276461607993e6
-0.037764368901782835
1.015426570568793e6
6.527082258100111e6
-0.6047937993096588
-6.527081357846371e6
-5.823514686674966e6
0.06177326663504987
5.823515116543941e6
-2.7644986700498673
1.156484271761157
0.682059085549986
7.22687938164979e6
0.563524381592722
-7.226879620058691e6
-2.1234703323363373e8
-0.7122913583744976
2.1234703391249073e8
53.08908720422744
0.49712689506919444
-53.77422076634981
-1.2880836020029465
0.842307498918871
0.6399665539804495
13020.02295082788
-0.8393180107494584
-13018.99432954483
-5.2128907683540955e7
1.352773183188549
5.212890636358376e7
-4437.80904694803
-0.940525665810722
4438.455476407191
87.79812898120782
0.6033303810686024
-88.25650204891063
94513.79132997454
0.433649268837998
-94514.8512762756
7224.9276183638485
-1.1278063176142104
-7223.842752140676
-471.21036747089136
-1.599648510196399
473.5345972993441
-3.477488044801475
-0.06808416646225915
4.080498980290368
-540969.9878550523
0.36546081910767664
540968.6845125838
29793.888884547818
0.8499367636009385
-29794.570739160128
-545.7630136242817
-0.5450149808599791
547.0403978999772
-2.4237136208335808
0.259892071561365
1.1522760925758213
-25.706990157271235
-0.40554236316474396
27.400777376656354
-4.67770655724558
1.77737632361642
1.9013136326441695
-53723.409906484
0.1472661487106561
53724.09585434632
-2.019942980194165
-0.21058588676574555
1.6583399321626209
-5.5178486219017275e7
-0.6282102386883046
5.5178487510983296e7
0.7341666560849744
1.281389636262942
-3.1456070000366485
-3.0383583966895933e6
0.03474404063792644
3.038358082733692e6
74001.66989793716
-1.0708094691215035
-74000.2831413276
325319.6151421048
0.12399416277045613
-325319.6767600162
2.685461685291027
-0.4276247058839076
-1.9391263936369723
-13569.626284970567
-0.5430983047404248
13570.433551187998
38360.16492508074
0.026038887629566933
-38361.16990477272
-97842.1993097316
-0.030233004412138862
97843.29527129202
-22.09130446037925
-0.9790019024843326
22.33467581206586
5.531966920975328
-0.28406299971592125
-4.81086816639439
32234.706371261847
1.2629827306022072
-32237.03349541421
6970.094932420219
-0.4809162896034119
-6968.056055593691
-1.4006181716352433e6
-0.43023180066075734
1.4006187606637063e6
-18.817496616309217
0.030824271424390228
18.482427286428784
3.3945890794385565
0.3858413141366061
-4.295777266117007
-435.79136707804446
0.8280728616664363
435.1091653772134
425046.01629282394
0.6763861600292489
-425046.79119490954
0.06068621684700701
-0.7752430448467174
0.3607447278500639
3.718752418421228e6
0.9719622656380533
-3.718753068566722e6
-939.6637410777789
-0.03922214621387113
940.0416703763452
-2.424989641859041
0.7323151929955627
2.1668108657612857
-288.743947182267
-0.24639298909335208
288.7497440350689
222400.83746993664
-0.18901482879609202
-222401.49181528745
18.540321595031955
0.5861794693923235
-18.95194129732277
-0.6924599931619464
-0.3566299176385737
1.2120229849867032
-88.59230474501815
-0.6875926679650692
90.06772447547293
-1353.5995102313416
-0.26075993019611216
1353.8716548722791
-16245.570052038862
0.867066188243409
16244.250579149288
68.72048102972889
1.373061250329334
-70.81474597628315
-0.31939870606070736
-0.4330062767921368
1.6027463581930088
-49.999332865983256
-1.2106310885462468
51.121956828499364
5.597257501611217
0.5648623101721195
-7.470510730533549
212.123704224198
-0.4526189064210447
-210.72208630614287
-3422.0591884285286
0.41469384700343487
3421.4220962305976
-1.318168669943557
-1.1200649901831372
3.0735310513289
-1380.3039650345695
0.24387255717497844
1379.481223369989
-57.20675527891882
-1.5381676656335954
59.52356054285668
-6711.964338813672
-0.3118953410620376
6711.85707999346
-1497.6598275204396
-0.7466854179623035
1497.8757546394324
4.486535286479253e7
-1.0133874845034048
-4.486535137009618e7
-4.4372482588436335e7
-0.002356896989096609
4.4372482775006674e7
-12.60357837507874
0.6718406113913615
11.386501019375812
251.77892341729523
-0.21705245163953538
-251.47962323324856
4.717891764411423e6
0.5965562938676838
-4.717892910485375e6
145.1256597056381
-0.7597555486332059
-143.74687769179468
0.4575740703058156
0.17673327718636986
-1.061153238728281
201583.04983158017
0.7021531756151795
-201584.02173252136
82060.58326524534
-0.36871936115706877
-82059.5921841264
-0.6338694393121236
-0.7114308916534657
1.3166643040505652
11705.353385384862
1.1640038106431654
-11706.968116127648
2.0654305057758253
-0.5412904580262934
-1.736036728718838
-65452.03907899606
-1.348469158982913
65454.12231074555
44.66019999297942
0.4848589169701029
-45.94204149999409
-1.0213806570347995e7
0.1750494572055152
1.02138076176878e7
1.5725833925506298e6
-0.40997746201159907
-1.5725833366172237e6
-69.33940452609072
-0.1492247868670438
69.68397409566863
-3.872597863801589
0.13100535694056356
3.672222028333754
1.6799728475915627e6
-0.22410389941962186
-1.6799729307052547e6
-1883.0726690176161
-0.3599062393220232
1883.4656648877196
-7133.335444478522
-0.8490548330418974
7135.022391162363
-2323.413649886118
-0.4888021154129972
2323.3051973154165
391.2722848100897
-0.0721638000322227
-392.16011835940884
523922.50753794296
-0.9537803828526739
-523920.81438182335
730.023649146052
-0.6835589377927769
-729.41601573992
3.3686988790846577
-0.2615314999178891
-3.4576940942494745
-2155.299129891333
-0.9795437160353435
2156.8892753383866
1640.4521573180546
-0.13479653835591068
-1640.9638451670899
-0.8182596186076476
0.02313457607242905
1.1554412955911177
3.4184635364337903
-0.43065164226050495
-2.9645032323137497
1750.0591097034785
0.12667165879467165
-1749.789299056497
-3109.681991211116
0.20601550744887473
3109.2015933144767
83988.92532391958
0.6119921962829717
-83989.70423844692
-10720.393202722486
-0.6140021876540169
10721.745498295755
-23468.608226907563
0.4332713239750074
23467.922442906634
-1.5890687557550737e8
-0.6344343594939008
1.5890687609957132e8
79219.32103398778
0.8463934994017792
-79220.8286818565
2.667317436830372
-0.8420747747390835
-1.8813401680292423
3.9293311227026537
-0.7735505842580792
-2.699185646919167
134621.50192026165
-0.6235723744444479
-134620.54399284773
-3.497531065355726e7
0.5088566435871615
3.497531028340308e7
-1.2748570168053936e7
0.40390977341474915
1.2748569132117309e7
1.2877716245870484e8
0.22661495031101817
-1.2877716266311406e8
-16.654310090842174
-1.1951638323547304
18.37331977757287
-6888.604897654605
-0.004654671299522158
6888.814635016443
274920.35592156486
1.566590108446506
-274922.517418046
-2.0553522146258962
0.0417106154341875
1.795388667611706
8978.435591662681
0.31311220193130657
-8979.056196752394
-5.033582880336347e7
-1.1686690882273536
5.033583086956745e7
16162.83734248394
-0.5727902878765214
-16162.592884523016
-551.7394876921286
1.4264658860565096
550.409862835782
-128898.43739728996
0.5181040475085525
128897.43963819236
2.6065722142551556e7
-0.49581826532952294
-2.6065721196578648e7
-2.135409895200571
-0.27973287700899335
2.6442420154225954
74.77710774131975
0.5477853681934226
-75.63489588601989
-40568.29972921657
-0.7699887228272728
40569.48082490867
-16.908101558412746
-1.1162921753603021
17.88698540869792
806036.264614878
0.7367831662418372
-806037.6562698168
537.2302362818783
-0.3051019150094741
-536.4271787524672
-2.8406226104841456e7
0.33808505290133123
2.840622617721807e7
-2.251267198147786
0.9691674250366844
1.0367358812094711
-5.449561666982165e7
-0.004232373046794387
5.449561686767224e7
-1.5046231954618131e6
-0.9270007752186338
1.5046244392541533e6
-65671.83979256643
-0.31305390503423475
65671.43175894664
-2.828747300492306e7
-0.6103825822072038
2.8287473733276516e7
1.706740234548632
-0.7238545297226551
-0.9709363673960916
-2.0385693030467954e8
0.7304368820212988
2.0385692966875637e8
3.8945018558301068
-0.32091295437917516
-3.9499774816818256
-324628.7459682473
0.7666201562663246
324627.89444734826
24716.79060961421
0.16059539935722952
-24717.2287426921
1.8517385816806524
-0.9637608961396933
-0.99730653323868
-127577.75874477718
-1.4782037566263178
127580.37101851776
-2530.9552414097943
-0.5933257029930832
2531.7317477047
-3.350473709200885
1.447545478471916
0.9147956486302273
110.66071267425147
-0.07477231778155027
-110.77511536641353
-126.48878500717741
0.3184507302259009
126.36901725889612
5.418778470432959e7
0.46942454900087943
-5.418778470563206e7
-115.49700601064983
0.7116212931952062
115.12677079842886
-229488.22107561078
-0.13623600223011437
229487.8361112158
3.3503449277806287e6
0.6773180526877558
-3.350345614517045e6
-3658.860155627757
0.7249334059429853
3658.170928718457
-49.20663991996935
0.27835519022422267
49.31815044531363
-138.1136033114505
0.686544907227487
137.15429114206503
-522.8667016299974
0.8163553920692275
522.5275446893942
-5.102375849708714
0.021036417689720834
4.317783442413911
2.248675204745342e7
0.18324937935961724
-2.2486752375459306e7
-4.257581680927818
-0.7781594449614915
5.443926479944523
8.470312736665688e6
-0.962191248204594
-8.47031198578244e6
-0.6712118599303369
-1.1748315905912656
1.9766029084066044
1.0065153894080303e6
-0.9526226902233041
-1.0065144977383817e6
-1.897451071404694e7
-0.018947905872034352
1.8974511190415e7
0.04662591849830938
0.43307808805092546
-1.9010771748931188
27.753052617690315
0.004719319981265594
-26.60669302945697
-2.5287177852695977
0.6738889526956569
1.6627350904027798
335987.3350159443
-1.055098352554861
-335986.3715709561
10543.858557266809
-0.76282111603368
-10542.946215391088
-2458.8226613850316
-0.31833556103707555
2459.6959028797446
-6.061140883194887e6
-0.2586214836976178
6.061140722778886e6
-0.7752072974543416
-0.17368058798275102
1.0912816420471976
1.3277347270826519e7
-0.2962999933165303
-1.3277346979548402e7
-75.13463892250182
0.11109313449322553
74.7689029933356
-2.317892576929575e6
0.6094811734739851
2.317892708283717e6
-3.121205363016123e6
1.1823468618976973
3.121203833064241e6
-3.1952702288020043
1.5990851582315164
0.7890815854318924
85948.99470977994
-0.7611602315157711
-85947.82415943696
1.5027917543073216e7
-0.22343597876622304
-1.502791790118657e7
-955.1682586542037
-0.29814149524958206
955.8551286849081
6103.601121835181
-0.4096493274675706
-6102.533021829048
-80.29983872522689
0.2649692196000856
80.17076767719162
-8070.462155033152
-0.06326871227652345
8070.049909804115
42036.73211441113
-0.5505010810277005
-42036.2543026273
54.27781453375391
-0.14953223599888912
-54.114543940197585
-94.86946362511434
1.4036532612556225
92.84572533983808
-49.34313505614712
-1.1786639837496253
51.506055265007525
-203665.46844445806
-0.7823152228685568
203666.03912763143
187.62282821396593
0.20793681816649376
-188.17511522300254
-22.954952130045697
-0.6891159312522139
24.47661422807868
822.3856918710359
-0.09786769851215074
-824.0136522174346
479.30563012353
-0.5472390495212616
-477.43821896743793
-72946.80670274934
-0.41253182886448553
72947.75398175238
-4.15152755132412e7
-0.21182517534785997
4.151527532121517e7
206309.64691606862
-0.24426094829782444
-206309.8566668919
-2.3715088158645025e6
0.44225147811095517
2.3715084557864564e6
2.9011947632648485
-0.41684364643510446
-2.6566562687882667
136964.2372202392
1.1661358263112043
-136965.4694143405
-430.18608583005835
0.04021817441623285
430.7725370852961
-19.488515169048995
-0.7903895886540837
20.14359331873329
-61158.998157219066
-0.10119685561223471
61158.90788347797
314.96050549792875
-0.49522696988599796
-314.62015010954553
-13162.245607643776
-0.010190843419523284
13162.26676554604
-2.1349955392877997
0.0057477861464916
1.8919331712983636
6.079310460505994
-1.1318863701281687
-4.022199938162187
-175118.04129899215
1.2574469838970845
175115.76718624478
2.8536477717064633e6
-0.049221803704262906
-2.8536481100880546e6
44.93982041834509
-0.2370204155443654
-43.71694083129068
57.02083170817231
0.9786975700928253
-58.89479457296832
562150.372782883
-1.0867943146105685
-562149.0175712078
84011.55482403668
-1.057063905146673
-84010.38696404513
7.57631105174929e6
0.621520706648121
-7.576311436069884e6
-1.2829367100284778e7
1.0523776695139453
1.2829365685763549e7
705227.2863221304
-0.9368401668431163
-705225.9843836043
4985.272568223824
0.04126370356239836
-4985.737071238943
-1.5241985013032606e8
-1.0178487679071462
1.5241985186851913e8
0.19435358427039962
0.3054537080555672
-1.3807861204520464
-417.6824928930315
-0.9633763827897432
419.46790502634826
361.6706284191605
0.6442999184458296
-362.6852988168245
-9.484680917226887e7
-0.6740251353332616
9.484681000110945e7
189267.51907313848
-1.2729574421872765
-189266.1029397789
-884940.6836275952
0.7851191803945081
884939.6189753049
-3868.9078179615644
-0.33153826664621305
3869.550020384171
1.3775956111567721e6
0.49024047437173096
-1.3775971758450381e6
2.3680605592429136
-0.5907928148110275
-0.6996603244815807
7532.76636899271
-0.6687333957636978
-7532.28642735202
5.085810084704085e7
1.1394501999741828
-5.085810210504146e7
-267821.07163611206
-0.29274408218029785
267821.782979692
2.9072383700741455
0.6210623921342209
-4.237871829854063
-1.8388660462525084
0.08774493950193538
2.566654853305813
-3.0359994019809093
0.24836740520809616
2.0306280077565595
112202.63414134172
0.5383960113210435
-112203.03334126073
0.5681984799872959
0.3547623715859957
-1.4562896028726935
11477.538825312136
0.18965957345051063
-11477.018316633641
392.51025337614533
1.1581630418463058
-393.63451889712
-2.4417440276125526
-0.07079004711719164
1.8731048136513295
2.2518463371904516e6
0.6264672005890377
-2.2518467926025516e6
-38.20476998621548
0.27178572440797594
39.10930733344188
-5.345095263376875
0.5034634912213065
4.821961698041238
23930.93283325858
-0.2178718185265898
-23931.989906189396
1490.653297525971
0.7176363236321968
-1491.5957032680917
1019.9602336172667
-0.3644940459799418
-1019.1130861458767
108672.4180768597
-0.10516074578455384
-108671.9385462636
2.3600733604085065
0.6008572336224272
-3.357550888625531
-1964.6238364836622
-1.030352082210489
1965.8365511563222
7.0037517187561775
-1.6275346881308994
-4.9061106038392355
-63266.617334919116
0.19074261621586783
63266.700660228584
189199.07585178895
1.7209509095803541
-189202.42280274382
9.54914885063197e7
-0.6193627842030616
-9.549148662845473e7
-5377.0633465733135
-0.41546277681629
5377.754111637407
-3.181287684013682
-0.916945072726604
3.839524846275624
771210.3830820151
0.43045973383388775
-771211.3985611731
0.7530610351957848
0.33543553403013043
-0.6922347724261315
-0.697415805712702
1.1900648265585732
-1.2604478676096424
612425.7096695388
-0.6366050691829073
-612424.5837512871
-397187.9619441872
1.048080514795894
397187.2627195714
-10996.039962098615
-1.1403987517395722
10997.198362697014
29265.47880208202
0.5775857821169172
-29266.227434403878
-187.18841588840348
0.41943893520772096
187.14993905851588
-19.99936370723202
-0.02855080558434245
19.429014289492425
8.877282761785018
0.4077249606312738
-9.0057404620211
-14.88747475489288
0.8384270795268058
14.555536323558274
-5.339151693515126
-0.5014638262928792
5.466861957580514
-0.45537328845422304
-0.5653336546941352
1.5135844996549541
-6.7392885772144245e6
-0.004243447628057758
6.739287841076593e6
2.309328113262485e7
0.6945154021857209
-2.3093281703639694e7
29020.365347060768
0.8526681923636967
-29021.67668796157
-0.2001972499481908
-0.5724467405002067
1.288977675751243
-3.552393465178677
0.33000445778448734
3.0108917630449015
113942.38326864938
-0.21126761732295044
-113942.08524368487
-4034.360527768353
-0.35958316535087015
4034.954626806521
-717776.9365390609
0.47945605510978145
717776.5768622544
-3589.3099811195098
-0.25632177691858576
3589.2086066617776
-1.90838144335756e7
-0.8532051760726398
1.9083816069443613e7
-67182.24810955465
-0.3248993401501022
67181.59022748082
10.306536607443384
-1.066801390276533
-8.98261987643314
5.35167929251595e6
-0.22048212948544224
-5.351679539781263e6
9.301153980066538e6
-0.8793422755494105
-9.301153081243375e6
49.660693543943815
-0.7190230882277635
-48.254171898695205
-2.094380762723952e6
0.9128261432752294
2.0943788667624155e6
5.487263885272236e6
0.7903772120474593
-5.487264150750105e6
-502.1482686084248
-0.27083937222461235
502.18768000585743
808536.1724874291
-0.0539327318466685
-808535.7779578754
1.4031376238498855e7
-0.5646229617831051
-1.4031376275664704e7
13562.233795156095
-0.4679425444987944
-13561.608727561214
21012.539329851206
-0.3617087473812633
-21012.447013584326
2.4929852938255087e7
0.07616867448477357
-2.492985243318746e7
301.1104848942799
-0.28116189285914045
-300.653510533743
3.113138278476071
1.189363247178624
-4.482402677098733
-85.56912068019129
-0.9873034215690297
87.24337990892764
-11.17838537980951
0.8552273541237292
10.336413740296972
-0.5280741252333867
