%%MatrixMarket matrix array real general
1000 1
138789.6615030857
70023.7025416376
153417.0192484466
186429.02395332544
-92229.53912197912
-275483.3270103556
87784.72720755739
72883.09646471389
-109549.80069827035
115058.09185598919
-48249.0387657268
2572.8389474568617
-10631.333958562085
108275.9775485204
77926.39629219084
60253.793333665024
-224336.5191300576
10336.457830556403
-1487.1947340824236
-97337.74123937443
206162.82713694568
-65362.65761059564
-47995.03087047357
227699.25901402975
1642.7292656209934
-192675.10249357345
55099.45250640327
78218.46961865504
-275215.2748803537
-74007.63083889824
-199447.9121230778
6338.428638817256
46583.297696700996
-14190.591821519714
66053.35772573583
60911.59022751978
-24266.447011558415
62106.02053178562
-122193.04112535928
-10239.065512678839
-108490.28811575762
-167410.90964319272
137289.3358035931
126781.26835834108
32271.832703424523
41371.77087882688
21308.182631063686
-35922.841596062935
70589.9393643988
145196.43803635245
-160628.6710296562
-142107.3755639856
-113998.0705454995
-61494.37018493862
-74925.34366859087
12609.24238132052
236.67152137967315
186693.30688130888
-5413.326255216355
26855.715805582375
43285.309930265226
82250.08846900391
-1422.7766223267704
-158027.6816860401
-206270.59959787273
-161158.5682535802
131973.7402771838
-43828.76809564676
-14523.444983743118
215825.25362292278
-122248.31162084694
-101254.18611188215
-13458.647552525434
35970.58776260889
61488.7814812855
-208010.65683253264
24775.592171073942
-23396.33048975584
60701.67064001839
56243.33048012601
-20175.615899721408
17382.226201140573
-50884.67618742055
141493.4372248798
149018.53654717808
-169701.11198000025
-11726.776836788527
-89587.13335762966
-212150.22277679376
89631.196184319
-192345.6704148983
-63019.32925354437
-88051.7864211314
-44527.117860930826
-47006.89054700366
-82161.51906682915
-104699.50126676336
53044.1962184278
227420.85065095293
221895.57183406493
221218.65003782892
89178.38618950122
-52901.37163870092
-51965.4238128732
-108721.69509073935
17324.043344862235
-50229.13655347481
-140760.25002251408
74961.04751741518
96533.0557414992
-232190.7199902088
27685.45985720393
121360.2004368649
110587.40766806755
14515.809060864922
-32285.73139137845
9395.607062779844
12023.198577852787
-55385.36787441826
-21164.11467468092
-155352.32545060082
192663.41584283998
-114183.93207694692
-30444.64562925677
171100.56669827967
-152077.77448020093
25184.91612456028
55220.9686376341
123862.09802893731
-89318.83096613825
-20523.489620497105
-112687.98174691547
-64634.56314165075
-12942.419075168216
-31679.343438167154
-99996.7276984854
-1882.914001009138
-19684.877611439646
72603.61490818599
189161.94137687475
84654.74641751325
79579.33313386036
34099.113567936045
-49998.715571668145
-78576.23529537821
71752.96334691904
-42547.1269724438
160884.396705704
12956.981585031808
-32452.03224774814
178660.45073124542
10379.66971318614
-152535.68196129834
66235.14749960175
-5626.83521351327
-343900.10244347644
103350.25067987628
181085.70154788828
288538.46690179134
-76277.44644958165
40793.95058849242
133816.6074241569
-97262.30628246142
49285.831912134505
-64698.30357577217
26522.536160784024
72622.66089918833
-183293.7158679127
43143.599046342686
168791.4539672403
-53922.36026478729
115273.71679994921
-5753.717364724894
126880.3038243743
29585.328574829255
10608.137961151337
267676.25063908525
-90798.40966320192
-24968.500874649093
160779.7383215481
-225556.55888416295
160765.05004413155
-190396.2298052863
-76449.81491316283
72170.76484980951
138317.4534935694
211753.98810583082
41592.10726570751
-2780.52482518015
-146575.53586348923
-238653.8990582106
120013.27368679659
16579.648553448733
5574.163202629381
-91031.04137904491
167159.0824585799
-145197.28768692148
132092.31390110397
-163270.89957123925
-130201.3606652896
120840.5490537044
143815.04273704987
-57224.14716734757
2695.049499030444
50613.52398177706
-115066.99622434637
-134905.95903121794
88579.76653267811
-347.3826224760642
-139177.6144915924
-28826.89710319965
108673.56832930901
-170318.24752015003
-74295.0317396918
-12570.736867841346
-144574.15293849385
-255643.88455687076
22583.881038245934
48641.30473300261
-83432.28344851382
102459.58056393209
18574.2244007881
90314.32731608528
38209.90141489853
-67352.39384600759
-26504.35621380732
84123.23280080878
120247.11685692935
-173309.453264848
10710.476625690748
-16839.347437850625
-58482.12762668526
-105828.55637100636
42609.481967728156
-17290.62813546331
53740.721276855365
-91295.16156975245
67191.575413941
63021.77090354667
31457.617593614996
-201272.36000224113
-131879.7074009869
221270.80254147097
-126946.146781067
88676.37836659419
96276.39470196162
43272.56886807599
-77572.87866092077
42740.56265981638
-147194.98629633914
-83253.80638843562
25082.54973485655
-125173.7177511622
-60572.067079181405
-80607.2216911727
6105.721180102538
-103587.57911914025
176517.15541080272
213437.33400061185
-41763.493139511964
-95699.28653400214
-70411.40250904992
15656.499038538503
98216.59824167582
81340.97423641858
-99217.30892463512
34914.907325901906
146320.5502970551
-40618.41499521902
-57809.81990103678
121264.76134709522
-16182.532049458843
110582.95954719587
176641.32027572318
120652.28551228066
-66969.13511840276
75402.46887033657
27559.597639266227
91138.0766827873
57921.03784213214
6600.71436659721
-22132.757583259085
21530.456096663995
9096.24036211487
192604.10851297295
32888.4141077869
85903.708724881
70769.95761645622
-122302.51425239324
101986.14061391608
-63530.83871721592
84723.84737669589
20855.48780683886
-217101.3927207618
-18424.315396966264
119144.29810206946
29647.127634606248
84629.56176671892
-39694.66672461677
40222.36243933407
144632.0427029675
-3935.5949864279196
-7318.555285360723
-24764.67072947078
52113.54616838869
-81443.74170071527
-72852.88183004525
-153212.02810928153
105452.9018039749
-214514.1246249441
316720.14208108204
-150056.68452125345
31279.65246223997
48903.552772418
-38585.931205669156
-37139.13428640229
168902.40165495576
18101.72092192131
95271.5738187492
-160025.0509924999
103761.89904296983
19688.02552157932
45890.68489682622
87255.98827875289
-30992.451751664186
155397.3278310347
-76544.24509328073
47926.83998795903
54768.3639398355
-26328.340712072586
159328.10477556026
234516.15406718742
154150.52873362205
6340.886037261646
-5696.158868494649
104509.9984786181
-165883.24193876056
-87272.1849892427
33219.575104005824
17018.048359467884
207100.70975227843
-43615.16107208284
7715.752280717946
-172281.71906475018
161590.96925801947
-5555.7500134184265
128240.76228207003
115670.18146506698
-2487.2298245213105
49296.44956956327
95680.28781086433
84532.41691439015
138101.46922283954
-33727.750904938766
157298.84836286533
147037.7048617347
-161203.09481026322
12705.979834955962
229395.29064238374
48536.65189900456
-71034.22619369745
270095.4985790544
188938.7247737027
49968.00455951203
50104.56247453441
72467.14979190801
41094.28770788748
28566.26745997851
-113820.87122093285
22987.528996690187
179157.67581612436
48329.888895661454
112785.34536501781
55473.13950023385
-66482.06747697521
-45920.55922804365
8124.183888953712
156262.0465499328
-11010.775232390024
-162603.08553551236
-155224.67486286495
61359.4333106317
-123543.11597362105
-57413.243875660904
-231572.20930494633
-146067.7329014293
-99980.91097100313
-89864.71003759938
-37334.44146861893
84935.32332503122
-69524.10342917952
-82452.30698946638
28244.4451440617
69736.74133771566
-19241.995800891058
-238697.11669823862
61230.026487016155
141390.33426697087
-143057.12604964516
-83849.92130616191
-21221.003755488466
-203787.77644050683
-40913.96262506697
10238.193607093575
-95036.14010759871
-23391.90038874362
127389.85205406131
92048.17383264747
104660.5991090656
-31730.233849990444
50712.85894125121
170273.21542720305
-149236.0115585347
83819.37494285185
30111.17195572334
-41148.38801255636
-7169.069103396785
-16090.222349250602
11338.915412981518
120000.05340999542
-109496.32207129482
4806.378260986182
2773.8402224693664
-57255.53919303455
70780.42674287857
-91871.3415906717
46533.22824278342
20924.335051504615
-74762.22283616202
-41738.436913113896
-193796.04043668497
-31469.351756870066
-171150.43363421547
-30817.04401027843
8233.435094427317
90454.43496886996
-24794.475434285316
62126.62557017685
-93696.14120766851
125790.66452071749
-32235.005285638275
72293.91429522846
163509.37199106129
-22202.98284935292
52771.75780564588
105006.48288031013
-85152.5806943749
-41138.73373375065
149180.45673684336
-105780.87077050126
74890.67005824806
-196910.12340605276
169094.62914286254
-30191.357374531075
1338.1352873439016
-131400.5046937381
26308.21364322392
91179.10289595014
49571.15358133862
40937.02981929623
-76959.28256561885
-14088.746183072892
-94715.33384794153
123671.56330195558
-8620.278936998391
30841.936282208368
4602.8775213773515
-109324.74489572395
167593.08546879262
-54413.1379289303
-40903.02740755666
-103526.56948830618
-36295.839722141674
-25774.490098495917
-16340.325885520782
-169966.6501836983
-125702.32859129878
200982.51039916615
85082.77237040574
-79426.38207167014
-89348.45374256182
82749.62019317187
97183.28186923215
-290109.6301586103
-147172.59701619734
100256.03859339571
-3952.5944960383636
70454.84759925473
-154679.22570812638
-122270.46055227397
-21177.962629924536
-122838.5129047616
102256.93818622787
148603.82379737173
-16147.953696474322
-91735.88744885578
-109339.88468078674
-94330.72747892079
186.02594570344502
112074.71859299768
116332.76674055381
68254.74643155113
-103076.92918288417
-102436.15543358686
-57795.683624009136
105634.87250882892
-85010.08001269108
-49982.15448998555
11567.032449750082
-92923.72876638852
-89470.4900950685
28292.573134854014
-100679.64210559246
63459.251302222634
-133461.60721613548
-132459.95594612096
142973.45151281793
41394.06630921217
181488.46364455
-30159.647128570956
379809.6050269956
28559.19883275278
-118348.34376129847
-124311.34721544693
85523.8947374488
103014.18699582075
227909.81093490947
-86836.26233859746
-189446.76646250926
132987.97676065456
72095.5535633245
33288.40147700042
-130236.7047620718
21679.82206876778
103095.45161248274
13401.995395120164
125251.35962824343
-169186.98286888507
-58794.86314853722
80811.94850147971
41191.45630933996
24066.05606459629
56182.20224845843
-90297.36654541278
104133.48484139993
-5034.078795326641
-32401.057514524207
9827.432173917325
-149943.4615564082
23020.40320965158
60632.24275201454
58873.44509228899
-15831.338413724472
-232532.7316228775
48612.123901479295
-21875.10233766007
-65711.92392496532
-253250.79892902245
90485.60698880578
55170.91260928494
98737.19473616393
176679.19999536156
-135925.55009114978
12249.371565466088
8212.88367966461
276018.49474942917
64282.64039434602
86086.82188832796
36814.77890020826
-55821.717626692516
-202431.7081073183
-85841.49217909947
-72643.48240354478
-153807.2687299906
-242946.17184850475
-14439.052683991215
177382.58056535939
62692.730070602825
-97250.97592765238
-45870.60387555503
99254.66068151637
-170225.63390852837
173022.95012156674
-105459.5722584288
78591.4376353435
65728.11613366597
-158039.5805911671
-191770.22134060416
57976.57068861504
163445.4043879075
123492.1309301756
55959.06975241293
197769.26595079023
-232216.16083245768
182137.3134705903
46322.648892002064
145388.74342929272
-47256.98155060691
-26961.23356972683
-138210.6899328952
183889.5505573355
151552.091073736
-24166.80275673331
-22705.08529744016
6125.702274535242
-105387.34649947492
178203.86254480848
-161020.93093634825
-62521.12020543414
-145252.38971399216
-164301.40119861971
30549.11617756938
-73058.72475153152
-12702.990770081145
132422.721344049
-52774.146078212514
-39883.68310308404
154562.23056131616
77062.52179247544
107662.58414340489
47547.08489439402
-86624.4459715359
-21232.533133685967
6923.908599218106
97076.87103935733
239946.59748483758
34405.74365017377
-137651.02130569748
-64748.47286238028
-2677.475615505813
142752.42059101802
21314.064281934454
-38064.193562757944
-171374.56385531052
86078.09781640528
-41993.86071844386
-109256.58679388765
-156881.47178359688
25718.15448309018
-100418.59501839927
-54834.89049606102
65142.27210599205
176556.99794454043
-114471.39298649743
-126620.76030048414
-112375.67287250946
-37924.814320404745
110735.4847279147
33441.59298534604
89908.52088331651
-191858.39874778996
-15012.185176739908
80411.3828044743
-84112.16505164476
117336.75043238032
220476.91542633655
-8540.564882419403
27730.55134439325
-100826.48299434985
-140702.74961808175
-43883.324750888205
-14063.101189840987
-143328.86328013855
-240717.74450921585
569.1731230004418
-405939.632083761
48662.8670458567
126940.0629227807
-81449.47477603558
-84640.74073112018
140884.92903275645
67875.97456495436
-120213.75944786624
33520.56195552066
-186824.79114484927
-113733.19161075183
34042.89137715614
73910.25626162396
-49026.36679264764
37674.38411036062
147959.197639826
-67348.497753256
-21555.781172771254
-67814.84077319002
29339.51562857961
99848.83486282949
50495.09475048855
-109821.83331700938
-32299.93124162116
172913.40322442446
102144.56598628641
-102145.16380395205
167723.3470060616
-123067.02455965309
70977.68237556385
16128.909068287046
-85217.55860152822
-597.6146056800951
-52822.88388894958
19327.82443924163
-45575.162997486754
119784.00108724127
-87427.33724523002
-57143.453943516484
-92703.41277359129
-3612.0843582683556
45638.80119138409
-23081.53862441194
19349.101048747285
-13130.206662981045
39757.52309431083
66436.77315404345
35394.36517716592
105245.50383071537
59097.72920095842
3136.189727125915
-236811.78775510582
-68194.7448713575
-125526.31568964089
-263348.1807499466
110613.18761084133
95031.74544925125
63944.05832145973
-83207.39103389416
-117279.32526895824
42631.74792947957
92425.66127970224
5585.774529463627
-87892.10369522053
63091.85930187301
144047.8894095733
43710.78953552236
-204232.15480599366
153574.8719934462
-247657.68335845243
-72545.27459769676
-53055.59549754994
117606.5458631226
95085.6253058858
63419.50535933248
-66235.92337519913
52369.61304484272
-157635.03187861087
-159393.90580338822
102040.926417848
116871.59877240448
-250964.4646554352
-72129.52841257172
95067.89233505979
-29395.800010827068
-140830.32996615188
43062.49542374802
-40030.72871236548
101960.26245687285
145381.63819323844
21885.106007294075
-43673.582519288735
-11396.712086276053
29461.39619216231
-97848.89688958047
365.1607003989615
-117247.46358501352
-4750.081786961293
-73187.41646079556
157194.71979696504
32845.665828768935
11718.619493588223
3193.278607072454
23082.253540236656
-44588.660736357095
8025.42036248924
117624.61911486134
185708.78172262223
138460.16664693813
-205730.07980220678
128748.63589518523
120357.35133747666
10685.928925897257
186679.9950706885
93037.9885704708
-123257.95700126134
-102916.74606696235
20262.669850391827
-176265.7956821501
290496.1269328216
-94458.57029631943
-107544.63774666443
76645.63405141002
170542.10830260732
-54639.68317260788
-31743.718904773486
3082.9812430842776
-23099.730364029703
-124955.16924575639
107759.50717930133
-101534.67387846805
54662.37567541268
-56579.27659102764
-135798.46527805156
59461.86161981701
89612.41013035309
304925.3922026257
-72753.36597441569
-51313.61547906883
-115418.09248981246
-88465.71925582702
-145161.1524497627
71759.72975625178
38717.65732652692
-94282.03431388827
-17594.623091953657
13351.385268251608
-12279.594995229374
109253.79832725988
3380.623506169171
114905.52571124159
32177.42483272052
146069.3172360383
165857.35437152028
77141.40152683316
93113.76384983373
8478.620471818094
96337.35045336462
-18384.15383938165
121246.37395737988
-93187.06241104666
-65469.377332315824
-21282.98343550956
-43754.62301741952
103816.52398514276
7760.492879816015
103764.86477139345
-24954.925365546595
10704.99830394494
-129111.42161531113
-24208.27561824355
-106720.72748793631
-36970.734255848525
-28947.5172084602
-26457.811949282506
95211.44738853326
270436.86586385366
-193626.82288998045
-17803.82408837265
-34227.86134552816
60360.25921845923
-104200.74650857925
-44072.75375312462
28541.25726489685
16525.557531272618
115064.59601103114
77460.5211959875
-74968.62791240167
-212368.27856309665
-3412.1224329411853
-172769.37025627514
-90329.69476843248
52485.35948586435
-135659.10635841993
94448.13278945217
-42194.543162825445
-32253.351331500195
74292.57796624444
10084.381974869984
225382.8906404845
-100941.26920132077
-86950.58858794185
-292121.7343420183
75212.91471596454
-115346.48175138222
147407.52019298662
-32103.73036768646
68995.86845450137
8850.903296165583
67751.95632325915
-126219.50416253706
-13641.871069240018
48085.17022627844
-104878.55539002593
59814.56564059519
-201990.63236963787
58075.015450625346
-4088.4541513154136
40088.23486196478
73613.27022836414
59808.49028227626
-102971.13602579739
-18137.771967198314
-122653.20466102245
96424.96479447531
212723.27208240126
24898.431840749276
11566.13059486979
33705.96334632421
-18712.963929991674
-27777.15752610098
43996.34213792299
84241.26658633242
63533.52220520449
-185282.05316190925
-176622.06065397008
-66793.7495756469
-39303.23157221063
-1662.3578251255967
-123453.21508603428
72761.3834880599
236776.9221645792
-70204.96312009798
-102076.24322076382
-58519.030717225105
178525.1331679672
-129147.158285797
56463.28229073425
-20733.179642531937
-41648.19575436635
224622.74533301004
-92102.54591723917
24287.843610167118
1085.4569955838278
50633.072229791556
-26554.487404078
5979.5790123222705
-137305.34028203748
-39560.62137768913
29343.568952474423
-199686.00822147072
-10981.121014198276
15151.609482470849
150219.76047688723
-272453.58049328736
-46059.608321183034
-71291.55711718851
-88335.50341086682
-18318.930276298925
-66389.1574098479
-47530.40575736796
143798.14532405615
49100.58575309759
-66409.3469197591
-85050.55825975742
-182550.62373902928
-26162.035389157954
-28110.43959968626
32633.956174125527
-99920.91641417413
-158558.8526672536
131467.9872661568
118679.58487249196
-106536.69541009645
42838.97651398668
-11973.210418654244
68249.26165555525
71357.78840213017
-8826.529645517228
-57911.04685556922
-82412.53667338168
20082.852559728766
-22351.828477249015
83603.92323186985
-48461.23277919827
38565.120152419906
-201593.27052919928
-6781.573262238224
32027.327408111152
-94664.6637181982
-100641.98904014622
-153804.06006742196
109773.785390633
131475.76474933838
-188495.68696069872
-41088.94446052381
-98006.19505687473
-106269.68286701641
-334712.4874960331
51462.97315499314
277506.0944151375
-103686.49536762864
-51782.66072048067
232432.97153685722
98630.00392484231
-180.74674090649415
117696.24625570858
-88628.95331707028
112933.21774014916
79339.28208452514
-126747.46407419672
-3660.9125325035043
57709.068172769905
10806.698163718454
-219756.53617824256
-122664.87631520769
221550.8206320235
62581.51304262989
74650.65129032609
-61210.822681054975
97770.35413562131
208860.0758747622
217808.96656927138
118099.48477162747
122610.31633201985
