A random graph with 1000 vertices and 110650 edges.

The graph is generated in the following way:
    - for each vertex, select n / 4.0 random neighbors
    - get rid of duplicate edges
    - weights are integers sampled uniformly from [1..1000]

There are three trees in the folder.

Tree1 - total stretch = 235835.18096509663, ave stretch = 2.150780029047584
[0,1) - 26498
[1,2) - 26110
[2,4) - 47068
[4,8) - 9974

Eigenvalues of lap(a) * lap(tree1)^-1
3.3711 3.6548 3.6653 3.8618 3.923 3.9595 4.0704 4.208 4.5218 4.5487 4.7059 4.8823 5.0489 5.6566 5.7918 5.9305 5.9575 5.9682 6.1046 6.4011 6.5937 6.7978 6.8132 6.96 7.0235 7.1353 7.4115 7.5843 8.3597 8.4758 8.6268 8.8867 8.9633 9.2507 9.791 9.8683 9.9958 10.5913 11.3855 12.3863 12.4702 13.393 13.6943 13.7206 13.9053 14.4592 16.9154 17.4652 19.148 19.7399 23.9133 25.5132 27.63 30.6031 31.2919 31.4902 31.7763 32.086 33.0832 34.0802 34.7556 35.6592 37.0228 37.628 40.5808 40.6795 40.9781 41.2097 41.4207 41.5239 41.7203 41.8323 41.947 42.0751 42.1131 42.5473 42.6393 42.9433 42.9818 43.22 43.3133 43.5263 43.6009 43.7052 43.8997 44.0337 44.0716 44.2176 44.2934 44.461 44.5906 44.6411 44.7544 44.9119 45.0124 45.1565 45.3905 45.4774 45.5073 45.7328 45.7498 45.9341 46.0752 46.2313 46.383 46.5255 46.9403 47.2526 47.4584 47.5921 47.8919 48.5084 49.8578 50.7641 50.8955 59.0413 72.5619 73.1267 77.1421 83.4508 92.8038 95.2616 95.5988 95.8521 96.8463 97.1279 97.3025 97.3462 97.5788 97.7701 98.0133 98.3033 98.5881 98.7846 98.9052 99.1894 99.3059 99.6918 99.88 99.8951 100.0838 100.1733 100.3314 100.4166 100.5029 100.6491 100.7293 100.8171 100.9729 101.0252 101.1131 101.2502 101.4049 101.5482 101.6534 101.7471 101.823 101.8852 102.0219 102.0848 102.2581 102.3463 102.382 102.4812 102.5414 102.5687 102.6761 102.71 102.8258 102.921 102.9734 103.1302 103.1946 103.2593 103.3711 103.4484 103.5136 103.5772 103.6667 103.8166 103.8802 103.957 103.9944 104.1403 104.168 104.2288 104.253 104.3826 104.4959 104.5361 104.627 104.6864 104.7349 104.8421 104.9324 104.9677 104.9942 105.0749 105.1164 105.1627 105.2775 105.2928 105.3994 105.4611 105.4831 105.5389 105.6544 105.7214 105.8697 105.9009 106.023 106.0837 106.1399 106.1523 106.2512 106.3061 106.3459 106.3788 106.4373 106.481 106.5011 106.6217 106.745 106.7648 106.7862 106.8611 106.9489 106.9923 107.0392 107.0552 107.1245 107.2415 107.275 107.3319 107.4089 107.4195 107.4865 107.5149 107.5932 107.6695 107.6858 107.7693 107.8008 107.8432 107.9373 107.9631 108.0644 108.099 108.1648 108.2056 108.2143 108.3168 108.3752 108.4166 108.5028 108.5862 108.6796 108.7152 108.7476 108.76 108.8545 108.9072 108.9489 108.9571 109.0299 109.0613 109.1716 109.2225 109.3114 109.3323 109.415 109.4698 109.535 109.5931 109.6399 109.6847 109.7191 109.7502 109.8306 109.9032 109.9184 109.9733 110.0438 110.102 110.1645 110.2724 110.3183 110.3615 110.4182 110.4474 110.5003 110.5579 110.5694 110.6306 110.6711 110.7355 110.7589 110.8509 110.8773 110.9003 110.9598 111.0293 111.1205 111.1936 111.2154 111.2666 111.2968 111.3558 111.3718 111.4481 111.4607 111.5124 111.5618 111.6149 111.7016 111.7224 111.7742 111.8023 111.8705 111.9547 111.9686 112.0401 112.0684 112.122 112.1706 112.2582 112.2835 112.3558 112.3929 112.4484 112.5136 112.5429 112.6234 112.6561 112.6934 112.7243 112.8285 112.8763 112.8996 112.9939 113.0025 113.0747 113.1499 113.1687 113.2179 113.2287 113.2903 113.376 113.4077 113.4661 113.4991 113.5182 113.5487 113.6109 113.6689 113.7783 113.8797 113.9125 113.951 113.9687 114.0852 114.1038 114.1353 114.1934 114.2097 114.2799 114.3319 114.3526 114.3713 114.4098 114.5382 114.5885 114.6162 114.6532 114.701 114.712 114.8297 114.8873 114.9398 114.9609 115.0397 115.105 115.1474 115.1906 115.2253 115.2553 115.2988 115.3637 115.3997 115.4106 115.5026 115.5633 115.5866 115.6522 115.6765 115.7117 115.7588 115.8345 115.8702 115.9154 115.9646 115.9968 116.0256 116.0504 116.1941 116.2166 116.2295 116.282 116.3168 116.4453 116.5099 116.5326 116.5813 116.6053 116.6909 116.7377 116.7631 116.8455 116.8926 116.8977 116.9424 116.9985 117.0431 117.0713 117.1147 117.1668 117.1817 117.3154 117.34 117.3749 117.3963 117.4547 117.4883 117.5612 117.581 117.6927 117.743 117.8004 117.8624 117.9092 117.9193 117.9717 117.9909 118.0315 118.1561 118.1707 118.2116 118.2198 118.2382 118.3549 118.3746 118.394 118.453 118.5207 118.6085 118.6159 118.6715 118.7427 118.8 118.8277 118.8354 118.9438 119.0042 119.0398 119.0929 119.1183 119.16 119.1873 119.2335 119.2983 119.3945 119.4094 119.4665 119.5159 119.5309 119.6067 119.6513 119.7135 119.7304 119.7734 119.8183 119.8877 119.9816 119.9968 120.0376 120.1039 120.1529 120.2218 120.2559 120.3426 120.3537 120.4164 120.435 120.4559 120.569 120.6147 120.655 120.692 120.7735 120.7868 120.8673 120.9144 120.9656 121.0193 121.0767 121.1026 121.2241 121.3269 121.3585 121.3633 121.3863 121.4667 121.5228 121.6036 121.6306 121.7136 121.7965 121.841 121.855 121.8944 122.0266 122.0693 122.0908 122.1388 122.162 122.2137 122.2848 122.364 122.4014 122.4549 122.4868 122.5349 122.6078 122.6865 122.6951 122.7768 122.839 122.8612 122.9667 123.0286 123.0425 123.0701 123.0876 123.1728 123.2099 123.2482 123.2915 123.3477 123.4211 123.4889 123.5172 123.5848 123.631 123.6997 123.7202 123.7385 123.7994 123.9163 123.9693 124.0137 124.0774 124.0819 124.1506 124.1759 124.2113 124.2986 124.3767 124.4269 124.4722 124.493 124.546 124.6163 124.7138 124.8173 124.8793 124.9221 124.9697 124.9887 125.0378 125.0556 125.1219 125.1713 125.273 125.3439 125.3683 125.4671 125.5228 125.5859 125.631 125.6671 125.7234 125.8018 125.8392 125.8647 125.9097 125.9853 126.0686 126.1005 126.161 126.2339 126.2572 126.2828 126.3299 126.4281 126.5003 126.5494 126.5894 126.6677 126.7284 126.7646 126.8777 126.8946 126.9357 127.0327 127.0723 127.1417 127.1979 127.2416 127.3264 127.338 127.4295 127.4823 127.4988 127.5868 127.6286 127.7066 127.8281 127.8557 127.898 127.9787 128.0262 128.0929 128.1839 128.2382 128.275 128.2984 128.3986 128.4635 128.4759 128.5494 128.617 128.6647 128.7304 128.8095 128.8873 128.895 128.9926 129.033 129.0942 129.158 129.2183 129.2696 129.3632 129.4065 129.5065 129.6426 129.7087 129.7432 129.8208 129.9057 129.9846 130.0252 130.132 130.1392 130.2054 130.2651 130.3288 130.3977 130.4791 130.5026 130.5929 130.6477 130.7484 130.8013 130.9063 130.9406 130.9689 131.1339 131.2086 131.3179 131.373 131.4426 131.4548 131.547 131.5869 131.636 131.7743 131.8173 131.8926 131.9954 132.113 132.193 132.2803 132.2936 132.4072 132.4454 132.4831 132.5513 132.6115 132.7163 132.7766 132.8251 132.9076 133.0887 133.1242 133.2105 133.2826 133.4291 133.4364 133.4899 133.5671 133.7404 133.7953 133.8662 133.9206 134.0605 134.1267 134.2016 134.2769 134.3147 134.4502 134.5604 134.5886 134.7881 134.8695 134.9754 135.0872 135.125 135.2218 135.2841 135.3868 135.464 135.4833 135.5908 135.6583 135.7662 135.8422 135.9626 136.0819 136.1084 136.2939 136.3905 136.5016 136.5207 136.6511 136.7106 136.8234 136.8873 137.1053 137.1685 137.2444 137.3591 137.3622 137.485 137.7541 137.9053 137.9348 138.0143 138.0987 138.1827 138.2436 138.3423 138.4665 138.5362 138.7259 138.8272 138.9258 139.0696 139.2056 139.3263 139.3979 139.5675 139.778 139.8741 139.9095 140.0948 140.1984 140.2756 140.4309 140.5366 140.6088 140.8533 141.0793 141.221 141.3205 141.4095 141.5212 141.669 141.8708 142.0214 142.0441 142.1771 142.3778 142.6806 142.8323 142.9415 143.0067 143.2591 143.5166 143.6488 143.8043 144.0578 144.2395 144.3023 144.5058 144.7543 144.9165 145.0705 145.1969 145.5147 145.6534 145.8662 145.9826 146.2011 146.5628 146.8717 146.9987 147.5763 147.8438 148.2113 148.7791 149.4845 150.132 151.9011 153.0841 154.7014 155.2335 155.8783 156.1636 156.7552 158.2728 159.0335 159.305 160.7866 161.0445 162.2288 163.3774 165.0513 165.7132 166.6287 167.2995 167.4656 169.8934 169.9681 171.4224 171.8516 172.6436 173.3409 174.0272 174.1394 175.3181 175.9315 176.0937 180.9671 185.8802 188.5661 189.4587 191.9814 193.2925 193.6363 197.9904 199.6501 201.3209 202.4339 204.2815 206.7646 208.6316 209.5534 211.2595 212.0966 213.6037 215.6252 216.234 216.6731 217.081 218.278 220.6858 222.2503 223.6346 224.8423 226.3872 229.1817 230.5069 233.8231 238.8641 244.3594 245.9214 247.8335 251.3045 254.3667 255.4593 255.8766 259.3987 260.8205 263.8486 267.4442 270.3279 271.8527 275.168 277.5286 278.8491 279.6773 281.2812 283.4027 284.5961 286.6559 287.5495 289.8584 291.9685 292.5867 294.0538 295.7989 296.4807 299.2156 303.0714 308.7748 308.9516 313.6195 315.1096 316.3913 319.9089 322.2086 324.7604 327.1805 327.9261 328.6898 333.6782 337.1269 360.3942 367.763 370.132 381.6057 404.4032 416.2739 432.6722 470.1204 488.9824 495.9913 504.8524 515.2075 524.5205 534.33 554.7948 561.9935 621.9487 637.2646 650.2278 668.8767 696.9876 750.4568 862.6051 982.8086 1081.2508 1095.8321 1157.6201 1177.247 1219.2568 1258.1118 1337.5103 1364.9048 1603.2794 1652.5633 1664.7842 1691.2639 1718.1257 1748.0335 1788.4683 1835.7122 1861.7219 1901.7101 1925.8184 2004.7653 2113.3092 2170.0452 2234.8505 2299.6618 2364.1473 2375.8762 2411.9162 2470.3211 2541.0955 2553.4006 2676.8225 2771.5558 2853.1202 2958.8977 3125.6246 3279.2976 3356.2103 3407.5155 3498.3231 3622.479 3794.2149 3928.5653 3996.3748 4061.6459 4438.1407 5040.5789 


Tree2 - total stretch = 1.2573113001704938e6, ave stretch = 11.466482751370199
[0,1) - 6103
[1,2) - 6093
[2,4) - 12187
[4,8) - 22472
[8,16) - 34558
[16,32) - 25148
[32,64) - 2953
[64,128) - 110

Eigenvalues of lap(a) * lap(tree2)^-1
15.4867 15.7145 16.7551 16.7993 16.9698 18.1723 18.6871 18.7998 18.8534 19.0912 19.5237 19.6486 19.7378 19.8611 20.5943 21.2153 21.4321 21.4649 21.8024 21.9441 22.4298 22.4503 22.4708 22.6809 22.8143 22.8657 23.0169 23.4638 23.4784 23.6028 23.9151 24.1523 24.2479 24.6526 24.8066 25.0252 25.0856 25.2194 25.2577 25.3271 25.463 25.5596 25.6492 25.7779 26.0067 26.1243 26.3014 26.4705 26.6111 26.8241 26.911 27.227 27.4467 27.8086 27.9103 27.9305 28.2274 28.3431 28.3956 28.6441 28.7516 28.7983 28.8406 28.9976 29.0675 29.0974 29.25 29.3671 29.4602 29.5643 29.5813 29.6928 29.7661 29.8687 30.1824 30.3081 30.3941 30.5525 30.6296 30.7309 30.8807 30.9883 31.1617 31.2548 31.3861 31.4244 31.5933 31.7813 31.8308 32.1062 32.2133 32.4027 32.504 32.6091 32.738 32.7787 32.9592 33.0512 33.1195 33.2318 33.2548 33.4233 33.7048 33.7514 33.8877 33.9092 34.0804 34.2067 34.3292 34.4378 34.4701 34.5617 34.8759 34.9045 34.9361 35.1183 35.2597 35.4726 35.6065 35.6917 35.7829 35.8931 35.9881 36.2049 36.2591 36.3244 36.4481 36.5632 36.6755 36.8924 36.9987 37.1071 37.2307 37.3386 37.5393 37.6936 37.9622 38.0583 38.128 38.3548 38.4311 38.5855 38.6094 38.7298 38.7856 38.9465 38.9791 39.2735 39.3023 39.3906 39.5573 39.6605 39.7435 40.0184 40.1104 40.2348 40.3628 40.4106 40.6707 40.8318 40.9116 41.0363 41.1622 41.3043 41.5862 41.7691 41.7981 41.8905 42.2211 42.4848 42.5407 42.6482 42.7307 42.8942 42.9282 43.0178 43.3123 43.5425 43.5984 43.7991 44.127 44.3275 44.5137 44.5768 44.5963 44.7821 44.9193 45.0184 45.1056 45.1327 45.1967 45.416 45.4489 45.6373 45.8457 45.992 46.0621 46.3016 46.6489 46.8355 46.9116 47.0221 47.262 47.3446 47.3794 47.6303 47.8854 47.9938 48.0472 48.3322 48.4849 48.665 48.7428 48.8567 48.9878 49.172 49.279 49.3503 49.4941 49.6325 49.7314 49.7739 49.9411 49.9817 50.1243 50.3322 50.4912 50.5497 50.6397 50.7569 50.828 50.9845 51.0903 51.1859 51.3487 51.4652 51.528 51.6614 51.761 51.827 51.895 51.9632 52.0359 52.2064 52.296 52.4001 52.4879 52.5516 52.7162 52.8063 52.8787 52.9644 52.989 53.1242 53.1868 53.5129 53.6136 53.6231 53.7747 53.8435 54.011 54.1097 54.2512 54.5609 54.8823 54.9464 55.19 55.2224 55.3563 55.4487 55.7585 55.7837 55.9593 56.184 56.3732 56.5255 56.7475 56.8785 57.0796 57.319 57.4265 57.4845 57.5152 57.5911 57.7636 57.8565 58.0983 58.5 58.718 58.8909 59.0167 59.3888 59.6207 59.7199 59.8303 59.9009 60.1177 60.28 60.3936 60.5298 60.7265 60.8085 60.9463 61.073 61.3244 61.3765 61.564 61.6753 61.8988 62.0038 62.1268 62.2644 62.5312 62.6859 62.9229 63.0784 63.2841 63.3232 63.6953 63.995 64.6572 64.7764 65.488 65.9251 66.1085 66.5533 66.6804 67.1342 67.3605 67.5498 67.829 68.0836 68.2088 68.4506 68.5516 68.8761 69.0909 69.2359 69.3016 69.4678 69.7684 69.8993 69.966 70.1769 70.3983 70.6296 70.9959 71.2867 71.5257 71.7166 71.9162 72.0002 72.1538 72.3703 72.516 73.0456 73.2559 73.5011 73.8906 73.9499 75.5066 75.6818 76.615 76.7211 77.0358 77.162 77.3554 77.574 77.8368 78.6684 79.2515 79.3784 80.1117 80.5998 81.1274 81.2369 81.399 81.6923 81.7792 82.2642 82.9496 83.1021 83.2362 83.3107 84.0089 84.7733 84.9947 85.6595 85.7294 85.8178 86.1136 86.4853 86.6074 87.1527 88.2423 88.4479 88.7165 89.4823 90.4303 90.9824 91.1105 91.4119 91.8608 92.1494 92.6186 92.8993 93.4061 93.5457 94.0654 94.471 94.5263 94.9816 95.8429 95.9673 96.4061 96.6474 97.2726 97.8053 99.4195 101.4157 101.543 102.3185 103.4776 103.8023 104.5689 105.038 105.0977 105.2544 106.6525 106.7554 107.1463 107.2082 108.0578 108.1668 108.5004 108.6315 109.3113 109.8036 110.1912 110.6911 110.9933 112.0575 112.4158 112.8697 113.6986 114.1682 115.1249 115.6409 115.8233 116.7766 117.1672 117.6101 118.171 119.0148 119.2181 119.5559 119.8322 120.0326 120.3108 120.8667 121.1118 121.4541 121.8542 122.0731 122.8689 123.1436 123.4866 123.6048 124.1065 125.0594 125.2414 125.8521 125.953 126.2268 126.3837 126.7668 127.1286 127.4376 127.7659 128.206 128.6226 128.9283 129.0977 129.2505 129.7767 130.1187 130.7657 131.3505 131.9145 132.108 132.8763 133.1497 133.2059 134.0017 134.1166 134.8209 135.1094 135.4756 135.625 136.1196 136.4083 136.6562 137.3079 137.8231 138.6758 139.3813 140.6143 141.4137 143.6682 144.3993 144.8814 145.5105 145.6189 146.0076 146.5146 146.718 147.3641 147.513 148.0842 149.2399 149.2895 149.5979 151.2365 151.5267 151.7777 152.5022 153.1344 153.6143 153.9565 154.4726 154.8497 155.4955 156.6353 157.9213 158.5398 159.4325 159.9265 160.7372 161.4803 161.8744 162.4645 163.3832 163.8404 164.3689 165.2193 165.7019 166.2213 166.4009 166.831 167.215 167.635 168.8076 171.3197 172.6549 174.5544 175.1458 175.4277 176.4047 176.5095 176.6141 177.4849 178.0242 178.3229 178.7335 179.2816 179.7262 180.4215 180.9543 182.206 182.3988 183.478 184.2559 185.3932 186.6677 187.1306 189.1258 189.624 190.3071 191.3792 191.6252 191.9743 193.8585 194.5434 196.2692 196.4386 197.4169 198.4345 199.1061 200.6101 201.427 201.6991 202.3645 202.7087 204.6401 205.0425 205.7389 206.2174 207.0085 208.032 208.3608 209.0626 209.8566 209.9675 210.2887 211.1069 212.129 212.8889 213.3296 214.1856 214.5825 215.1243 216.1736 217.9523 218.6442 219.0459 219.5542 219.7437 220.5472 221.1813 221.6302 222.5362 222.5849 223.5857 224.2479 225.5373 227.8764 230.0753 232.0308 232.3015 233.9605 234.1624 235.845 236.6539 236.9777 238.2427 239.0135 239.7335 241.0023 242.023 243.1434 243.6398 245.3422 246.0878 247.0571 248.3061 250.295 250.8373 252.0738 252.4761 253.9917 254.5304 255.1403 255.7846 257.7405 258.1955 260.18 261.3583 261.784 263.1017 266.2535 266.4902 266.5283 269.4878 270.3323 272.4923 272.7453 274.6119 275.182 276.9567 277.8402 280.2669 281.7051 283.7037 284.2887 286.7154 288.6674 289.687 290.4831 290.5573 291.6542 294.8178 295.0057 296.7449 298.6173 300.1331 300.625 301.4972 303.4734 304.5816 305.371 306.5392 308.6063 310.0297 310.4871 312.4863 313.2248 318.7378 319.842 323.3313 325.4403 327.1139 334.1465 336.7468 337.7414 339.9883 340.626 342.0702 343.9471 344.6202 345.1101 346.668 347.1557 347.9906 351.1041 351.4749 353.9114 355.3277 356.125 362.0586 363.8625 369.9441 372.277 375.6106 376.8158 378.9616 382.1344 382.8387 386.1194 390.2986 392.8727 394.3322 396.494 397.8445 400.6539 401.5089 405.5345 406.5181 407.1257 408.6526 410.5944 412.4587 414.0768 414.7302 418.697 421.7942 438.675 441.3022 442.5961 445.0248 448.6733 450.6974 450.7898 452.9485 453.3404 456.0834 456.345 459.0934 459.4828 463.6854 464.5816 469.4236 471.0595 473.5336 474.0714 476.6401 479.0225 479.4916 481.3585 482.2565 491.0825 495.0208 499.2426 501.1739 502.8534 504.8265 507.1915 509.0749 511.4492 514.3888 516.0455 518.7128 519.7594 522.0022 531.7292 532.8831 534.7981 536.7309 538.1294 547.3507 549.9437 551.7337 556.3309 562.6536 566.2938 568.8402 570.1135 571.895 573.9821 588.4092 591.8848 594.8166 606.5313 616.5524 620.7263 626.0693 634.3778 640.3895 641.8846 644.0629 645.0447 647.7705 660.6771 676.1391 678.9226 681.2892 695.124 698.4464 703.0411 709.4191 720.5573 721.4536 724.653 731.7746 738.4313 745.0912 747.1159 750.1322 761.1614 763.806 774.3024 776.8917 785.1973 787.2725 793.3248 795.3287 800.3323 813.3183 814.6594 817.9083 818.7048 821.7149 824.14 833.138 841.4185 846.5081 858.4661 866.2339 872.6488 881.3261 882.5186 883.136 888.5787 892.2356 897.4609 908.6009 912.5042 920.3887 930.0807 940.693 972.495 979.7813 982.8726 1005.9171 1049.5132 1071.7462 1082.3229 1092.3726 1092.7924 1097.5393 1111.4617 1114.1336 1131.9584 1142.5911 1151.4834 1158.9291 1164.1975 1167.9012 1192.1006 1194.6494 1202.6787 1225.703 1245.9027 1271.7864 1281.4443 1284.1748 1307.6793 1325.5428 1343.9521 1373.2932 1391.5379 1401.6535 1414.4121 1421.2028 1454.8136 1464.3172 1471.3949 1489.2795 1496.1274 1530.8194 1564.8869 1578.6695 1594.419 1598.5292 1624.3728 1630.0761 1649.3999 1677.2001 1691.5896 1701.891 1736.1325 1746.7328 1812.9998 1841.2095 1894.7014 1956.4485 1968.7098 2071.6047 2100.6408 2122.2634 2139.9782 2291.0996 2302.9742 2320.9757 2341.6006 2351.5616 2356.9765 2381.9648 2389.2649 2420.3054 2440.8396 2456.9735 2472.5224 2548.2904 2571.2021 2692.302 2724.4141 2752.7521 2796.9327 2881.7505 2894.8536 2970.5819 3080.4205 3104.559 3168.585 3282.1319 3347.7508 3404.8602 3443.3976 3733.6003 3754.0721 3808.0503 3985.0529 4050.1255 4170.2655 4537.4692 4627.6087 4750.3624 4970.5177 5160.2328 5165.4361 5225.7135 5268.8238 5352.8571 5390.3644 5623.3522 5636.7934 5783.9444 6195.8022 6322.6584 6387.1265 6895.9094 7093.9299 7285.8216 7343.0879 7625.2367 7690.3748 7763.5427 8299.1209 8586.7006 9154.3536 10090.8966 10166.1467 10872.9562 11044.0947 13053.1552 13650.1938 14514.9962 16111.4045 17246.1681 17617.7964 20054.201 20587.5104 22895.3244 37023.493 44556.5976 71140.6106 140397.7768 252953.3708 


Tree3 - total stretch = 2.919128083278261e6, ave stretch = 26.62199235098869
[0,1) - 2894
[1,2) - 2921
[2,4) - 5780
[4,8) - 10806
[8,16) - 19391
[16,32) - 30783
[32,64) - 30854
[64,128) - 6033

Eigenvalues of lap(a) * lap(tree3)^-1
21.0964 21.2314 21.7084 21.9634 22.0008 22.8249 22.9161 23.2816 23.6942 23.8473 24.1578 24.2268 24.2864 24.3738 24.4574 24.5131 24.8182 24.9852 25.0834 25.1251 25.2573 25.5606 25.7171 25.7558 25.8687 25.9585 26.0385 26.0768 26.1597 26.1735 26.3948 26.4684 26.6532 26.6851 26.7566 26.8964 27.5907 27.8193 27.9457 28.0169 28.0643 28.2807 28.4273 28.5236 28.5652 28.6531 28.7016 28.7879 28.8322 28.9306 29.1041 29.1349 29.2233 29.2508 29.3081 29.3816 29.4754 29.5166 29.675 29.7283 29.85 29.9083 30.0312 30.1366 30.1432 30.2193 30.3296 30.3866 30.4251 30.8085 30.8146 31.0878 31.1682 31.2382 31.3346 31.3764 31.4187 31.4847 31.6099 31.667 31.7831 31.9633 32.1841 32.2572 32.2704 32.3525 32.6683 32.986 33.0064 33.1863 33.2984 33.4141 33.4392 33.4884 33.5006 33.6063 33.6887 33.7245 33.7944 33.8721 34.0007 34.0624 34.1086 34.2609 34.3294 34.3806 34.4159 34.6744 34.8298 35.028 35.0715 35.2243 35.3585 35.4304 35.4641 35.5431 35.6375 35.7916 35.9427 35.9909 36.1186 36.2135 36.2849 36.3344 36.4586 36.4726 36.7134 36.8372 36.9182 37.1208 37.2277 37.4183 37.5501 37.772 37.9165 38.0191 38.168 38.2667 38.4401 38.5015 38.715 38.7996 38.9443 39.0889 39.1575 39.1953 39.3349 39.4612 39.5316 39.6098 39.6348 39.6645 39.8033 39.8331 39.8412 39.9706 40.0136 40.0191 40.1251 40.226 40.4286 40.463 40.5265 40.6165 40.6763 40.8163 40.8934 41.0072 41.0756 41.1616 41.3551 41.4492 41.5402 41.6552 41.7711 41.8735 41.9619 42.0102 42.064 42.1951 42.2461 42.4178 42.4704 42.64 42.7554 43.01 43.0412 43.1994 43.3154 43.443 43.5683 43.6902 43.7952 43.8106 43.8567 43.9498 43.9971 44.0762 44.2601 44.2686 44.3524 44.5809 44.7051 44.7717 44.9122 45.0808 45.1359 45.3078 45.3915 45.5346 45.5925 45.665 45.7791 45.8793 46.0184 46.1237 46.1684 46.207 46.2698 46.3788 46.4112 46.4454 46.6415 46.7025 46.8281 46.9386 47.0722 47.1118 47.3357 47.3967 47.8131 47.9303 48.0046 48.1514 48.3145 48.3904 48.495 48.6546 48.7414 48.8199 48.8658 49.0612 49.1091 49.2326 49.3845 49.5172 49.6698 49.7464 49.8832 49.9386 50.0873 50.2183 50.32 50.4168 50.5189 50.5966 50.7389 50.758 50.9678 51.0857 51.1496 51.2597 51.4087 51.6247 51.788 51.9728 52.1872 52.3869 52.6135 52.8231 52.8417 52.962 53.0676 53.1511 53.3865 53.5918 53.657 53.7206 53.9417 54.1313 54.2537 54.2929 54.5384 54.7269 54.9903 55.0176 55.2077 55.3378 55.3565 55.5226 55.7507 55.7699 55.95 56.0833 56.1661 56.3555 56.5427 56.6899 56.7331 56.8298 57.1749 57.3556 57.5307 57.8281 57.9142 58.2232 58.6298 58.9393 59.0035 59.1746 59.3934 59.5413 59.7665 59.9739 60.1263 60.4234 60.6728 61.6455 61.7439 62.4331 62.5587 62.6789 62.964 63.1326 63.2617 63.3949 63.5359 63.7871 63.8772 64.1687 64.2803 64.6814 64.8017 65.0692 65.2065 65.611 65.8061 65.9122 66.1265 66.2966 66.4377 66.4957 66.6856 66.7671 67.3039 67.4513 67.5965 67.7964 67.9309 68.0794 68.2276 68.4714 68.5357 68.6839 69.063 69.122 69.4308 69.7271 70.0935 70.1624 70.273 70.6928 70.8209 71.2169 71.4447 71.8631 72.0891 72.4079 72.6336 73.0828 73.4767 73.7468 73.9922 74.2686 74.4788 74.8544 75.3352 75.7778 75.9791 76.5033 76.8013 76.8811 77.2578 77.359 77.6203 77.7246 77.8775 78.1124 78.1883 78.4207 78.6993 78.9508 79.5416 79.7664 80.1231 80.5131 80.6899 81.0896 81.2073 81.4081 81.63 81.8198 82.1182 83.5376 84.1921 84.4911 84.7349 84.8598 85.1394 85.9178 86.149 86.2306 86.4886 87.0997 87.215 87.2392 87.6897 88.0261 88.1329 88.6617 89.2219 89.7674 90.054 92.0187 92.2395 92.5041 92.8291 93.5317 95.0576 96.2682 96.3746 97.1464 97.5069 98.3573 98.6527 98.9717 99.1077 99.6016 99.9204 100.0743 101.1067 101.3042 101.7748 101.9935 102.9456 103.1053 103.4385 103.6425 104.0279 104.3814 104.5698 104.7001 104.8659 105.1465 105.3915 105.6324 106.2436 106.7432 107.3822 107.7252 108.6615 109.5021 110.353 111.0777 111.1993 111.5525 111.8647 112.1089 112.6241 112.8773 113.1145 113.4918 113.9194 114.1702 114.4272 114.9558 115.195 115.3825 115.6416 115.9318 116.4967 116.8707 117.3885 117.5854 117.8859 118.5217 118.7351 119.4051 119.7057 120.612 121.2137 121.4663 122.8312 123.2117 123.6094 123.9546 124.1321 124.2029 124.3752 124.8616 125.392 125.9653 126.115 126.4468 126.7616 127.2412 127.6112 128.2186 128.8732 129.3301 129.9646 130.2384 130.4427 130.6697 131.1625 131.4543 131.6616 132.0499 132.4276 132.6516 133.7357 135.5475 135.5665 136.7963 137.1362 137.3149 137.9144 138.0002 138.5667 138.7045 139.107 139.4366 139.7156 139.9445 140.547 141.0395 141.3001 141.616 142.2434 142.5935 142.7495 143.4464 143.7757 143.903 144.3934 144.9039 145.1352 145.8512 146.147 146.398 146.7722 147.8496 151.3477 152.6223 153.2563 153.6787 154.4907 155.5074 156.1147 156.7742 157.1029 158.9517 159.2177 160.2876 160.4547 161.2647 161.746 162.2403 162.7135 163.2185 164.8009 165.2634 165.7105 167.0101 167.7639 169.4104 169.7737 170.5188 171.463 173.8521 176.7186 179.1415 179.7427 180.1669 180.4293 181.4026 182.2206 182.5004 183.1158 183.3138 184.0844 184.6887 184.9367 185.2152 186.0838 186.6236 187.0222 187.603 187.9585 189.1158 191.9123 192.3023 197.1494 197.9299 198.3666 199.0544 199.5825 200.8767 201.448 201.7136 202.2311 203.2341 204.8595 205.9737 206.6286 207.6352 208.1777 208.5391 209.3562 209.8449 210.6259 211.1646 211.8414 212.6233 213.2034 213.6265 214.1654 214.5668 215.3281 215.6579 216.1901 216.6159 217.187 218.4003 218.94 219.7892 220.4318 220.9738 221.3356 222.7644 223.5498 224.8369 225.3904 226.5438 229.4755 231.1555 233.3677 235.8209 236.4676 242.0186 243.2968 244.2009 246.6214 247.9177 250.8085 252.102 255.6635 256.5835 257.4904 259.3267 260.2679 261.5004 263.6339 265.739 266.9691 267.2848 269.3174 270.4914 272.1793 273.1521 274.218 277.6545 279.4267 280.9602 281.3436 282.7289 283.8062 286.6843 287.9144 289.0059 289.9813 290.4129 291.4081 292.5138 294.4236 298.236 299.4567 299.6452 301.1161 304.6035 306.047 309.941 311.3773 312.8997 314.0685 316.1542 316.3946 317.8881 324.6328 326.6034 328.7275 329.7456 330.0558 330.3774 333.0413 334.7259 337.882 340.5089 340.8964 343.9952 344.4834 348.1096 350.9751 353.343 353.752 354.0326 356.8004 360.9733 361.5927 362.5006 364.0653 369.8353 372.0812 374.909 376.188 382.0483 384.9273 386.8829 389.5163 390.2913 391.5569 393.4181 395.0782 395.7014 398.0561 398.2949 402.4338 410.1422 412.1483 413.8211 414.1826 416.0167 417.7228 419.509 420.7741 422.0648 426.0909 427.068 429.9569 432.1735 434.1896 435.9111 437.8758 441.9719 443.9201 445.0654 448.7 454.0979 454.884 459.441 460.8974 462.8684 463.3867 466.2985 467.6035 469.238 471.835 476.7453 480.0527 481.2713 486.2663 490.5978 499.9802 501.0501 506.8853 507.7087 510.3439 514.8464 517.0599 525.9975 531.6221 533.1351 534.6126 538.1093 540.5647 542.1627 544.7893 546.3647 551.8369 554.4931 556.8722 565.4062 566.5336 572.4721 580.0659 594.9963 595.2869 596.926 601.7271 603.4244 609.3223 612.8594 620.1543 625.9237 629.5513 631.6432 636.2627 646.8233 652.1454 668.4017 671.7268 679.3954 679.9837 687.7279 691.3349 691.9409 695.4479 698.0539 711.9329 715.8132 717.6269 719.1307 732.1211 738.0747 743.3829 745.3689 746.2581 761.942 767.214 771.1719 782.7962 786.5026 790.871 795.2162 806.1059 823.7304 829.8992 834.3662 838.9907 855.0286 860.2818 865.6886 867.1738 874.5094 875.5096 878.1832 883.3545 912.6811 917.5188 924.3486 942.364 948.7727 952.2112 983.2703 1002.8511 1008.5612 1044.6657 1054.831 1096.7147 1104.1608 1116.6046 1122.4751 1125.4802 1137.7761 1142.426 1149.421 1176.0361 1186.4667 1197.8358 1211.9177 1267.0203 1311.4772 1319.7938 1367.9716 1371.0709 1394.7966 1400.5881 1401.9238 1408.1437 1412.1047 1417.5881 1429.4276 1433.3146 1438.5086 1451.446 1492.6109 1530.6205 1536.5106 1555.475 1569.765 1576.9848 1580.0684 1648.5093 1652.4064 1711.3483 1726.1191 1769.2628 1786.1304 1876.8241 1927.8959 1956.8912 1970.4683 1989.9304 1995.0839 2028.6635 2048.8382 2053.3065 2103.3601 2120.4656 2125.7177 2130.5715 2161.2007 2196.0359 2205.3789 2250.8595 2257.2419 2305.4273 2358.4539 2397.888 2426.2979 2537.726 2612.2589 2648.74 2655.1786 2679.4811 2721.7474 2730.0627 2753.0799 2886.6714 2887.6834 2978.1142 3011.2188 3108.8292 3190.308 3265.7715 3323.2135 3397.4823 3456.6711 3557.2179 3733.5124 3780.1417 3798.1029 3841.1421 3996.3548 4056.068 4264.2828 4394.397 4440.702 4462.6386 4769.9414 4834.2397 4910.9056 5221.1343 5608.131 6004.5864 6074.7785 6177.3235 6213.0043 6326.9227 6769.7987 6844.3589 7830.762 8064.3353 8267.2771 9121.6893 9161.3885 9281.9786 9592.788 10447.9665 10962.9084 11495.3135 14008.7856 14042.709 15616.5249 16800.9375 16927.6486 17401.3843 18082.816 20782.0497 22019.2397 22593.4312 23807.3322 32040.667 32247.4864 35329.8763 35754.0878 40248.0119 44580.7071 46084.0304 55742.8381 56437.3609 76602.5809 88764.3174 132590.6601 179164.9808 182663.2262 369659.651 787132.5761 


