%%MatrixMarket matrix array real general
1000 1
696.2434679823068
360.544303537046
-902.9995288227868
941.6060025326569
-1485.789002637963
627.3617009487043
-198.10874717692752
808.2942747676968
1214.1193241154695
883.5616896953775
1536.5991800235597
-752.1165680942717
-3325.4667158270213
223.24489929808144
969.8854418708032
-621.9851024814109
-437.0398178045557
143.6333256281153
-392.6505330008335
-722.8712152595385
55.27375022876156
798.101541313616
-1569.9438777823275
-138.4922579116876
1397.0984064733339
271.45957759462596
-160.637878777098
-1878.985960096464
1557.637183778155
-506.41633322276226
341.070274278329
451.5408284485276
1130.8338700310144
-1917.4442663204989
-279.59235922105046
777.4444236476947
379.6547741077624
52.01100424757097
1485.9068526193498
570.3129564406076
234.40269461239862
965.0364088269666
1822.9599370108463
-43.20815844598546
469.95137831553745
-797.8382053184215
1472.9980152831597
696.7630673266206
648.2767304995573
-1760.7051771294234
2053.9631780082077
-1143.0403653073006
-789.8839362017206
189.72062415757642
-582.9466030454133
1465.4813036875016
1088.9321250709752
742.0665661693421
-125.11761618350805
504.6194966353703
2266.919196634468
-887.3954899307039
-1925.8182417721862
810.5395512306694
867.07696334931
-183.16385610411575
-281.19874102135105
-710.3374803844937
-458.7125910888362
-1513.267181840709
96.70339112412722
-185.8753036549772
-271.00954249363286
1155.262880149198
-2178.560715834592
-237.1685371133769
-4.765603889887161
1278.1822162473197
759.6141665807834
-1789.2647034151073
1220.1802119128934
1295.0913590437929
2460.5061968537025
111.65822710794083
-1621.9617564867847
557.090174219008
716.2837348892278
1206.4428621604459
21.47430136424001
211.51857008739603
-708.2823317851829
219.81980023991468
511.74365398695795
-843.9509289933951
35.49071421399681
467.1093241707452
-112.19456296849265
-1118.7991646459284
-237.0579806277895
-297.385792466653
67.6436429130842
-1860.2519950563985
-281.3668008258524
-1449.1309058405175
67.20426445500944
1806.7136091886132
1700.6735567697121
-205.1576001138655
-912.9390334145295
-363.35271998328415
-1002.9166161872946
426.7393893910769
-1438.3949824791212
-82.58361881456642
66.09810834239967
744.217446417266
-311.93338813806776
69.01332826216829
-1601.6710520298145
-1075.485869227975
-1214.5174297555125
914.8044882476289
1738.7243225393408
143.7987716416444
1508.8278053878282
1212.4373921234637
-676.8460090845412
-1244.6050112229905
-1810.0742635524598
-501.5104685885917
-1027.2484390913799
5.259482201208853
476.1949654921692
-512.2486768831319
230.30967307574832
416.35953595340436
1233.3578397325891
431.18833696738557
413.45585829198217
358.37824178587346
-21.862376551764935
-704.2754146654516
-1431.6014874877526
-1605.3533892405942
56.576610505698866
-1054.8576411421036
-663.3550756066801
-198.91957279270645
-360.0831514293918
-805.2655888816179
2293.8846448566164
-116.76057541993278
773.7658666265564
-320.8193127878294
-265.7293974206966
958.998534722267
-73.09407111886475
-95.32185679796721
-2049.534340982601
-488.97854315733343
-732.0955631321941
-1107.6506223610986
-164.32451225871415
129.67877332385467
430.6120642510479
790.2329043704754
990.5781026676901
108.90744122067056
717.9916636204218
-57.08162947599441
-108.1901414011422
44.239228589492335
-124.4798461831351
584.1182750047265
-782.9871678436232
809.7263429037581
-102.9531423613137
570.3109803596735
-1161.439183523076
848.2170803279362
599.8893477520139
76.10447388493729
922.5144334511378
-597.4894903669964
-169.2409020455718
-152.30520695678018
-1655.2179824988382
-1781.6566197331153
-620.8259507515012
1066.311048195773
402.28377432964805
-191.8054963367212
-1275.496556402427
-315.8383298861493
1390.975774655446
125.71669467060248
1159.191442955326
1488.9140043175785
1852.119592661464
-1810.425111937829
1466.6475424127125
543.9275050289845
637.4569369772344
1526.2230558368176
-486.4234175859681
-631.9275728359935
1747.0567559097417
-610.9768502333546
-1448.9485366290685
-741.7364881396138
-1788.1117393078807
-557.1198423616577
-1670.804809580514
441.9623908759007
743.2424077335595
339.4813587815067
9.390407260363757
-960.6486355513207
-340.83381185585006
-213.4902769000537
115.28304370459466
1404.7778683035745
1234.9660633355295
692.3734058260384
113.43925650574637
358.1840285062195
1013.0396964498666
133.47640151805945
566.9581175595393
-28.903010424859087
1414.78984849108
1357.3090693074819
-822.4435175681629
-45.88454746793324
-1070.2531145245955
-824.9660543354214
658.9357943403138
-838.9834310003686
-1996.8922917401694
518.1906468476653
1384.6062977286094
-766.1602939394734
1454.7271022566154
-45.50573677730587
-2212.9104894579496
-1384.6150487347868
-622.9443876040967
-473.16831910898196
905.624419413404
139.8092503812553
1267.4151788101335
413.2916343996877
-429.27351066758536
-1630.0450804856932
411.31094605153544
-81.63006957800678
829.7236405280698
-572.7867553926816
1509.965457905999
-820.8721898693292
47.952371109359426
491.35080251929276
331.8444122109338
1546.9667425770178
174.18916875310126
1897.1737033864415
-715.4710955254827
752.6175929002477
-1706.4351507729548
827.7550554899746
213.12021147249249
-1032.7778292824296
1189.3828895834715
970.0971071980457
342.05178955373015
-878.2592339526744
485.97387629539537
715.5849209246878
-679.46169522305
-957.5825805011235
-290.89063875251907
-1149.0396334943134
341.83047728689655
613.3632260155855
-179.77644717671157
343.96161840964123
2447.7962229883897
60.649740137264466
1997.5753095469645
-525.9974428184628
-1607.407450510865
1097.5704163114847
614.1824074642411
818.4856492062368
1002.4585058545936
-578.8090120658424
1188.4933025128862
-528.311043459264
-155.0747451613784
-824.6007151610781
2071.9183397052975
-576.9385975482849
688.8740024733119
783.6033383688932
700.3259783378569
-282.1572133940586
-806.182838652121
-762.102402190112
-1353.2785437807233
1123.375514090235
852.888162801966
-256.9012919065867
-1366.1878593764277
-787.5980495426926
585.1714855382802
-791.755734058936
-2.5658710139385077
-2674.2043881755976
-167.69813060991325
59.754078696313705
885.3310866183981
-535.2007255301477
930.4778945404162
-241.47584733969265
102.75884106437488
385.3001890133138
-626.8856663919465
28.768645698272934
-1297.6652660153104
-1376.524939529091
-178.58720587956336
729.2301849136928
-543.3428969683027
-1071.6903530015693
760.7678101676952
-1148.7440003680276
559.1029822730502
-95.3739205141149
-688.0026482199584
-286.6827665146138
-1144.6839005724603
747.6676792160769
87.6451572852196
-206.51916546377942
-1380.3964827941334
267.3080037592713
1110.1304533316363
115.5678155014972
-532.9637423438651
-132.53937298189646
-601.1531362558155
-51.025302398253686
109.87633642794859
292.8956500727433
-550.9118580018345
84.52562351289852
-1422.7989795739918
-1024.896561932927
3168.5747497867987
-578.287470425416
456.27011763796304
-178.35220594367846
-816.4668778812644
635.7006259306056
-927.0660594377862
1064.7325565063866
-2630.398003831455
392.01526114494914
363.0461042111901
-191.28392691489282
-18.639926392456236
-242.46437929579037
86.07978108480242
1185.1907729162363
909.9787381405002
-1268.030090014829
994.8441195630116
-791.4905524463773
-1111.429579741136
431.2166742499012
-1860.3033989792716
-125.07506337166734
271.67859743280155
2522.879821688991
-254.92098146768313
286.90425138688727
-1157.5444644547733
416.9574392638509
282.16950621316516
505.9283326362109
-371.43848845512434
-550.152335204621
1678.70953062016
639.0444193190566
746.4040924147057
-2387.086271877488
-81.23188146874674
-305.2320365124873
-76.9667509576026
-151.78527166877814
-989.7235409139646
-619.449582540834
-1759.6016199517242
1320.1921766870316
-300.54306392106423
-924.5245917942597
988.5675999008268
204.3630369365957
-19.722598346130848
-1008.3445462570971
-2330.0264068857277
32.305543165541685
-92.82361549957804
882.4538282202587
-536.3798690806827
1179.8081306091083
916.9243659263974
258.35698938495517
-1965.4995813120445
614.2471399212695
875.7379583302223
139.14376628345747
320.03244875896996
-1274.3492832545478
13.362053088512893
-162.9299370981936
-1509.8881411360844
1864.6706801489004
-68.91987313895628
-415.68733025729273
-280.728528408086
-2138.584667306092
162.82805692144785
520.5619137485681
2008.0217316137118
676.7203209646779
506.2663508969007
-482.5531649865926
-419.37164423638535
-14.019796533650384
-683.1919351624829
54.507659561601905
38.94786939013939
-918.4140723432864
20.480624873493035
379.3563735858896
551.3265693224328
-1134.9236522593485
-1127.9785592413207
79.98188894685222
-490.7055560931302
403.7724357004981
431.57830301860565
-751.1135698158279
252.75996843457276
2032.8297257446545
451.60346611610754
221.95690393283786
-570.2056181106501
74.08570493192177
1294.1516525934444
916.4247421001057
837.9790984613678
-629.8402841731315
163.65423091868144
-700.2088242147253
563.6377213393195
-942.0686245028302
-183.72569758694192
-655.9330244940498
1113.5185120384017
-2071.977972369443
-828.8428960170521
587.2200575887354
1595.612035266828
356.75547737926325
-925.1015214630189
-1619.0434887398885
426.77312366040195
-261.0659596313014
-75.41379821313127
-577.9447441239114
-583.512797700872
-1146.1726080720862
-1297.165761579926
1052.4362352139124
-642.4451416195673
1992.2704259826983
-1570.7444756199648
-321.159394089252
2991.256758858751
293.1963711662886
290.9458703243016
-1217.4869483514703
186.4233993130714
557.0647556681711
486.4003735619407
616.4440295006015
-561.9175936246178
-584.6188750156632
690.803244926447
729.8906391564157
495.2267804977158
295.97916906261423
1179.2889102359609
759.2034726329499
-1549.245680205463
608.7429196448519
1506.9938477031476
213.20529334439786
280.6876277319673
345.5478048588689
2023.475897018525
965.621657131634
-304.6118323333891
62.12582940612462
-504.8042092003102
-1753.5720734799029
658.0497331003697
494.22760802210166
775.305715259891
-956.3181152361105
-799.3752132416184
739.7273170501613
384.59482035872236
158.6620590734189
-134.98820222549745
213.09296703913634
213.9036826680561
578.8133443449432
-378.07577510189213
1047.981435567944
1198.3714101179341
2718.480193378109
-958.5241921349848
427.34120289676565
-888.5410534214067
-465.3292216215953
2199.8922817793114
-237.53795429725662
1984.4956535642143
-1701.989133347979
-70.94349741316158
1338.8092966780926
584.9987181112338
2219.297561146333
904.8479249371833
939.8291401899552
-998.4885469349044
-850.6969516274808
-391.5316995984397
-219.17983752441896
-1639.4222560267663
126.09184906944638
-710.8111051160058
549.0852670765479
-302.6834654172475
-1090.7527374125555
1435.0297545233036
-194.4913019696943
457.2283875108901
1516.2060289386714
-182.7647972936253
-239.10428857863855
250.73073306952352
-553.1995420716542
-192.80940898934884
889.2055080514655
-336.08649424037463
-704.0615332965162
703.8283968880112
1128.386834739314
-457.1477910554952
600.3973532814637
1029.2624244140293
-939.4044089364638
-376.4658899595373
-92.00179439811082
3640.2002870521965
-1940.820881646613
-1287.1443578223661
-1141.3476519624578
-3042.080147929676
-821.6470831126676
1265.3904748154523
-363.35240483620197
141.362477352565
-1383.654534751206
128.3384967653737
-424.016184639549
216.93616914926793
-202.7628932075134
-356.88314698964825
627.8349355065661
-529.420528671664
1100.490030518008
331.21744862425777
1068.5863027063313
-6.747270553904531
-994.2423517230718
-482.64578037090206
563.1706417465059
-271.3799369607205
-195.96734672535823
424.6470565850047
-837.7028281640047
-1002.1670529880412
-697.4394534979111
1885.1138835718657
-1278.9129304271867
1237.18019952626
256.9713708337873
2008.3475929320987
416.48819660953
-2141.377088247555
-201.298056782684
542.2009888010506
-322.54356509415345
-2062.376584093728
1133.9186092401644
674.876988951024
-17.231746065852764
-2146.9401230786016
-1484.1604120807488
-162.364073394833
181.63172343331445
-307.61979863073435
1961.2123753486476
-676.0678180739378
-1343.9667344342022
675.7207818175901
-1138.1782996184666
117.43553544443776
-366.8183710479614
-802.1318048928697
-644.4398986211569
158.52627619819467
-296.59386066460877
230.22888654481568
960.8512149837622
-1772.6718246036173
-193.06238742226452
757.8799735680826
-222.36252036063422
-412.6598461194824
-695.3433747302826
1136.6018403522057
1039.3989479317597
1331.0179632481068
126.36249042718092
2350.154317214353
-386.00803893597725
417.90272227442415
-330.45928273999556
678.4162662552055
793.1937412220784
-735.4563346505054
-1273.1313311696358
-1342.8816505999384
-456.08452340331786
392.2596210266854
-1890.8845474374716
-2774.802013988075
-486.1396358501123
-490.23275798526026
-1576.9691134330617
-1354.3468712308527
630.7049368336976
-785.0929809780203
-2106.7171517090796
1230.1468132178727
95.59943037071064
507.5886198403673
-231.3382586456148
-345.2515816887281
-2404.601595042054
128.93081830152585
-1998.9449390435916
161.0772013498362
-364.23166908683737
1425.684346129948
306.9912146462129
-1280.7259299739228
-295.0354422582529
-96.64208878340587
-264.3978566671981
334.05040314149585
-1782.1433049082705
-361.04696640594574
401.26110718087943
-1891.4672773770978
-2320.9459625486875
-1158.0469804034285
1615.7478650285805
188.98520597162025
-106.46623172004068
812.1001914313431
-630.856543580638
-391.11458693655726
621.1989585302774
1016.100874364023
514.0946372451717
-912.9503143766858
1235.977617566773
-182.6213267670059
-739.7171634015242
431.30324403873476
-1803.2867419085878
-302.4440154850049
297.3360582398229
1014.3618742313981
767.1516892141266
-128.5503575470571
-690.894959684331
54.935192764273324
-73.88639083388857
-758.4818862558096
-115.50024652735071
721.5252680696402
1107.3340668894411
-1645.2494785017939
-104.9374472176524
-1447.009002838636
321.9490296527118
1396.4586775279815
544.6511050875985
591.3201473840393
538.3180215579155
-1091.5411201284867
209.0775017764454
1135.856748241183
-476.5229895702494
1733.2124605863548
295.8316569204694
356.44144781659077
1372.1753509808361
-1254.8134822454447
-175.1250709750723
-1625.7603627211624
-895.0572692611266
498.53972289443175
-751.1098755554451
830.6670845075802
-1483.5079513054118
797.7992421223524
-440.85215125188074
929.1491755879838
-819.2676375054152
404.94763826878403
-443.24772131180003
1583.258362520081
2009.506624490861
-101.0916772616572
-1345.948585370817
343.78637246039045
-2099.2923877198023
1424.8315780109026
156.02412284596704
-170.75830695520335
651.3002354445986
-138.53673709426312
719.614686154954
1227.3613451320853
164.11325367289692
-230.53322555482276
451.49342753239466
-1381.5918579932004
-641.3976191943461
-1181.7594334495627
-1285.1999071886758
392.87761716208746
72.13104985526523
2466.3089046387645
948.5051998644852
-747.2242615420731
323.80659692106184
-720.4786693505685
639.7539467534261
-282.7781195577253
21.279558571603207
231.5328912602522
-819.8299905312415
1461.9556992316814
-827.5322641779051
-722.366202938499
16.07553929639177
9.95432972835838
-1022.076957823934
758.5863275484393
619.3374981658163
-1217.2583449851077
1070.651261095573
-559.1818722177518
-172.7357705637707
673.0598289205843
-173.49555031246237
1194.881368702857
110.4225689145479
-671.6674101157113
-259.97751992059733
39.623571409096954
-95.69020453365152
845.4113435171658
2383.8696449921117
410.4811034094393
-732.1827445476537
-1793.063871442286
99.79075719540863
262.3551392761441
-49.893343382263886
1486.5668953567053
77.07989605850187
3246.695183414293
509.51682900603515
1053.9500383803434
494.4661162427574
1441.8163996071949
1970.1130411999795
102.99827660669541
-144.1353449983455
1590.6014566450194
0.30958878643705146
-1205.6192877277422
-405.00652414972006
-228.85033840174557
-697.3235916340518
450.089512804966
-2261.601795271099
-1111.2824939148281
102.98294418030936
2132.861004654119
-322.1361625890587
364.17643421669874
-561.0298723851996
310.6220806915366
1095.9970781913105
-1817.0306284112294
220.4229275372957
-1625.197889089233
-87.6540555582946
-493.91031100176883
146.21525806499207
292.3925007777806
421.44771323560724
-328.8328657278741
-1598.0528637654654
-1889.7332810756511
-1385.6984992784164
1106.2527691950206
278.33610190929517
1477.544579313614
-696.9941216306547
-187.68744587704353
-1303.9511236893027
-664.8992049890526
-2088.953442049825
-252.46338586847327
-1251.3161491296096
98.66306008924694
2407.3202895483837
16.677846896928553
1393.8779258612005
163.32201972434405
-714.2834676911602
1382.2345906820979
93.67488798145733
267.0359864264503
1498.8838258042213
925.0737776076139
-492.1699255298116
1137.0694189211167
737.4086243945048
-443.3772890956283
384.99130325366315
651.7246847366306
1021.5721537846828
-1366.8784879217123
1943.5681291309932
70.09613761852619
906.1466338898155
835.7381442589024
-183.51101072920642
-1511.3242498146656
-729.2051060836043
-994.7724730917143
1243.1128159358352
50.79544915282401
508.3862043103141
1102.2490526270947
-665.1170316337514
346.8911634342562
613.8847110957282
-5.2109603396676745
-5.87638055098845
1845.292180750101
-239.21067256523594
1043.584844916923
-485.59000288593353
-889.047835978569
-2108.9368436921573
1004.1522992201367
-735.5313459428521
871.9678414087082
-509.06722662658643
467.793681560383
-1040.386053483051
-809.6174459174265
-516.9962477443323
1840.5115920863814
-1079.680850334473
-1627.245804560062
-1585.22546410113
1004.0496551413531
-557.801431703929
-91.773715804652
271.881571366159
1490.7711391545283
-1058.855874314358
-221.51411942451318
-16.239074690238954
917.0729810619398
-76.98213987527528
-635.7214008645318
950.5307344112031
38.795271640241204
-1871.8416888693741
81.13620504528897
3105.3253060323837
1387.3530329335294
-900.3871660635499
-616.7919053354763
-988.6327655742433
854.3061385291
275.39367277072535
1855.9380797404804
1112.728203965976
-201.56617445487387
179.68308473789455
1856.2312187544605
530.217956076474
-430.7403861236591
-423.33488421262024
141.16781349305217
1017.823776575371
1360.0587210873618
1228.6722152087564
-2289.1857033159977
273.66833415854444
295.9082255020666
-797.5560541043499
202.71632898425878
370.9414060578072
-445.815750156617
-1968.4297959379562
-1713.1215896573513
-38.14710023933349
-328.791771491213
-1643.1766704079291
-1820.1822443498245
650.3210698161243
1546.0111756060053
476.25018168753877
383.57733974716285
1797.4761088948003
-552.2604741052668
-968.9478994242603
1375.30126923348
1111.7616945754894
676.3959854976904
1439.6491668194262
248.20467438981743
-45.039866993347395
-2461.015688860869
758.2481135173289
-695.9224420889587
-937.9443049978395
-5.811877383486848
-1120.7076285922158
1930.721339693267
-1346.6512350004523
1479.7360093447653
75.42947424341061
-2733.244391660829
702.4703739594502
462.52435567697444
-822.8207909839502
142.51438084098135
410.18782797568497
1835.2873369428864
-459.9590903612054
-1014.9745964806341
-249.50559201593143
-1237.0606150789017
-90.00592247149251
-1204.498823728234
-226.33168887939956
-270.0565793574816
26.08642813504176
-1899.7043126124809
765.2144577772659
