%%MatrixMarket matrix array real general
1000 1
-1.75387283940741590e+00
2.32715107312616715e-01
-2.44587295919562653e+00
-7.92954703010757211e-01
2.45095893084085192e-01
1.47358529582919906e+00
-5.71456929065509023e+00
-5.06286539028143912e-01
1.93993466452731300e+00
-1.65195755990516790e+00
-6.33285969510944624e-01
-2.33255308339297307e-01
-1.68576761399410424e+00
2.35841326646037991e-01
-6.28921515641871376e-01
-3.01660408986745621e+00
-7.01827122670090398e-01
-1.44150240716806910e+00
1.03380336457886024e+00
-2.32892782185022362e+00
-7.02951354552616259e-01
-1.11043546338295851e+00
-1.14951641435907548e+00
-1.47501833699528984e+00
-6.08860061466675706e-01
-1.23227368846972385e+00
-3.06852185224860996e+00
5.45717767582962576e+00
-6.62721141318032725e-01
-1.99752019882419507e+00
-7.83884686636299843e-01
-1.22091199214383828e+00
-6.75385078618810142e-01
-2.07820592557711598e-02
-3.87927001775265623e-01
-8.81819417475355194e-01
-9.93760031532222032e-01
4.47752692165134025e-01
2.79328039827935015e+00
-1.18017388712440385e+00
3.80946279792732145e+00
-1.88914729455352037e+00
3.06401912809358135e-01
-9.00817169305478060e-01
-4.73823513617653735e-01
-1.81170006267525308e+00
-2.70040072097632944e+00
-3.69643206509662114e+00
7.75398246781500045e-01
-1.07442288405125064e+00
-1.37263989092631156e+00
-1.58810655337363227e+00
-6.19114446579089317e-01
-2.96173293708453089e+00
-2.22081258783114421e+00
-1.34987551917892601e+00
-2.04962765785222700e+00
8.15344605605239714e+00
-1.22320962396477384e-01
-2.13656552188492999e+00
-4.05347791180856731e-01
1.16885975392570640e+00
-1.36936321573363373e+00
-1.63204299797814145e+00
-1.38808098684926495e+00
-2.28563226943806574e+00
9.85727050685399231e-01
1.69322889246568220e+00
-2.11398687990657930e+00
7.62255857431655137e-01
-5.51745960665810276e-01
-4.86076551104709487e-01
1.01672709766460976e+01
5.11252827820758871e-01
1.22916914092710394e+00
4.30965784185522671e-01
-3.69651989959965777e+00
-1.92623259011572578e+00
-1.90913771101964302e+00
-2.65434855987517593e-01
-1.70521458778008084e+00
1.21714499381433361e-01
-2.11433951816706411e+00
-1.07459535678435425e+00
-5.82514944838440574e-01
-1.42878644562604684e+00
-1.27825212746060957e+00
-8.65998854728966094e-01
-1.61308940304328141e+00
-1.27542648934139358e+00
-1.45216963497069140e+00
-1.53710185837967606e+00
-9.34737821901036492e-01
-2.88051065321284083e+00
-6.56080646089884034e-01
-5.99045282399510604e-01
6.96139258942432448e-01
-1.22372424821815651e+00
-2.92723222404225991e-01
-1.33988061878153975e+00
-9.09928050134064081e-01
-5.96949072641213885e-01
-1.04700272497955127e+00
-1.98112783723381636e+00
-2.15544098448398458e+00
2.00556135977827932e+00
-3.38365962483505944e+00
-1.41915743533910055e+00
4.13297025511147353e+00
-1.83738861476790816e+00
2.21510675767491811e+01
1.61544890643801575e+00
-1.43144891602102109e+00
-1.60503253587068384e+00
-8.37540382737609335e-01
-7.35953716102873079e-01
-2.94118692897935574e+00
-7.00320761896488841e-01
-9.43876912560992265e-01
-2.24910225214582615e+00
8.83225267474162656e+00
-1.67309025110329990e+00
4.35877690968833609e-01
1.18618914479104749e+01
-1.77655901296351959e+00
-1.73839520157206451e+00
2.34025270610845970e+00
1.30975697037586158e+00
-2.45059520106457152e+00
-1.54389930593965818e+00
3.13855511317018543e+00
4.68934568987878386e-01
4.77653452343354934e-01
1.00433830382577716e+00
-1.71215646080982054e+00
-1.33928702025117152e+00
-2.02787037329527564e+00
9.07509055760519878e-01
2.02654518616868540e+00
-4.30753351233719550e-01
1.59771012947841884e+00
-1.58186790066284844e+00
-5.65426996373456392e-01
2.82614261051747384e+01
-1.78827035708067195e+00
-2.05151844976527098e+00
7.43060302344186852e-01
-1.58986572379098545e+00
4.62534447591589171e+00
-3.06377151820762883e+00
9.11287373700719439e-01
-1.18397734479812736e-01
-5.52505454671460727e-01
1.08037680661533297e-01
-1.02332199960479153e+00
-2.57688662590512152e-01
1.74059526300071488e+00
-2.84463784919012630e+00
-1.14216149452778071e+00
-1.67664440632535561e+00
-1.35626640149410171e+00
-2.29045968953697887e+00
-1.75507474781568168e-01
-7.21204756805166325e-02
-9.50849242659314808e-01
-2.14846031763623957e+00
-2.21425680431604099e-01
9.16622543608194107e+00
8.45433960972993392e-01
-1.64608293255311788e+00
-1.81465174446830968e+00
3.10701430563774172e+00
1.04528030722937315e-01
-2.68156813116931181e+00
-2.20743699657606918e+00
-2.48624588292136561e+00
6.01871771085716212e-01
-8.87819905511434415e-01
1.31872073983647931e+00
3.60629590672744882e+02
-1.87968597385074898e+00
-1.04696033907446173e+00
1.56312758489437181e-01
-2.23039404201404245e+00
-1.90662543195345524e+00
-9.76546606167432274e-01
-7.06264975206871148e-01
-9.63892069843685362e-01
1.05419186912989060e+00
-3.21422269758200319e-01
8.03653715496083798e+00
-3.07695789261717922e-01
-8.15237952776975749e-01
6.93562615110501324e-01
-2.28911270784340815e+00
-1.35509301435571716e-01
-1.72808293488292208e+00
-3.90271604821344098e-01
-6.70708550340752163e-01
-1.77266814993134947e+00
2.42432159851189100e-01
-1.94580507375943651e-01
-7.03326080485180416e-01
-2.35808052581290117e-01
2.39825867112874180e-02
-2.61105404390835982e+00
-2.23421042720258622e+00
-7.67929256404066063e-01
-2.06085511114101250e+00
-9.85597315213650460e-02
-1.64632859413742350e+00
-1.05007299082244776e+00
-1.40809665052700494e+00
-6.82002207903774416e-01
-2.13341704007770172e+00
-1.71194546755303123e+00
-1.84736203263756815e+00
-1.14977561992178723e+00
-1.74589516857759897e+00
-1.16468487511101559e-01
8.67105379650086761e+00
9.89328752485902352e-01
-1.96058090533279894e+00
6.64613240358899215e+00
-2.52796182739569220e-01
-2.01809214595747743e+00
2.30176825912826649e-01
-1.93126270969008385e+00
-2.17103481397163467e+00
3.75927745225011556e+00
-1.99241316636735100e+00
1.92884446359409956e+00
-1.18058994133168649e+00
-4.34184067629235559e-01
-3.85510516511660573e-01
3.02881621097268328e+00
-1.79536019033066840e+00
-2.78466679674580009e+00
2.22734389336957506e+00
-1.15594220974106610e+00
-2.75781665060431935e+00
1.84370486699805158e+00
-1.69573836898093777e+00
-3.66540633765753565e+00
-1.09148682372751749e+00
-2.55920078881972479e+00
-2.32128502632695932e+00
2.68536199912481344e-01
-5.62811080749809678e-01
1.57593197088685605e-01
-1.36759590035291656e+00
-9.49963181482537111e-01
3.30977949680547123e+00
-9.74485926856293427e-01
1.44995279934439281e+00
-1.62271387352984919e+00
-1.42970240964786721e+00
-1.58476618805911662e+00
-1.00545501311265006e+00
-1.89808668125722768e+00
-7.36302350727210175e-01
-2.79553617298640944e+00
-1.68500821707385584e+00
1.50645074299088999e+00
4.59295472252735371e-01
1.19402616432015929e+00
-2.03705213389383877e+00
-4.07572920896087543e-01
-1.78058838911698025e+00
-1.79354347617368504e+00
-2.20950288068399558e+00
5.49780664540078456e-01
-7.55936796415150214e-01
5.54313982867527955e+00
-1.13267822187645617e+00
6.24367821111244226e-01
-2.18208439575899327e+00
-2.77046844198294617e-01
-2.19707264338271147e-01
7.62187336983535912e-01
-3.07648348109651648e+00
-7.16536824929077998e-01
-2.17599634321124880e+00
-2.30059751678720570e+00
-9.35113810247578670e-02
-1.37047680083451195e-01
-1.08167211025145815e+00
-1.72577219479449107e+00
-2.52603703807172231e+00
-2.76835763908994448e+00
-1.30082019411567229e+00
-3.90451171380623685e-01
-3.55112697130270938e-01
2.80629355092588850e-01
-2.23245545461386774e+00
-1.82127892062424168e+00
-1.49762877017423257e+00
-5.57882054942270278e-01
2.65842472601340862e-01
2.41915222455332390e+00
-4.08510421065687357e-01
-9.78825882168925965e-01
1.77160057653620329e+00
-2.44924928711040923e+00
-9.85443942222713476e-01
-1.00492866404785230e+00
-2.75085877487440467e+00
-1.57755498638049518e+00
-1.88847330172205319e+00
4.06051841874994413e+00
-2.88708407881441143e-01
-8.68505980220214413e-01
-1.05387777300592411e+00
-5.03118769075371564e+00
-1.13880359963053879e+00
-8.64301751616791014e-01
-1.97800571512298529e+00
-8.83430412676543542e-01
-7.84441387078273933e-01
-3.48898891831165470e+00
-1.75840627777005509e+00
-5.13043579036125963e-01
-1.66128028931474248e+00
-1.33708478093745176e+00
-7.14906670199203731e-01
1.32931788796670469e+00
2.50475882895667068e+00
-2.89457040179621394e+00
2.44068534222498501e+00
-2.75453500235730875e+00
-1.28170344009127035e+00
-1.98163299345948118e+00
-3.28517629585679316e+00
1.51429174982860602e+01
-2.79405249620011342e-01
-1.65775360886200174e+00
-2.02299160846820758e+00
8.10649983881518565e+00
-2.90385632233654933e-01
-8.09742763228554097e-01
-5.83636312592061723e-01
-1.28433721006817136e+00
6.82766081411890657e-01
2.11166660831682007e+00
-9.36345917626786761e-01
1.13329319134765805e+00
-1.34422713586997533e+00
-3.16205272879344879e+00
3.82716629402655872e+00
-1.33064285772972957e+00
-1.39890031305645879e+00
-6.26949178069357682e-01
1.55657808194111680e+00
-1.38657945490340384e+00
-1.77758008582362104e+00
-1.92349383662907614e+00
-8.67958006008310745e-01
-1.30024412405302314e+00
-1.55956273585359217e+00
-1.55214501575177088e+00
-1.69669610775539859e+00
2.19278725938544339e+00
-1.01677424477629952e+00
-1.16539099901348558e-01
-7.46185104587843817e-01
-1.24675246347017321e+00
-1.54505333434694569e+00
-1.81659602024616085e+00
-5.31761803598424065e-01
-2.60791560227483954e+00
-1.30856239346036274e+00
-1.40885651045994753e+00
-1.32794546199156827e+00
2.02138580875174556e-01
-2.13247938634545608e+00
-1.28551999086790336e+00
-5.26670661104456928e-01
6.01401946389580555e+00
-1.26984746791175640e+00
-1.35412330644241186e+00
-2.05085765439833168e+00
-2.18095617086739191e+00
-3.65508963039344437e-01
-7.58712180858103991e-01
-7.49247726376846446e-01
-1.76691803015518989e+00
-1.26864851703689618e+00
-1.20460524268748936e+00
-1.36905109663907054e+00
-1.92903265369498866e-01
7.79319480237637485e+00
-2.26840022692439369e+00
-1.92890903328500651e+00
-1.63510209067949397e+00
3.96218458385452266e+00
-2.07748007120135592e+00
-2.07416937243006494e+00
-2.11873128739668415e+00
-2.09377209790851637e+00
-3.67465277319854011e-01
-1.23752764405607918e+00
4.07468064043932721e+00
9.53448609433249716e-01
2.08552959606474175e+01
1.66691116424706731e+00
7.36976532293078579e-01
1.49332789534312793e+00
-2.11672568469585709e-01
-1.83358822402462956e-01
-1.54378454510431951e+00
2.64020019435496156e+00
-2.41513356821275149e+00
-1.86047358028881638e+00
-1.45568168951079469e+00
-1.24985414672003547e+00
2.32085160656083556e+00
3.70434721608860262e-01
-1.75586257664916290e+00
-3.07092534595854116e-01
-6.85282780760058385e-02
-1.55294327458188475e+00
-2.17181965774226304e+00
-3.84668643605656113e-01
-1.54574353689996902e+00
8.20231492431004183e-02
-1.46259038643815420e+00
-9.01605060784467338e-01
-4.70885798206890582e-01
-1.03758675439276393e+00
-3.23842809771602935e+00
-9.35499598160444923e-01
-7.93941480814453704e-01
7.39000697520826977e-01
7.56328231364561177e-01
-7.49369781560128345e-01
-1.33558242575843633e+00
-2.74608522119498044e+00
-2.17651539627144064e-01
2.80123712001426632e+01
-5.20238536756079828e+00
-3.35616964335140633e+00
-1.58514272210706375e+00
5.56282320341636094e+00
-2.28107655218200978e-01
-2.46261077456440258e+00
1.45512323457009596e-01
2.94463132056060450e-01
-4.46464937328408473e-01
-7.94519401269343284e-01
-1.20717809406697119e+00
-1.45060009927725164e+00
-1.05543524465840188e+00
2.24653021986561807e+00
-1.10837258329611932e+00
1.38339739122546845e+00
-1.61978340763444084e+00
-6.65185993260065889e-01
2.80448915284660871e-01
-1.58915882485732052e+00
-1.60057377087592489e-01
-4.52884811513952323e-01
-1.69347482113313053e+00
-1.63141255437724086e+00
1.13843944298293742e+00
5.81760190380776532e-01
-1.32647143583743543e+00
-2.49455009475622491e+00
-2.16813272642588650e-01
-4.63890720823415492e+00
-3.09651647733886382e+00
-6.58576045223801976e-01
-1.06618115917997569e+00
-1.15942371018866464e+00
-8.67652265807667522e-01
4.01514518965367051e-01
3.14609067827684008e+00
-1.03982017245434410e+00
9.35010827048583626e-01
-1.29983632090665435e-01
-2.15488624308167198e+00
-5.14822189704080668e-01
-5.77966661779514057e-01
-1.92252707829168878e+00
-1.36884287444416364e+00
5.57775766135629181e-02
-8.10423051802508621e-01
-1.65564210962544478e+00
3.73099009960605921e+00
-1.50565241406141892e+00
-1.51666448599653902e+00
1.55919139216494473e+00
5.44599067665970793e+00
-3.02056533561740004e+00
-7.93083846118129654e-01
-1.27629203248957745e+00
-1.76126621116637327e+00
1.07346560205418839e+00
-1.21267699364030901e+00
-1.97863936055741974e+00
-1.26183458099709989e+00
1.47367666462599578e+00
4.95819012335406128e+00
-4.37300001220200796e-01
-7.20096613083878401e-01
-6.74166316345605754e-01
-5.11755005648458328e-01
-8.99100652744770246e-01
-2.82326512814407571e-01
1.07378214507178527e+00
-1.64871589210387426e+00
1.27857434996949459e+00
1.69445459552281008e+00
-3.14272272896289184e+00
-8.62604795492682319e-01
-4.11069283044468547e-01
9.36878121695566973e-02
-1.22613276238994340e+00
-2.58226683767111709e+00
-1.39572887277487201e+00
-2.07225797750137408e+00
7.68669702471575400e-01
-1.74986283656473440e+00
-2.83836432899466073e+00
-7.42986875612528186e-01
-2.11592301709908792e+00
6.30372489705436689e-01
-2.47899753282914609e-01
-1.41473551132201769e+00
7.30681951911426597e-01
-2.77030803219117550e+00
-7.38938434126895194e-01
3.31604534344806190e-01
-1.29921924191303129e+00
4.75047236964661834e-01
-5.82646255595803519e-01
-1.40025369570773139e+00
-1.45641327854897229e+00
7.81711894585155442e-01
2.37278412904213098e+00
-1.19329081166799789e+00
2.29932402536264374e-01
-1.43734068098195378e+00
-5.09384778120942849e-01
-1.11694832444228798e+00
-1.67001729406041255e+00
7.36655215796783169e-01
-1.59876312326694681e+00
-1.59827886856639978e+00
-3.56930108198132867e-01
-1.70434344783677627e+00
-2.21141537880963313e+00
-3.61325785763765284e-01
-1.73039674365826857e+00
-1.84761475097908656e+00
1.35195023432677486e+00
-1.82169028394489430e+00
-2.00126549079661809e+00
-1.78125651902071391e+00
8.79081582553416285e-01
-1.01278555167273931e+00
-8.00407651502093809e-01
-2.52452420756581120e+00
2.99398899107297467e+00
1.61730007203209153e-01
-1.47558736511888822e+00
-1.12248414567270904e+00
-2.36140394170705337e+00
-9.33596981523232561e-02
-1.31146212471281332e+00
-2.52401345188439885e+00
-5.99656906237915344e-01
-4.94023883973926292e+00
-3.49978039620191028e-01
2.64541942612327219e-01
5.73054015629510527e-02
-9.83300255605279894e-01
6.45273915603447445e+00
-2.30145854122396720e+00
-6.83549068962316708e-01
-2.20790026174514553e+00
-1.86935641052115931e+00
-1.88349264089932777e+00
2.78965886797908347e-02
4.92420754552567885e+00
-6.37094316990378773e-01
-1.73530606780456453e-01
-7.70247314776921432e-01
-2.18948940782768414e-01
-1.23374322423086902e+00
4.42670129133681201e+00
-1.12393165359861724e+00
-2.08364240108817622e+00
-4.73193857795625039e+00
-3.73182689097270037e+00
-7.04526392830593817e-01
-1.67506994860362868e+00
-3.68587730638179512e-01
4.16674523428997379e+00
-4.91415105554682263e-01
-2.22976732445901504e+00
-1.58316710598333366e+00
-1.35091750869929461e+00
-1.97053611680423257e+00
-2.12798497066690029e+00
-4.35525956980533868e-01
-2.10795407573354865e+00
-5.64705846441476478e-01
-1.18909724061349231e+00
-1.89705534568968504e+00
-1.42069359832089770e+00
-1.38364430774530511e+00
-7.26207700370645415e-01
-1.59555144651806174e-01
-2.85935106089913127e+00
-1.66864599278005454e+00
2.27214161551388116e+00
-9.72934039417893026e-01
-1.22557071047622501e+00
-1.92343192014274900e+00
-7.94127061151745473e-01
2.28355825713205807e+00
1.74879667423842089e-01
-2.10632455249355033e+00
-1.25228738747812307e+00
-8.51649142175342488e-01
-4.84505139681517605e+00
-1.24734315603307322e+00
2.47393930594384681e+00
-7.15745237887045138e-01
-2.79640652997663164e-01
-1.98077260039215730e+00
8.04517235379305262e+00
-7.10263311310077583e-02
1.68424972809313012e+00
-2.49059568243748153e+00
-8.36892922424991359e-01
-1.46388207593945152e+00
-1.18139681967410559e+00
1.10704816162733505e-01
-7.03645836678327807e-01
-1.24538868283071991e+00
-1.73085531641396240e+00
-2.29882720588601241e+00
-4.57543709578186075e-01
-1.76101227726196097e+00
-2.71777867160677467e+00
-5.22806832275324540e-01
-2.28152820385327271e+00
-4.59603508046196707e-01
2.33458272120062116e+00
-9.14414191513686081e-01
-1.49695802162400193e+00
2.59052747984794274e-02
-2.80725882896826429e-01
-2.12225846632310766e+00
-1.67492282267096848e+00
-2.77380617133229013e+00
-1.01924791919407864e+00
1.03139783981393296e+00
-4.14172069491676842e-01
-1.04530144790466162e+00
-7.78962678567616362e-01
-1.48176904108329466e+00
1.18268417032037831e+00
-1.38189896175465354e+00
-2.54404654135127295e+00
-8.47205230928193331e-01
-5.60592879014527257e-01
1.43872528133504085e+00
-2.35571197492304529e+00
-2.46865601866707340e+00
-1.96437222334798833e+00
-8.27346154783069165e-01
-9.13073999032276845e-02
-1.44248177430190627e+00
-2.58302289117933070e-01
-1.39443627145983595e+00
5.73966258782864358e+00
-4.60618828652432533e-01
-4.60847438860860992e-01
-2.05670619058266579e+00
-1.95207493972639567e+00
-9.07561790175110294e-01
-2.02971281137791504e+00
-5.02156802124999579e-01
-3.37858785303941822e+00
-1.12690101612505167e+00
-1.05168235501535179e+00
-1.51851508043527916e+00
-1.87882483732290639e+00
-5.60664502509869767e-01
-2.39322239744782173e-01
-1.65663438767649218e+00
-1.59978426246719541e+00
-2.05462134620195247e+00
3.10737895539670905e+00
-4.31368658192233245e-01
-1.88529726541242643e-01
-1.82231297936542802e+00
-9.16684481175419230e-01
-6.50376422365575801e-01
-2.65673905754151241e+00
-1.29606731756030191e+00
-2.82349335262303747e+00
-5.94187852697948715e-01
-2.29994219059383642e+00
-8.28641073233966075e-02
-3.26653782557129110e-02
2.89635531416991832e-01
-1.58517514522346969e+00
1.32381407273440352e+01
-1.09214948850468341e+00
-1.20297012199177900e+00
-1.33095788689401262e+00
-9.65043994944150052e-01
-2.43044559496454937e+00
-6.19362371019167135e-01
-2.02113314105513053e+00
8.44137277181367107e-01
-1.47711685843940210e+00
-6.30794669796641339e-01
-9.76753901152487392e-01
-2.21213042042345798e+00
2.41902451688773912e+00
-1.12866144459991591e+00
-1.80977459938565644e+00
-2.02647876645958958e+00
-1.05125627776250363e+00
-3.23054351027856512e-01
1.11855039010486434e+00
2.68711033359587281e+00
-9.43892894475005573e-01
-1.51931012868504123e+00
-2.19270479969537124e+00
-5.70647164575222243e-01
-8.95967911575051623e-01
4.27473598316034042e-01
-1.24745480166642642e+00
-1.04720423221801151e+00
-6.08717015518963400e+00
-1.55814934486266443e+00
-2.34097221296224500e+00
-1.49061825860166786e+00
-8.58858832219080437e-01
6.91746021964643409e-01
-1.80609867566917304e+00
-5.77132480123763392e-01
7.75313370196004659e-02
1.72133230972884221e+00
-1.29061912553266045e+00
-1.24598624522643164e+00
-1.40932752220712620e+00
-1.25108521085458557e+00
-1.47020697489437802e+00
-2.50740087092525865e+00
-2.72226854926534534e-01
-2.56309954533379081e+00
-1.17079455891004058e+00
6.18892612824603550e+00
-1.34582517488530873e+00
-1.79523880147038817e+00
4.94027205086645882e-01
-1.53598387437748740e+00
-2.54082624388601941e+00
-1.36408438326949555e+00
-6.71559839757449328e+00
4.72941275461806221e+00
-1.61632305981899016e+00
-6.75197524277328487e-01
-1.59345149661262653e+00
-1.19015544011424912e+00
-8.26162027358661288e-01
-1.01470830116575916e+00
-7.50016394376456175e-01
-1.59437303214921844e+00
-8.11797642970028099e-01
-1.39720890489710947e+00
-3.15413400912543662e-01
-2.09478502846984549e-01
-1.55871144869166156e+00
-6.11797470281252864e-01
-1.71894417712645531e+00
1.82581044596810282e+00
6.84408576486674889e+01
-9.91613365305114014e-01
-9.72357296509350810e+00
-3.25469739982947193e+00
-4.53444238892794504e-01
-7.03072894051486430e-01
-1.82450887980350074e+00
-8.47409411005513813e-01
-2.00788604809186078e+00
-1.17220663987488605e+00
-1.43493902306513021e+00
-1.53064652943380231e-01
-7.45690437808162132e-01
4.34548137453009176e+00
-1.26431187119142541e+00
-6.77987995845077851e-01
-1.34195861701888908e+00
6.44235893824178607e+00
1.91701541229912953e-01
-5.46557637449419764e-01
1.17221294351002925e+00
5.21725781522385579e-01
-1.58016029718441264e+00
-2.99511611078154161e-01
-2.28753703866713742e+00
-8.77135920837538441e-01
4.57081276349945576e+00
-1.94324319127763623e+00
4.24538402440238549e-01
-4.30737620358418560e-01
-3.84737721788993925e+00
-7.52702694297883945e-01
-2.15620176078449877e+00
-4.40337113657044810e-01
-1.05669563023753943e+00
-2.87084734671924702e+00
-1.55603449364588808e+00
1.13654067539963144e+00
5.08356112035823759e-01
-5.47199251160200961e-01
-1.43693601127576964e+00
-1.09275969467894800e+01
-1.48624232953681434e+00
-2.48418708066048627e-01
-3.36569636097330704e-01
-2.32699736271809243e+00
-1.88509024889080123e+00
-2.26091733765461544e-01
-1.24236822612131514e+00
-1.82670715504599368e+00
-1.35826604551354224e+00
-1.67057086374636210e+00
-2.96667867688326203e-01
-1.19443436787746782e+00
-1.46089985304309344e+00
-8.75446663041145712e-01
8.69892553046315964e-01
-9.01353775779609956e-01
-2.26733233831929404e+00
-6.11359986578732140e-01
1.85540518669302035e+00
-2.36534227808137976e+00
-2.40471097990478544e+00
-1.72543154885136607e+00
-3.05068120833800027e-01
3.48296233213925310e+00
-1.65263016396143647e+00
-4.68830210336093511e-01
-2.18739980552787028e+00
-1.62212389137882429e+00
-1.28741987628801358e+00
-5.24913344580098862e-01
-5.85304151596671485e-01
-1.38883197272273251e+00
-3.59931251766969718e-01
-8.07017693015950388e-01
-1.84318347516046677e+00
-7.56135292326604258e-01
-1.50733554240014578e+00
-8.29451510614962251e-01
7.08473092017194084e+00
-4.01007066247359401e+00
-1.24868289859517057e+00
7.34178736339852200e+00
-1.37015154299852404e+00
-7.97285719788089930e-01
-2.88798000822735457e+00
-1.11183002160393496e+00
-2.13376881954883446e+00
-1.32742317120271580e+00
-3.10009095336335916e-01
-5.86455162194580937e-01
-9.08143392889250611e-01
-1.43303417583257486e+00
-9.62828497840507613e-01
-1.61439914022413200e+00
4.04356657947431941e+00
-8.75418781669066060e-01
-1.32091050567406842e+00
-5.35130203537404370e-01
-1.00388199069620065e+00
-9.54952872448219470e-01
-1.10682029829903539e+00
-1.56309066238677419e+00
-1.51919596757560282e+00
-2.53495883076868056e+00
-3.93741167934858005e+00
-1.64868891346691848e+00
3.63111246958640095e+01
-6.95850943825696899e-01
-2.03134584757361925e+00
-9.24696463930206547e-01
-3.00527092331474632e+00
-1.61867142565220323e+00
4.91471908861982110e-01
-2.10473282259993821e+00
2.35635280289767746e+00
5.47269648553729660e+00
-2.96994448821184864e+00
-1.60575844971433246e+00
-1.17559299248158000e+00
-4.77286131036960048e-01
-1.20934983732051027e+00
-5.43640660642297879e-01
-9.75390518461198175e-01
-1.71100597795968534e+00
1.21846726122126525e+00
-2.27803878754117184e+00
-2.66991517806377532e-01
-1.97618433096426305e+00
5.77099148179524768e+00
-1.00306515211500380e+00
-1.19713103900771234e+00
-1.87813766912261659e+00
4.76007312799354931e-01
-2.60655414426728615e+00
-8.26491915600711780e-01
-3.58923362405195123e-01
2.05701730975844876e+00
1.92156345940194750e+00
-9.89306418590626846e-01
-5.83873803730276864e-01
-1.07656946823302890e+00
-1.95453838805889535e+00
-6.19263496969618465e-01
-9.23017954251878159e-01
1.34179748912025643e+00
-1.04351369905758817e+00
-1.72626764328071447e+00
-1.05283688931183533e-01
-1.75786107420540150e+00
-8.57377007579055217e-01
-1.00527125240812176e+00
-8.81398089111209426e-01
1.15303210808721133e+01
-6.75888351779129426e-01
-2.97940540045493252e-01
-8.26700881622979611e-01
3.24879282047930502e+01
-1.67697756330642811e+00
-2.01580063867534776e+00
5.61230690856124093e-01
-5.66773029084226665e-01
5.60231262131205998e+00
-2.87766944942056879e+00
1.31408235610409330e+00
-1.26836740181763363e+00
-1.34745561614033171e+00
-3.60325894878842723e+00
-1.28412752301974420e+00
-1.66362303625204722e+00
-7.47549524405093369e-01
-3.95242391347901789e-01
5.32908795930699952e-01
-1.72412278892324777e+00
-1.86042299238242936e+00
-3.98741305410598712e-01
-3.87239730774371960e-01
-2.99564389953042687e-01
-1.63165062827376861e+00
-1.26786467750010123e+00
-4.55143290073336537e-01
-1.34280225152965538e+00
-1.00556763305693053e+00
-7.95905909254983945e-01
1.03976579501168320e+00
-7.42946469519090713e-01
-2.15698707701400139e+00
9.95431418021291980e-01
-2.23073483575912013e+00
-1.85734449944045066e+00
-1.54476913729185106e+00
2.15502830177375926e-01
8.68282498296466265e+00
-1.32924625422885279e+00
-1.23743477723015816e+00
-1.29323435444886625e+00
-1.68418676517499311e+00
-1.95762249474889960e+00
7.50012915522480839e+00
-1.86113994319020648e+00
-5.97534225053521717e-01
-1.92287268301185588e+00
-5.97596888168785423e-01
7.85472098343809488e+00
-8.80888064713859831e-01
1.52412181736809016e+00
-1.28600978766396867e+00
-7.21071334907219308e-01
-9.34739161352843517e-01
2.67798225396047584e+00
3.15789544375085507e+00
-1.76781293434429188e+00
2.78063803659197584e+00
-2.42178860054831002e+00
-2.29425924496846090e+00
-1.15178273413860777e+00
