%%MatrixMarket matrix array real general
1000 1
-4.61038094214517944e-03
6.11734939762471138e-04
-6.42943195458825587e-03
-2.08442890988808603e-03
6.44280137699552178e-04
3.87359300619098115e-03
-1.50218081713179817e-02
-1.33086832661332105e-03
5.09947905313221442e-03
-4.34247767590030791e-03
-1.66470994884879327e-03
-6.13154958573052617e-04
-4.43135369096599955e-03
6.19952788683575916e-04
-1.65323717012835140e-03
-7.92970487569300171e-03
-1.84488311708737329e-03
-3.78925716665164504e-03
2.71754440965604836e-03
-6.12201991171452096e-03
-1.84783836975868166e-03
-2.91898613332085321e-03
-3.02171768129704020e-03
-3.87736002144006223e-03
-1.60050190683747214e-03
-3.23926056736950369e-03
-8.06618036972226241e-03
1.43452064421978782e-02
-1.74208577228543004e-03
-5.25085333975269970e-03
-2.06058668497023211e-03
-3.20939423555769831e-03
-1.77537528673029450e-03
-5.46295078210200116e-05
-1.01973827047055336e-03
-2.31802633877606660e-03
-2.61228306156597928e-03
1.17700122402592889e-03
7.34265701877790267e-03
-3.10230654999360577e-03
1.00138814450134693e-02
-4.96597500575906084e-03
8.05434412231198341e-04
-2.36796546275110879e-03
-1.24553322689307405e-03
-4.76239055321022158e-03
-7.09850551337472442e-03
-9.71675914230633007e-03
2.03827849953574017e-03
-2.82432037100211180e-03
-3.60823923577541011e-03
-4.17463343018788756e-03
-1.62745746526542267e-03
-7.78546584571881105e-03
-5.83781891192494597e-03
-3.54839885085214083e-03
-5.38782748661662068e-03
2.14328493292618751e-02
-3.21543398825391530e-04
-5.61635983092805078e-03
-1.06553205537616167e-03
3.07256524669451917e-03
-3.59962588554825057e-03
-4.29012854617040213e-03
-3.64882902807569034e-03
-6.00820950022577273e-03
2.59116687743883968e-03
4.45096704912769942e-03
-5.55700767132717623e-03
2.00373128502078900e-03
-1.45036687077978207e-03
-1.27774261470020752e-03
2.67265626625269002e-02
1.34392314037542126e-03
3.23109968673603899e-03
1.13287371438726891e-03
-9.71699003179319135e-03
-5.06346060222107215e-03
-5.01852353315233434e-03
-6.97744884340248525e-04
-4.48247367835498747e-03
3.19949197971877751e-04
-5.55793464659651640e-03
-2.82477374767531580e-03
-1.53124886812828283e-03
-3.75583089677519223e-03
-3.36012344530372230e-03
-2.27643904734064605e-03
-4.24030549689286343e-03
-3.35269572995956951e-03
-3.81729795878056003e-03
-4.04055810359854172e-03
-2.45713220656873553e-03
-7.57195796687377357e-03
-1.72462999560334920e-03
-1.57470193472358778e-03
1.82993150958112765e-03
-3.21678677367237325e-03
-7.69477430478110046e-04
-3.52212539626292013e-03
-2.39191510749656947e-03
-1.56919165750482093e-03
-2.75224138336374428e-03
-5.20776296859785329e-03
-5.66597749485393820e-03
5.27199102677769395e-03
-8.89457861401818373e-03
-3.73051925254143683e-03
1.08642809618776006e-02
-4.82991768989909746e-03
5.82282007621122144e-02
4.24650789038626391e-03
-3.76282969538873626e-03
-4.21912652311332882e-03
-2.20163066103938295e-03
-1.93459121475040804e-03
-7.73145684220404635e-03
-1.84092336777658605e-03
-2.48115600608363055e-03
-5.91218355591945771e-03
2.32172187703566998e-02
-4.39802888494836893e-03
1.14578557487251946e-03
3.11811877353198978e-02
-4.67001576849552201e-03
-4.56969509250986037e-03
6.15178947626821449e-03
3.44293978406410390e-03
-6.44184524558017325e-03
-4.05842645883104387e-03
8.25027582077397618e-03
1.23268172664469581e-03
1.25560093305416014e-03
2.64009001755540146e-03
-4.50072168263499460e-03
-3.52056501210648099e-03
-5.33063441780936426e-03
2.38555633082090414e-03
5.32715091702708806e-03
-1.13231529490637368e-03
4.19987821610358619e-03
-4.15823397130243421e-03
-1.48633001760527348e-03
7.42904145533698629e-02
-4.70080121461795199e-03
-5.39279778476077498e-03
1.95327219842506223e-03
-4.17925773685569324e-03
1.21585781724714865e-02
-8.05369323324911339e-03
2.39548834220808986e-03
-3.11230464599235996e-04
-1.45236334208476538e-03
2.83997136373319130e-04
-2.68999219242682880e-03
-6.77382574372710987e-04
4.57547836323131136e-03
-7.47765962992927649e-03
-3.00238390665410896e-03
-4.40737164298215991e-03
-3.56519847362568977e-03
-6.02089927170077963e-03
-4.61354038180070136e-04
-1.89582083328519745e-04
-2.49948407248645971e-03
-5.64762751378244943e-03
-5.82058581611419931e-04
2.40951282854798554e-02
2.22238039949619083e-03
-4.32703512529813289e-03
-4.77014959765183124e-03
8.16736494226443649e-03
2.74771368787202046e-04
-7.04900054852090809e-03
-5.80265868270650291e-03
-6.53555969316405722e-03
1.58213188588162226e-03
-2.33379973764382331e-03
3.46650271918340488e-03
9.47981948666862251e-01
-4.94110416461775778e-03
-2.75212996406326094e-03
4.10897156641040328e-04
-5.86300554618557866e-03
-5.01191954046469653e-03
-2.56703437159570358e-03
-1.85654883793391233e-03
-2.53376956933536656e-03
2.77113938569284284e-03
-8.44918213914327499e-04
2.11255325401409483e-02
-8.08835607031819495e-04
-2.14300457617796255e-03
1.82315832196558664e-03
-6.01735847977954898e-03
-3.56211400688792904e-04
-4.54258738170204221e-03
-1.02590149574307882e-03
-1.76308216240130987e-03
-4.65978791142546058e-03
6.37278019513352651e-04
-5.11491051532583741e-04
-1.84882340654770748e-03
-6.19865321573161154e-04
6.30426894581196756e-05
-6.86364115597939885e-03
-5.87303762449941941e-03
-2.01864486925167844e-03
-5.41734093573407582e-03
-2.59082584351370241e-04
-4.32768089245837411e-03
-2.76031214800466105e-03
-3.70144392244341853e-03
-1.79276964158191221e-03
-5.60808346094308734e-03
-4.50016704767559374e-03
-4.85613467369363193e-03
-3.02239905122291246e-03
-4.58941015065260187e-03
-3.06159080136289390e-04
2.27934775392865073e-02
2.60063462036149448e-03
-5.15375153680555729e-03
1.74705950648323081e-02
-6.64521781176462007e-04
-5.30493052869949588e-03
6.05062595002649976e-04
-5.07668320705531324e-03
-5.70696877574388556e-03
9.88195993045328479e-03
-5.23742855512927905e-03
5.07032639749367599e-03
-3.10340022587627827e-03
-1.14133357089873152e-03
-1.01338608952679073e-03
7.96180670721751728e-03
-4.71943815988024127e-03
-7.32001456522467318e-03
5.85498766328859926e-03
-3.03860907941474242e-03
-7.24943396254874254e-03
4.84652113359883892e-03
-4.45756367485351628e-03
-9.63520224770494232e-03
-2.86917610994849755e-03
-6.72733523136353258e-03
-6.10192940231847874e-03
7.05897343553555539e-04
-1.47945359693578242e-03
4.14263027651931418e-04
-3.59498016833276028e-03
-2.49715489584805385e-03
8.70037095729350556e-03
-2.56161749281740535e-03
3.81147059398799721e-03
-4.26560520746797033e-03
-3.75823867865861900e-03
-4.16585265877054099e-03
-2.64302549560397259e-03
-4.98947384627141874e-03
-1.93550766574793307e-03
-7.34858674214487056e-03
-4.42935747501183117e-03
3.95998594639877192e-03
1.20734356817220811e-03
3.13871983687743009e-03
-5.35477038315713277e-03
-1.07138122264422374e-03
-4.68060773320822660e-03
-4.71466258881896895e-03
-5.80808924341849695e-03
1.44520072449263841e-03
-1.98712045785437571e-03
1.45711739481089921e-02
-2.97745536072484707e-03
1.64126693721036807e-03
-5.73601465645928298e-03
-7.28269154936716373e-04
-5.77541405283090283e-04
2.00355116629887496e-03
-8.08710899184871858e-03
-1.88355030517735160e-03
-5.72001107807186635e-03
-6.04754843604111362e-03
-2.45812056225469793e-04
-3.60255315110788725e-04
-2.84337631028671158e-03
-4.53651317167187446e-03
-6.64015814477059759e-03
-7.27714291119655864e-03
-3.41944780564467678e-03
-1.02637351970588891e-03
-9.33479767905846520e-04
7.37686451105112992e-04
-5.86842435261231837e-03
-4.78757036278104099e-03
-3.93679575004891261e-03
-1.46649673579558816e-03
6.98816380425509236e-04
6.35919153403915593e-03
-1.07384561621112025e-03
-2.57302587242451896e-03
4.65698159615227526e-03
-6.43830726046596899e-03
-2.59042267422244111e-03
-2.64164188927600843e-03
-7.23114389212096108e-03
-4.14689667400018527e-03
-4.96420329027254682e-03
1.06738278354633464e-02
-7.58923743852885427e-04
-2.28302949311082149e-03
-2.77031372560900728e-03
-1.32254125411383101e-02
-2.99355705533327484e-03
-2.27197789623501600e-03
-5.19955588998104699e-03
-2.32226113932167784e-03
-2.06205007566235762e-03
-9.17145625096881141e-03
-4.62229792804802996e-03
-1.34863046288895370e-03
-4.36698420389189639e-03
-3.51477601658745651e-03
-1.87926514043939424e-03
3.49435929392803539e-03
6.58422441484095462e-03
-7.60891663086640975e-03
6.41579533855019674e-03
-7.24080753974844140e-03
-3.36919586237192058e-03
-5.20909086572769221e-03
-8.63569686792910532e-03
3.98059749111084465e-02
-7.34468662227427032e-04
-4.35771366853014274e-03
-5.31780967715304777e-03
2.13094424662634112e-02
-7.63332639983316588e-04
-2.12855944847826876e-03
-1.53419659180986873e-03
-3.37611921663507914e-03
1.79477762524277227e-03
5.55090840591909111e-03
-2.46135938526899183e-03
2.97907192237230594e-03
-3.53355102483978497e-03
-8.31204367353575307e-03
1.00604183769361904e-02
-3.49784222335151190e-03
-3.67726963912208158e-03
-1.64805251399430144e-03
4.09175497947301438e-03
-3.64488197203453185e-03
-4.67269984835306466e-03
-5.05626127934404382e-03
-2.28158904086497036e-03
-3.41793349837276553e-03
-4.09960069731860229e-03
-4.08010184054175690e-03
-4.46008126929727574e-03
5.76414912403011917e-03
-2.67278020123837019e-03
-3.06344697930726999e-04
-1.96148632229481727e-03
-3.27732072020675384e-03
-4.06146003711378104e-03
-4.77526048816343234e-03
-1.39783479742283277e-03
-6.85539117851123765e-03
-3.43979961648004009e-03
-3.70344135573113077e-03
-3.49075161696310284e-03
5.31358853393191404e-04
-5.60561866368797582e-03
-3.37922837594192447e-03
-1.38445178244907654e-03
1.58089686430297333e-02
-3.33803023459397106e-03
-3.55956494965594533e-03
-5.39106076138173330e-03
-5.73304890752315138e-03
-9.60808286464216450e-04
-1.99441607198484706e-03
-1.96953699322651842e-03
-4.64467265214378328e-03
-3.33487856917095505e-03
-3.16652891189184551e-03
-3.59880542253830952e-03
-5.07082108952653710e-04
2.04858619098143846e-02
-5.96291187166379973e-03
-5.07049613091292099e-03
-4.29816994029972015e-03
1.04153390623243445e-02
-5.46104273514938596e-03
-5.45233994759884537e-03
-5.56947922875789675e-03
-5.50386935735051007e-03
-9.65950822342835028e-04
-3.25307156676783900e-03
1.07110558689310700e-02
2.50631699144269289e-03
5.48220240826908026e-02
4.38178600600382887e-03
1.93727987744254189e-03
3.92549010079213875e-03
-5.56420712917180763e-04
-4.81992765620974323e-04
-4.05812478848849127e-03
6.94025723304346562e-03
-6.34862774843004095e-03
-4.89060081510480499e-03
-3.82653004743146660e-03
-3.28547407148008274e-03
6.10079007788518618e-03
9.73756558848825498e-04
-4.61561133659004787e-03
-8.07249840019646516e-04
-1.80139323700641898e-04
-4.08220021234916800e-03
-5.70903188352478181e-03
-1.01117306999410684e-03
-4.06327436279399837e-03
2.15613102324646583e-04
-3.84469084200934679e-03
-2.37003658199184302e-03
-1.23781089548435463e-03
-2.72748975338514468e-03
-8.51281053492745042e-03
-2.45913467716851741e-03
-2.08702283884515827e-03
1.94260077216353998e-03
1.98814941741796199e-03
-1.96985783803409241e-03
-3.51082679659980509e-03
-7.21859571856284243e-03
-5.72137550558355973e-04
7.36357274165072434e-02
-1.36754374738828847e-02
-8.82231608507781824e-03
-4.16684244858287964e-03
1.46229153592010285e-02
-5.99623395004886847e-04
-6.47343041517372056e-03
3.82506204392953476e-04
7.74051106618205359e-04
-1.17361612089803414e-03
-2.08854201032498965e-03
-3.17329213026479491e-03
-3.81317214241345308e-03
-2.77440782953329709e-03
5.90542249068036918e-03
-2.91356346943311357e-03
3.63651732583962668e-03
-4.25790193292093291e-03
-1.74856509399638088e-03
7.37212131541146792e-04
-4.17739952158095555e-03
-4.20740582988593992e-04
-1.19049195414511113e-03
-4.45161351834908944e-03
-4.28847130786971179e-03
2.99259980191076075e-03
1.52926485562671923e-03
-3.48687686516010488e-03
-6.55738885841180598e-03
-5.69934009831464007e-04
-1.21942303368241176e-02
-8.13976944814458030e-03
-1.73118961622772418e-03
-2.80265546436064134e-03
-3.04776085081633931e-03
-2.28078534593638893e-03
1.05545558643788660e-03
8.27008445507670942e-03
-2.73336070816611928e-03
2.45784985141630097e-03
-3.41686151211703540e-04
-5.66451925384048403e-03
-1.35330587176464134e-03
-1.51929286025617185e-03
-5.05371997518069566e-03
-3.59825807173107639e-03
1.46621733604981576e-04
-2.13034771344627460e-03
-4.35216320003061364e-03
9.80760136326392674e-03
-3.95788739037695753e-03
-3.98683466934939695e-03
4.09862455139198539e-03
1.43157993343319603e-02
-7.94011774689255129e-03
-2.08476838657051375e-03
-3.35497097111481452e-03
-4.62981579481734889e-03
2.82180397721789591e-03
-3.18774701042893972e-03
-5.20122154487410136e-03
-3.31696687113329372e-03
3.87383318607327411e-03
1.30335248592726265e-02
-1.14952438188081828e-03
-1.89290787049379585e-03
-1.77217154344680417e-03
-1.34524320810921181e-03
-2.36345327971770576e-03
-7.42147745749241515e-04
2.82263606939780380e-03
-4.33395634917742127e-03
3.36097046701505121e-03
4.45418903761157000e-03
-8.26123117401146058e-03
-2.26751713138800912e-03
-1.08057206071784971e-03
2.46275838266851884e-04
-3.22311800103150048e-03
-6.78796863055615950e-03
-3.66893291858408572e-03
-5.44731549062062084e-03
2.02059126949406071e-03
-4.59983990391990734e-03
-7.46116851537707241e-03
-1.95307918257874025e-03
-5.56209716800226683e-03
1.65705132530907383e-03
-6.51650605691792657e-04
-3.71889540277582252e-03
1.92073340221564598e-03
-7.28226988223420156e-03
-1.94243710124591485e-03
8.71684190112463056e-04
-3.41523940511028997e-03
1.24875001123822093e-03
-1.53159404282778347e-03
-3.68082725719846588e-03
-3.82845316515752687e-03
2.05487509711058678e-03
6.23730437164082396e-03
-3.13678682561750353e-03
6.04420082738546635e-04
-3.77831729536081198e-03
-1.33901262428968580e-03
-2.93610639990130344e-03
-4.38995104583608537e-03
1.93643523723595703e-03
-4.20264620614925477e-03
-4.20137325255323137e-03
-9.38257171002569159e-04
-4.48018372490611126e-03
-5.81311660032383676e-03
-9.49812026925137974e-04
-4.54866965841589990e-03
-4.85679899071241993e-03
3.55385262554109866e-03
-4.78865170767287310e-03
-5.26069853631765637e-03
-4.68236403684265789e-03
2.31082943057401950e-03
-2.66229517958331639e-03
-2.10402037110275428e-03
-6.63618138848714144e-03
7.87025688256401228e-03
4.25137402383428842e-04
-3.87885581768266730e-03
-2.95065833551278302e-03
-6.20738943268630845e-03
-2.45413329540323621e-04
-3.44742209946679971e-03
-6.63483877224084039e-03
-1.57630970172027186e-03
-1.29863365716400073e-02
-9.19982365805400147e-04
6.95397695428053952e-04
1.50637905589472702e-04
-2.58478759517245891e-03
1.69622249465812489e-02
-6.04981179892493705e-03
-1.79683585365613741e-03
-5.80387646141672375e-03
-4.91395098645698407e-03
-4.95111069699774326e-03
7.33313714889928672e-05
1.29441953333305944e-02
-1.67472089842526191e-03
-4.56157472962950979e-04
-2.02473831681487804e-03
-5.75548010766127735e-04
-3.24312351539449888e-03
1.16364076183770176e-02
-2.95446337930502538e-03
-5.47724156526777951e-03
-1.24387805940579591e-02
-9.80980102496565275e-03
-1.85197865079901407e-03
-4.40323288794641603e-03
-9.68901399645954661e-04
1.09530647760506892e-02
-1.29177599785720355e-03
-5.86135810262805763e-03
-4.16164917415203645e-03
-3.55113791414729714e-03
-5.17992066156475108e-03
-5.59380425626323455e-03
-1.14486097670132370e-03
-5.54114932359343546e-03
-1.48443434085913754e-03
-3.12576324415222854e-03
-4.98676278888277036e-03
-3.73455734254185242e-03
-3.63716639187730648e-03
-1.90897199990865216e-03
-4.19420371674097145e-04
-7.51633604322242757e-03
-4.38634632537681247e-03
5.97274680728623452e-03
-2.55753806809453418e-03
-3.22164054305765961e-03
-5.05609852026988032e-03
-2.08751067137113956e-03
6.00275757304608113e-03
4.59703729821876652e-04
-5.53686581868837770e-03
-3.29187029729484815e-03
-2.23871815918045246e-03
-1.27361186750461798e-02
-3.27887346542694033e-03
6.50320956674973680e-03
-1.88146947148099724e-03
-7.35087463744531970e-04
-5.20682916261678945e-03
2.11482317662378266e-02
-1.86705920855201942e-04
4.42736364553796696e-03
-6.54699395018946539e-03
-2.19992869113300963e-03
-3.84808628819223019e-03
-3.10552125571301281e-03
2.91008198018260090e-04
-1.84966394517188551e-03
-3.27373576920217662e-03
-4.54987510212958961e-03
-6.04289484463283507e-03
-1.20273873415678361e-03
-4.62914828232272556e-03
-7.14418668837198297e-03
-1.37429498979493988e-03
-5.99742120053315449e-03
-1.20815329756738719e-03
6.13688486634497016e-03
-2.40370776431674026e-03
-3.93503256285375556e-03
6.80968326804212574e-05
-7.37940192276547629e-04
-5.57875107456327728e-03
-4.40284614016013716e-03
-7.29146539147112246e-03
-2.67928271446219628e-03
2.71122104044996563e-03
-1.08872831204231968e-03
-2.74776926005053292e-03
-2.04764827145432430e-03
-3.89510550260312562e-03
3.10890529618723741e-03
-3.63257842532855712e-03
-6.68749947355485458e-03
-2.22703651199875757e-03
-1.47362264104251113e-03
3.78195697485036314e-03
-6.19242703940384599e-03
-6.48932146371498323e-03
-5.16371772132555307e-03
-2.17483323701476170e-03
-2.40018481936552289e-04
-3.79183161531333269e-03
-6.78995605852752678e-04
-3.66553507562745627e-03
1.50877705696389752e-02
-1.21082225659878027e-03
-1.21142320096013513e-03
-5.40643472635182667e-03
-5.13139202426163548e-03
-2.38569495303535056e-03
-5.33547760897341416e-03
-1.32001254510955880e-03
-8.88124651860308471e-03
-2.96226890102508494e-03
-2.76454266109852579e-03
-3.99169930105252452e-03
-4.93884050717917442e-03
-1.47381091676309002e-03
-6.29103016084293833e-04
-4.35477158746889591e-03
-4.20533046045320612e-03
-5.40095432520717924e-03
8.16832349196279679e-03
-1.13393274358349278e-03
-4.95585448902084009e-04
-4.79028857851972190e-03
-2.40967564299994410e-03
-1.70963538254561534e-03
-6.98373271078186163e-03
-3.40695398567340997e-03
-7.42207738824415646e-03
-1.56193327736217679e-03
-6.04582578928143394e-03
-2.17823717080007587e-04
-8.58670218214255900e-05
7.61360860424020432e-04
-4.16692767877071841e-03
3.47989149199586720e-02
-2.87091804752776783e-03
-3.16223069298859254e-03
-3.49867033612525236e-03
-2.53679761879411353e-03
-6.38887825850278403e-03
-1.62810918079332864e-03
-5.31292434992367609e-03
2.21897182500668940e-03
-3.88287637540156265e-03
-1.65816110421117898e-03
-2.56757928500760861e-03
-5.81499622026555602e-03
6.35885583073975049e-03
-2.96689651468988718e-03
-4.75732911484483961e-03
-5.32697632039395852e-03
-2.76342263789294872e-03
-8.49208443022623203e-04
2.94031772748572532e-03
7.06356925841611968e-03
-2.48119801754479287e-03
-3.99378923321856878e-03
-5.76393236331650734e-03
-1.50005220047967343e-03
-2.35521828693694996e-03
1.12369385436454140e-03
-3.27916694677202322e-03
-2.75277108244774459e-03
-1.60012588396933678e-02
-4.09588533623141213e-03
-6.15368083374346481e-03
-3.91836731660378818e-03
-2.25767017029100897e-03
1.81838306912011287e-03
-4.74766626569162169e-03
-1.51710005857209743e-03
2.03805538602585564e-04
4.52484210811605284e-03
-3.39263239966942041e-03
-3.27530657299085438e-03
-3.70467949765323655e-03
-3.28871015236668765e-03
-3.86471246137821533e-03
-6.59116951347763890e-03
-7.15598916618195857e-04
-6.73758383803219930e-03
-3.07765124144998006e-03
1.62687433392577178e-02
-3.53775176758873390e-03
-4.71911906663829810e-03
1.29864238735123553e-03
-4.03761927474028098e-03
-6.67903432275506782e-03
-3.58574949263716072e-03
-1.76531993492769559e-02
1.24321409976314873e-02
-4.24880576509115929e-03
-1.77488226521048636e-03
-4.18868360768983369e-03
-3.12854491848071166e-03
-2.17172053783562437e-03
-2.66734948415740759e-03
-1.97155757998011610e-03
-4.19110603508261216e-03
-2.13396108197136261e-03
-3.67282345826053583e-03
-8.29122784585379149e-04
-5.50653203359502104e-04
-4.09736293072464428e-03
-1.60822343220579219e-03
-4.51856445734184070e-03
4.79948231983975092e-03
1.79909522901848640e-01
-2.60664015010800190e-03
-2.55602199205855057e-02
-8.55557742124371350e-03
-1.19196251305343890e-03
-1.84815785892250626e-03
-4.79606091112039917e-03
-2.22757323724923247e-03
-5.27810190237509337e-03
-3.08136315885320982e-03
-3.77200409089304637e-03
-4.02358907020941331e-04
-1.96018599866999883e-03
1.14229059618476386e-02
-3.32347888914511468e-03
-1.78221753873104220e-03
-3.52758780123071936e-03
1.69349386136231801e-02
5.03923153630723682e-04
-1.43672839837642643e-03
3.08137972925438342e-03
1.37145324682800304e-03
-4.15374521805831048e-03
-7.87321972597738572e-04
-6.01321654036692226e-03
-2.30571489689045247e-03
1.20152314247000853e-02
-5.10817613099572021e-03
1.11597814608060323e-03
-1.13227394337396428e-03
-1.01135465491015552e-02
-1.97861901889558565e-03
-5.66797733675836798e-03
-1.15750799673095526e-03
-2.77772098741722916e-03
-7.54655616862400305e-03
-4.09032605647262088e-03
2.98760853814984424e-03
1.33630858418415377e-03
-1.43841499929977428e-03
-3.77725354575240589e-03
-2.87252208797020431e-02
-3.90686437322475266e-03
-6.53014774905430560e-04
-8.84735883442666887e-04
-6.11694534085506676e-03
-4.95531030668775515e-03
-5.94324170538717503e-04
-3.26579593690930984e-03
-4.80183948648456402e-03
-3.57045490975635600e-03
-4.39140620670006032e-03
-7.79846664320096926e-04
-3.13979287583115822e-03
-3.84024696062090646e-03
-2.30127436866967277e-03
2.28667435755274158e-03
-2.36937603267770372e-03
-5.96010472782447769e-03
-1.60707342486866855e-03
4.87727759989430021e-03
-6.21774208232205548e-03
-6.32123003682078920e-03
-4.53561772051762086e-03
-8.01928291941324560e-04
9.15561424842958015e-03
-4.34424574080245155e-03
-1.23240740049908055e-03
-5.74998719957647321e-03
-4.26405432974943845e-03
-3.38422257814673024e-03
-1.37983234916928300e-03
-1.53858081687287609e-03
-3.65080313412451986e-03
-9.46146234923768621e-04
-2.12139609446733088e-03
-4.84515055817158827e-03
-1.98764224130633426e-03
-3.96231180620524193e-03
-2.18036755630715519e-03
1.86235328358255112e-02
-1.05412165257985635e-02
-3.28239522789969002e-03
1.92992535040872326e-02
-3.60169815036418678e-03
-2.09581379301589142e-03
-7.59159255577208751e-03
-2.92265198899653101e-03
-5.60900817866092933e-03
-3.48937867857620392e-03
-8.14916562313688507e-04
-1.54160646226233935e-03
-2.38722380390946369e-03
-3.76699684567289141e-03
-2.53097377263486207e-03
-4.24374838464325332e-03
1.06292667732418317e-02
-2.30120107730151426e-03
-3.47225892595412824e-03
-1.40668926306841365e-03
-2.63889051362768646e-03
-2.51027122650292981e-03
-2.90948299958121047e-03
-4.10887450836515747e-03
-3.99348913954201100e-03
-6.66361073617993162e-03
-1.03502188756480849e-02
-4.33388543085297482e-03
9.54505443750933574e-02
-1.82917361959905904e-03
-5.33977034831114271e-03
-2.43073662965465759e-03
-7.89991353969932662e-03
-4.25497888139699052e-03
1.29192531599959734e-03
-5.53268166058764298e-03
6.19411157493146916e-03
1.43860005196466620e-02
-7.80705143502390033e-03
-4.22103472268246880e-03
-3.09026481651469365e-03
-1.25463536077626199e-03
-3.17900096132885330e-03
-1.42906058232026949e-03
-2.56399538001152259e-03
-4.49769742451319472e-03
3.20296780563246843e-03
-5.98824862082991335e-03
-7.01836859400157545e-04
-5.19476804303205513e-03
1.51701243939765945e-02
-2.63674330151512882e-03
-3.14688157744024560e-03
-4.93703415770413261e-03
1.25127374911105597e-03
-6.85181233299411371e-03
-2.17258771045568313e-03
-9.43496810298113920e-04
5.40725256101318250e-03
5.05118692377475639e-03
-2.60057591163831685e-03
-1.53482088145107283e-03
-2.82996306672593382e-03
-5.13786765637111106e-03
-1.62784927184701452e-03
-2.42632435482476125e-03
3.52716424656936058e-03
-2.74306982978459726e-03
-4.53781555014101147e-03
-2.76757756929375224e-04
-4.62086475903053951e-03
-2.25377491864191606e-03
-2.64254244647289371e-03
-2.31691879892256120e-03
3.03095933603725366e-02
-1.77669823383632265e-03
-7.83192120217037543e-04
-2.17313701642343760e-03
8.54005613634350180e-02
-4.40824740793787067e-03
-5.29890687567394388e-03
1.47529924821707993e-03
-1.48986831483197721e-03
1.47267206384532213e-02
-7.56448933436898799e-03
3.45430986493681621e-03
-3.33413960547799875e-03
-3.54203768557752189e-03
-9.47183627790368701e-03
-3.37556801518393334e-03
-4.37314254993236527e-03
-1.96507295353722704e-03
-1.03896813245378571e-03
1.40084988003962995e-03
-4.53217740158524257e-03
-4.89046783532921109e-03
-1.04816567892349120e-03
-1.01793165080427692e-03
-7.87460711757197044e-04
-4.28909712944153428e-03
-3.33281810120356287e-03
-1.19642878511075921e-03
-3.52980545127770358e-03
-2.64332153804858021e-03
-2.09218670440968098e-03
2.73321776701536010e-03
-1.95297296771534067e-03
-5.67004168664385876e-03
2.61667661169856861e-03
-5.86390138587511607e-03
-4.88237544414399198e-03
-4.06071297217940313e-03
5.66489268179212334e-04
2.28244202921157775e-02
-3.49417099131401569e-03
-3.25282744894668085e-03
-3.39950701530144714e-03
-4.42719813584763894e-03
-5.14597480439431092e-03
1.97154843521148218e-02
-4.89235247389728511e-03
-1.57072983946907963e-03
-5.05462846151547972e-03
-1.57089456106064931e-03
2.06475949193801189e-02
-2.31557810491366022e-03
4.00643765182673566e-03
-3.38051589786687433e-03
-1.89547010798230280e-03
-2.45713572758457423e-03
7.03957440338318086e-03
8.30111547663105881e-03
-4.64702507428877906e-03
7.30942421984474063e-03
-6.36612173876689117e-03
-6.03088710978294876e-03
-3.02767512426648606e-03
