%%MatrixMarket matrix array real general
1000 1
6.83379999142897931e-02
1.93145465405549388e-01
2.13809522968616106e-01
2.35086197695834970e-01
-6.89922457531087940e-01
8.01606749336788160e-02
9.29789303277945012e-02
1.73410892365702674e-01
2.72633080341891765e-01
2.11634276074004479e-01
1.22943968523030273e-01
8.72492712025774858e-02
2.30664230478321297e-02
1.14307528144648493e-01
2.74446312496443245e-01
-5.87249415785562334e-03
2.04666881614618379e-01
-4.98936123496773209e+00
-1.48057542256175186e-02
1.03731747462644075e-01
-2.73175553614351863e-01
1.77714401706089486e-01
2.82455193713164354e-01
4.07202817174192155e-01
-3.29797560635042217e-02
6.21461158653056969e-02
2.00923790242713451e-01
-1.85978272627667432e-02
2.49892289412011748e-01
4.72632557367412443e-01
2.17468079801398317e-01
2.98135860473406400e-01
-4.44104602045936186e-02
1.21882345940959119e-01
1.16868669061141774e-02
1.23209520147491702e-01
1.15306664802442921e-01
2.77914636169306506e-01
1.51978775645607106e-01
-2.74241236399479282e-01
-2.22810793480343640e-02
1.28508015304700962e-01
1.83441161172996497e-02
1.02844248019227397e-01
6.83709180108374587e-02
1.69787533314432360e-01
3.34778568130123466e-01
1.82587630395972839e-01
2.02380166875878093e-01
1.47780255484385142e-01
-3.73293036937039135e-01
-1.23262554114164161e-02
-4.77696008253755966e-02
4.15820177445883954e-01
7.38005733344816311e-02
8.53067402005572850e-02
1.47509697636913045e-01
-1.62616468705652628e+00
-2.28777160439765564e-01
1.41727259643824655e-01
6.80241121578310792e-02
2.68882195136739610e-01
2.35260411109345161e-02
1.95981950090493434e-01
1.66425690126095233e-01
1.68377945917706912e-02
9.53067161825139758e-02
-5.62733804423236728e-01
1.54664187672124670e-01
8.83499321101145763e-02
-4.12311184924152530e-01
8.22034707596814573e-02
9.96276817650448843e-02
2.59968029028961843e-02
-3.10100547738609983e-02
-2.82118939888560849e-01
-1.86106034381675306e-01
1.08043250934858181e-02
1.10507368874352113e-01
-6.53592667371671543e-01
2.19607530509397519e-02
-7.53395437629051923e-02
6.09694174263644070e-02
1.49920890795466583e-01
-9.45638530644190428e-04
1.86412059895294580e-01
-4.76254039212642213e-02
2.11406408176904731e-01
1.40139631161397910e-01
1.01417463071700284e-01
2.51123670852510528e-02
1.37238854759780760e-01
2.48342387165158968e-01
3.44046182246252330e-02
-4.56469122669525773e-01
7.27713213895868904e-02
1.02506067288593100e-01
1.02260795511971120e-01
-2.39630146480734219e-01
3.96196946302243905e-02
2.84583542325840648e-02
2.40127001373244164e-01
-7.29149293880882871e-02
5.52964764464591085e-01
1.15724562974830997e-01
2.02027484727734574e-01
8.10899947431312773e-02
-2.00716513719869510e-02
-3.10564100627521655e-01
-6.85657031289285124e-02
1.06358997169708674e-01
4.91095560836163555e-02
1.96010637860758841e-01
2.03073490024144876e-01
1.16021129563392666e-01
-2.51567728701467375e-01
2.60564648348684536e-01
4.68507919683077811e-01
4.41289237988645722e-02
1.78595705074896083e-01
1.06536804058141601e-01
-1.66673078814026127e-01
-1.30489777936981710e+00
1.93035952935489113e-01
7.53916898286306703e-01
-7.39655283277950923e-03
-4.92708990704760874e-01
1.83830619193416311e-01
-6.66352435121738695e-01
5.70541050865260413e-01
7.04358484311979893e-02
5.87865964687844175e-02
1.75498079826711895e-01
5.29878541380203044e-02
2.12909309126468438e-01
1.66392725717417700e-01
2.34260981363620335e-01
1.38061281566713330e-02
2.62296372019034663e-02
1.43858380983796580e-01
-2.42046328068846905e-01
1.98984893145106673e-01
1.84586677094303875e-02
1.38086993500683153e-01
-1.50583833424833086e-01
2.05664270562145070e-02
1.70296581084064480e-01
1.86563406349447264e-01
1.16356735296464675e-01
-3.16759287777502938e-02
1.93822669991140895e-01
-5.00588886193236715e-01
1.51846510200773221e-01
2.85091367988685007e-01
-6.40349319994396871e-02
1.15523846360248358e-01
-8.07635334484716194e-02
3.01278999591596611e-03
5.96912020351566430e-01
1.10785753204430848e-01
9.12611010908552928e-02
1.87057048949010402e-01
1.36964735795637033e-01
4.24001110313808952e-02
1.27845186422977791e-01
4.02405353560431334e-02
1.25023821092355047e-01
2.02036225254122015e-01
1.85149419473150667e-01
1.05394052083541634e-01
-6.26369995885502129e-01
7.16084310033459071e-02
3.69596323892543488e-01
3.93839715243366861e-01
2.77040469216141061e-01
4.09249816678311507e-03
7.79487690983260012e-02
3.05810451556432217e-01
1.56474054611676516e-01
1.47318958891028973e-01
1.09595126357739020e-01
1.13045922487991585e-01
1.56691752289122521e-01
1.15293184143360178e-01
2.02425834489650680e-01
7.56627121281146231e-02
-9.44002274952043807e-02
1.88473499802169431e-01
5.08276570986971599e-02
2.14230576353723029e-01
-9.98965607255996035e-01
7.90385052651601389e-02
2.20916617129033932e-01
8.94502448502035030e-02
2.28499042229667465e-01
1.36504622131370518e-01
-8.47851194973386346e-02
8.75848265633076134e-02
1.18860760149542499e-01
8.84078473192932424e-02
1.85653395288952305e-01
-3.34229396668188183e-01
-3.19783906183431554e-01
2.40761913054950670e-03
1.53933887669700231e-01
-2.84127899141387696e-01
2.31156205420397304e-01
-4.95857392660307011e-02
1.57642857348529453e-01
2.20259412327284271e-01
7.42932527625490280e-02
6.81920291726073047e-02
2.08216727255278483e-01
1.28201597139124490e-01
2.75882533463797486e-01
1.10850432490106621e-02
-8.58285829151423374e-01
1.30200708554139344e-01
5.54858531409472486e-02
5.12238403814340437e-02
4.65701140593102487e-04
-4.00258767310790395e-02
-3.33539644474874830e-01
1.31252683409414678e-01
1.21811532165118381e-02
8.81616566666821450e-02
1.25524151845884280e-01
1.27751767743289946e-01
2.47639033468678382e-01
2.68298608802495196e-02
6.95480687641513717e-02
2.26828166768629297e-01
2.16607665514544162e-01
-3.63586785445659533e-02
1.02814333711882713e-01
2.15633527449465179e-01
7.54180896225778025e-02
1.71349867655085530e-01
2.34080004711929551e-01
2.67158821398501056e-01
2.07897046285863640e-01
2.54959231836626166e-01
1.87900332677210374e-01
1.49682937551489120e-01
1.98555266761852311e-01
7.24240838963354921e-02
3.54663678429862628e-02
-6.15754945523613761e-01
-5.85647515147597608e-02
1.32165509052222935e-01
1.32177681295893856e-01
-2.18288693741597428e-01
4.06899667524498118e-02
2.79595521636473998e-01
-4.36139900178305062e-01
-5.19520465126638409e-01
-8.50063856497862202e-01
1.51989226126311217e-01
2.02407233970248124e-01
2.88718048002587380e-01
1.69243944328234391e-01
2.32299348522964910e-01
-7.83049579259173401e-01
1.73333172780749056e-01
-2.75473738760943720e-01
2.70035480182693258e-02
1.50512268519205517e-01
2.42987227697912839e-01
1.53442679485007921e-01
1.56271968797846050e-01
1.77457859464832945e-03
7.65222640298177798e-02
1.12840342828910589e-01
1.14587249718818118e-01
3.22539190549911092e-01
1.13420559596754927e-01
2.32195717242158128e+00
1.70036463702156138e-01
1.17592897633378123e-02
-3.55286171671815088e-01
4.70041072134909643e-02
8.59237687559594177e-03
1.40786044962265905e-01
1.49119248919719172e-01
1.58198450537308799e-01
1.17026477774679907e-01
2.02166982748412466e-01
1.25107966027470208e-01
1.45420215819064114e-01
-1.80928823320268162e-01
2.08465089857548580e-01
-8.88978237160080953e-01
3.94811874192932788e-01
3.46648926118223788e-01
2.09487070036039447e-01
1.24138146952989886e-01
3.04535802298990355e-01
1.19290395527649973e-01
9.53142917741472417e-02
-5.64495367743120924e-01
1.07687454582932080e-01
2.60527206127431299e-01
-1.24650067011405942e-02
2.23263747208778368e-01
-2.06400187417450781e-01
5.80977560652471553e-02
3.78628523704860678e-02
2.32612866846923991e-02
1.13922065363652111e-01
3.40408167882933418e-02
-2.57734064274945607e-01
1.22433945867077870e-01
3.89935983209763193e-03
1.31725857396487289e-01
-1.59277831175845458e-01
2.41048179437091836e-01
-1.62065311435492720e+00
-1.41819941006575273e-02
-4.76320929999466014e-01
-2.80272931147862669e-01
9.94428188060862139e-02
2.24525832597398944e-01
-2.15984600725278864e-02
2.44347046029489492e-02
-8.40918313612686041e-02
3.87178999989089889e-01
-2.57213617624617530e-01
1.12125314928583839e-01
2.84311592142935179e-02
2.28021393790440757e-01
-1.17610843152697009e+00
-2.11146780664990041e-01
2.61501332258817942e-01
3.05202355564990063e-02
2.36127651365355296e-01
-2.27437853754853710e-02
2.94171467835936784e-01
2.93142452278349896e-02
4.31659066641562547e-02
3.43755390759038437e-01
1.72723936415177665e-01
1.35956225863318236e-01
-5.50716820308353380e-02
-2.66500105026277190e-01
-2.27944985946423317e-01
2.03262253214370539e-03
2.83571424033857933e-01
-4.69495746296857064e+00
7.29459796848341002e-02
6.76630877012520254e-02
1.53824503698542669e-01
-1.01450012885672070e-01
1.09368630988418133e-01
3.73321154213892559e-01
2.37938257638957151e-01
2.77197076266390507e-01
1.95297566801384853e-01
1.27137488999473303e-01
3.13400807447814622e-01
-6.76226694305456927e-02
5.35487515997988342e-02
2.00604091365510717e-01
1.48726399001309628e-01
1.59653900772147000e-01
6.03369536315693025e-03
3.93580064009193764e-01
2.07173210130274177e-01
9.41416319206156565e-02
1.23413110841989193e-01
4.28442868432471480e-01
5.77174232554613309e-01
1.87449867470152159e-01
1.12126135064361754e-01
-4.12572226110258511e-01
2.56311558907008130e-01
7.58615978122542112e-02
1.31130848260919919e-01
2.45789449641486663e-01
2.63114371399757185e-02
-9.10224211913786690e-02
1.32184761579400512e-01
3.34689723723140264e-01
1.36184197141154900e-01
2.09462329405105063e-01
-2.06431833168968654e-01
1.67114358925592843e-01
7.70192255992321884e-02
1.89752275896065137e-02
1.69896318484332065e-01
4.45155629692577035e-02
1.59494680367538236e-02
3.32307211374457262e-02
-5.16454863728612878e-02
2.21992278296990198e-01
1.27896452156710916e-01
2.30630458408209067e-02
-5.82435968844093876e-01
1.96170608855777057e-01
1.83551134830021112e-01
-2.85797655769654324e-01
5.82071018918518604e-02
2.88321158076164485e-01
5.83899935392677427e-03
5.66771204571103263e-02
2.96950997157936825e-01
4.39518191368334227e-03
1.21466225402673100e-01
3.48623299865928549e-01
1.43628189976292703e-01
-3.94904472813332297e-01
1.80032192061666152e-01
3.35595185027096399e-01
1.31917150945858430e-01
6.59686127243644949e-02
5.36023373862754698e-02
3.40312998321885496e-01
8.11190492164958199e-02
-3.15774427085479925e-01
1.22352279055248286e-01
1.47654504238411172e-01
2.25946132826342322e-01
1.18932939338729449e-01
-5.21574754535271065e-03
2.97031903301833045e-01
2.56447764851267024e-01
-1.63117595203158106e-01
-4.10448243207665042e-02
2.66617462299645502e-01
-4.19918555741141841e-01
1.71633627651770759e-02
2.01857916418348077e-01
1.60721076295287146e-01
1.68929726883810583e-01
2.02832709746070816e-02
5.63976314039469906e-02
1.97743795731326416e-01
2.55754818901128611e-01
1.42299132000535816e-01
1.50775213761659366e-01
2.07528374962366952e-01
8.24909780881224464e-02
1.59624484360441576e-01
7.72114530949796429e-01
1.68752876491270437e-01
1.99310092096639968e-01
1.28546919555241612e-01
2.12735988768377737e-01
-6.25949379291864116e-02
1.41542283715937356e-01
-6.89536989654427002e-01
1.84141808187850281e-01
1.36763717131981377e-01
2.24090079746017495e-01
1.34240503345937012e-01
1.59545739484743043e-01
-6.68064539316965203e-03
1.82781297303584112e-01
1.17991379189131634e-01
-1.28229880970599758e-01
8.47977823021772541e-03
-2.27994482389136333e-01
1.26909465384723474e-01
5.90660464068759827e-01
2.15904313995662817e-01
-4.77128599855875912e-01
1.36414312731771292e-01
1.86421057750282004e-01
-1.74651125050818229e-01
5.62418935937102696e-02
8.89415098997819231e-01
2.74437390903290279e-01
3.22800685506874963e-01
8.57634014737240769e-02
-5.68239107943681709e-01
-8.42557358628863051e-01
1.70528382411019142e-01
-3.32588000437951226e-01
3.10645761611989979e-01
9.90268598204628314e-02
5.29229267032451378e-02
-1.47002740549366014e-02
6.59786918854399565e-03
8.72914855632542508e-02
2.02216891238030300e-01
1.73797675992381440e-01
2.95015116301200031e-01
9.00709964757905462e-02
1.95950181335310197e-01
-8.59504523076633498e-02
2.43820934881139623e-01
4.11780226044792419e-01
2.75403238817228779e-01
2.34835798217249342e-01
5.39196198763211218e-02
2.87152335889183652e-01
-8.46972846764252885e-02
1.36405334142447598e-01
-2.40098541907308831e-02
1.23624109354892514e-01
-5.70228846792650290e-01
2.87090992327793559e-01
8.56673743509343832e-03
2.06746824085060656e-02
1.56578342861492886e-01
2.48544441748232453e-01
1.72911796392225328e-02
1.97736282490112714e-02
1.76686758635775126e-01
-1.65362168582064262e-01
-8.87579926127103791e-01
9.45347605190302726e-02
2.21705658949085005e-01
1.12145497834743910e-01
1.18129527959424274e-01
7.30792255527948770e-02
-2.93542345284423627e-02
1.92945777351958003e-01
-2.08338706127624396e-01
1.54287889611261775e-01
1.57125833934517817e-01
-1.01666599993201184e-01
1.45630939635318257e-01
1.75613148528795671e-02
1.66399247473311612e-01
-1.17057135355983655e-02
8.61850441065878554e-03
3.66505346015199851e-01
2.32932427847227314e-01
1.70289165015293092e-01
2.73461043980003482e-01
1.04101772518311070e-01
3.43154379310474600e-01
1.20128172736191474e-01
1.53152833957282686e-01
1.53862913182777755e-01
1.10990043088336737e-01
1.37732925403178164e-01
-1.75791354925930343e-01
9.48849338424148508e-02
3.48506284511128028e-01
1.06281394376239249e-01
3.07939139011724317e-01
-1.37146014998662136e-01
-1.41865183959920454e-01
1.64324689228897564e-01
7.82560528430131519e-02
1.17331979553252891e-01
-2.00874680368399311e-03
-3.59968892234363125e-01
2.93595092967370158e-02
2.14332642845189880e-01
3.07436026131219509e-01
1.19467345083315614e-02
2.67345816019311754e-02
2.42119763500937696e-01
3.07334425143258427e-01
6.97543206175683071e-03
2.23096340477019595e-01
1.02215161767706120e-01
2.19997083004826288e-01
-7.52159100435590977e-01
-6.57249935143318226e-02
1.53326786299958800e-01
2.52217382537089641e-01
-2.60495744339546698e-01
2.11125157950455139e-01
-9.45015939161571561e-01
2.20957250763370888e-01
1.16360687915010863e-02
1.47053133415644743e-01
1.12059583892034076e-01
3.83599629995674762e-01
1.96261846991567096e-01
-4.46166026316242512e-02
1.64611759659625934e-01
2.69523757362046645e-01
7.74961613524448312e-02
4.14569850632539871e-02
2.16500980444406188e-01
1.86969290834617774e-01
1.63001528894077624e-01
-1.42047908227695974e-01
1.58430435489532201e-01
-3.17140378990851957e-01
-3.88036253212718785e-03
8.86236770181029337e-02
-6.58170832229238445e-01
1.41147577238819349e-01
-3.11113988147820320e-02
2.08183008320350277e-01
-1.71405339735872131e-01
2.24966607442467714e-01
1.28680393282511685e-01
1.62072640898619891e-01
4.56098116262898534e-02
1.79793748911075524e-01
-6.55645347410602902e-02
2.08189840179316632e-01
8.84760446114309512e-02
7.96373642360583139e-02
-6.93525604680027274e-02
1.26294046938212751e-01
5.38209157681948103e-02
2.87841575024940788e-01
2.20605557632798793e-02
3.37009038121340698e-01
-3.84958243650569187e-01
3.19768818626835066e-02
3.00834072999836610e-01
-1.33746349472420537e-02
3.40139614457266454e-02
-1.54553512732504117e-01
1.30174056241510322e-01
9.31849857683821892e-02
1.68478573808519966e-01
2.01664452904632113e-01
1.78331115618238722e-01
-4.90020815683674393e-01
-1.39528168322790302e-01
1.20606999396427578e-01
1.42938577955339902e-01
7.95668596239621911e-02
1.72053635152007917e-01
2.55703286482416192e-01
2.54945781801203086e-01
7.38216181667969290e-02
6.54217463714337200e-02
-1.97766166618257508e-02
2.08448558015355029e-01
1.60773383531304770e-01
2.08024411526393477e-01
-4.50653149226269006e-02
1.90883148789154689e-01
2.86635203636593450e-01
1.02676120487739872e-01
7.04336808301301298e-02
1.92310353064139156e-01
2.48579094199109063e-01
1.01375415535726557e-01
2.71328464552652748e-01
1.63814376125739375e-01
2.95672895261859192e-01
3.59516539333322893e-01
2.42670988761702761e-03
1.11028793207249704e-02
1.92052914730893226e-01
2.86486464230528315e-01
1.74165811978072876e-01
1.73576707562739574e-01
5.46269130209790510e-02
6.89252211753983712e-04
-5.08693799903074118e-02
2.36845037687998167e-01
6.43440121102434731e-02
7.54649054618895671e-02
2.33940164562762121e-01
1.73710751898079441e-01
2.27910685591185769e-01
-4.51650131962985757e-01
-4.11827896240199720e-02
9.08871865561436953e-02
1.47359724714394819e-01
-6.83826634732970340e-01
1.81827989797923500e-01
8.73854886678287063e-02
3.91896676539398164e-02
5.22933974704029164e-02
-1.15575800181861921e-01
-6.43330761426939235e-01
1.51073166341263998e-01
8.16865779744522236e-02
8.45175284923909004e-02
-2.69074544218930733e-01
2.20299728706094461e-01
1.37528820498255905e-01
2.05649042884489874e-01
-1.45299640378518280e-01
2.15665658093252943e-01
-1.13233441046147099e+00
1.41916532163679832e-01
-4.58733571008696842e-02
-3.70546815099161986e-02
1.53894968908113772e-01
-2.42877968080356166e-01
-8.03956629984249431e-03
8.56963265289709258e-02
1.77700885304051259e-01
1.00007584292438473e-01
3.99096793618087420e-01
1.64765278263694970e-01
3.27216026894727036e-03
5.22149599912866483e-02
1.37065425823450660e-01
1.99674683717538132e-01
1.10057598781277410e-01
-1.28352501399424807e-02
2.46184054104613276e-02
2.43636539970558258e-01
-2.52382332756096506e-01
2.52121012518194021e-01
-6.12148513713301368e-01
2.16619782827634638e-01
-1.15219092955745173e-01
1.96986246436028134e-01
3.47117907630546507e-01
2.46871838655001036e-01
5.72618748027969929e-02
-5.02811399845912499e-01
1.20233602217764968e-01
3.97430007986973144e-01
-1.58833430256952110e-02
-1.47888518869038251e-02
9.32886233618132055e-02
1.77327328589341082e-01
2.46805182965072839e-01
1.89679802417620169e-01
-1.79638703831527052e-01
6.40939867567996285e-02
8.03459496260918171e-02
3.40475661625904077e-02
2.82897517959943223e-01
1.07657022985372886e-01
4.14936713345664454e-01
1.61645034401745658e-01
2.25109266322980756e-03
2.46260719889589946e-01
2.50689769130104101e-01
-4.73181110709518515e-02
3.37578177110258393e-01
2.50271053705129920e-01
-6.98012000162636093e-02
-2.16178709088642035e-01
8.73982118393514112e-02
5.91365905740229500e-02
1.37854152344545400e-01
2.59463412057189480e-01
2.21240689831870618e-01
-6.70033916222873144e-02
-1.30119078840883542e-02
2.22567970267007503e-01
-1.06358560317331735e-01
-5.62049225892588267e-02
1.07328493713290674e-01
-8.18859506615529531e-01
-5.30094526513645026e-02
4.56502327161506377e-02
-2.13586678021576784e-02
-7.36103058419702166e-02
-3.93974931444275867e-02
1.02326729427324750e-01
1.73627212187570656e-01
1.54078378802708360e-01
7.28964411316493106e-03
-3.84774719236672382e+01
2.73739586672932522e-01
3.03607471230231907e-01
-8.23869119165928226e-02
-8.71502648605815555e-02
-1.01025611185014783e-01
-1.00459441737668215e-01
-1.95421987789517804e-01
2.67180160124842858e-01
-2.63209806226456844e-01
-4.55657919641390130e-02
1.24178388723626437e-01
1.32952580632244688e-01
2.02137488205103438e-01
-3.49564304295703551e-02
2.06132916562138141e-01
5.56737816859143378e-03
1.41647982716044368e-01
-1.81248170892640365e-01
1.79185425603468729e-01
-5.49060811949851277e-03
3.55240134363900284e-01
2.11829663237632748e-01
-9.73517038321654316e-02
1.96518828683818203e-01
-1.14535988551472262e-01
1.42147445175182574e-01
-9.79444733321641406e-03
4.51006370333648446e-02
3.26521537420144115e-01
1.18700065565515656e-01
2.08916099223333263e-01
2.18356106484418055e-01
2.17389172124268337e-01
2.48636996436388508e-01
1.80370070637333346e-01
1.94104597701587167e-01
1.13263359713683398e-01
-4.87237478716016567e-02
-1.13994031590847256e-01
1.19167077543399516e-01
2.44906420903907379e-01
1.44511742377223779e-01
2.17855767990293853e-01
9.17458308810467082e-02
2.08320829659058238e-01
-3.81638577351948449e-02
2.48115874069253950e-01
-1.28003652660704619e-02
6.72208809073465835e-02
-5.75468958092806293e-03
-8.71863050289613944e-02
-3.83631646363209455e-01
6.22272147090245642e-02
9.23221785281561069e-02
4.79188586780528655e-02
2.38705370847145243e-01
-1.23812160995111359e-01
-1.15582003074410994e-01
-1.81828647710874480e-01
-5.72615951694746828e-02
1.72190723411999119e-01
7.10708081573847156e-02
1.73801694606912666e-01
5.08760993958081373e-02
-2.83458666636220324e-01
2.69684691387598596e-01
7.94423439534265308e-02
1.86238157239152546e-01
-4.21810591830911463e-02
2.56998258674080882e-01
2.45294154649359719e-01
-1.26012673403835984e-01
1.93385466599395622e-01
2.68149383656465012e-01
-7.86686590992980161e-02
-6.35029998680493812e-01
8.40075442527157962e-02
1.13494016452346594e-02
-3.11699497690342484e-02
2.14604758278351460e-01
1.77413020683190731e-01
2.41020132769197426e-01
2.06837695354180340e-01
2.68966431441553577e-01
1.32071344697730547e-01
3.24002977833101835e-01
1.81312394949033451e-01
1.36557717367922743e-01
1.88292593485688831e-02
2.60337872495840117e-01
-2.53398048488670258e-02
1.96125620090615516e-01
2.63667374249729691e-01
-8.16413820680584323e-01
1.55856491604334568e-01
8.02914128028018870e-02
5.80908685879160877e-02
1.94347847493143350e-01
1.15115880581516200e-01
-1.87260838271726349e-01
-2.68973203490724577e+00
9.74133459700904647e-02
1.95513167555676187e-01
2.59784257991347967e-01
-7.12809534526489541e-01
-1.21727142114172824e-02
1.59722163710322274e-01
1.72323661877545414e-01
2.17637563544113122e-01
3.00824431675585369e-01
2.93782471014067348e-01
-7.46845239873022895e-03
1.89548860802913777e-01
-1.42635957236604688e-01
-7.23743291084990165e-02
2.89589379414610548e-01
-2.85113297966325963e+00
1.54575659544381516e-01
6.43043187412155742e-02
1.47019620034610471e-01
2.37855323652522960e-01
3.22803990571736421e-01
4.81017679782689694e-02
1.88480869269861989e-01
1.67218598424267145e-01
7.01814312101431692e-02
2.07793515795672984e-02
3.46668145105333558e-02
1.82486123957966484e-01
9.74435710246179809e-02
-2.71759967288013049e-01
8.34332859470844901e-02
1.94928604405389477e-01
9.54901481822257314e-02
1.48872405218024473e-01
-3.07666291857558380e-02
1.41061369959778610e-02
-3.19619380554969634e-02
1.71178673912012247e-01
9.35503543646907243e-02
2.17946910843029279e-01
3.58438860788242109e-01
9.38350956126041691e-02
-1.86859737768535539e-01
2.72094722531564970e-01
2.47294279055353561e-01
3.74296624666349775e-01
1.63795341309764586e-01
-5.69222164208235348e-01
-3.69568826091747127e-01
-4.05567726504701409e-02
1.42627267171536926e-01
-9.65302271432023629e-02
-5.13852492935282568e-01
1.96514310887847571e-01
-1.10190210153038959e+00
4.86276818566492020e-02
-1.52402906351452982e-01
3.57524750004511227e-01
2.91656581198537213e-01
-5.00848139345979985e-04
1.20397355447644364e-01
9.27973613656614127e-02
1.94913937349363575e-01
1.91150439193825711e-01
1.24477720383762924e-01
1.57044975583532143e-01
2.07505960676466317e-01
2.41327677528415802e-01
-9.13563905882551069e-02
2.55996266609616829e-01
4.79639676756654781e-02
1.84971398367486634e-01
1.46936712757700261e-01
1.26033630615054015e-01
2.09067415796034911e-01
-2.72560099199969444e-02
1.68567068109836127e-01
-4.75200300610450466e+00
2.95505026897710521e-02
1.42778578751746710e-01
2.36055806464221668e-01
3.92714779424003568e-01
2.48151222099565472e-01
1.83679163313071686e-01
2.11700738674581307e-03
1.79794982847756746e-01
2.28946321016918336e-01
2.87273809767192301e-01
8.16477704834672469e-02
-3.14154424913537622e-01
1.34729568306735159e-01
8.91499982254877060e-02
1.82092441222848400e-01
4.55318880441537732e-01
1.55657169794869182e-01
2.96522592813153130e-01
2.47084797368219672e-01
-9.24437949106219070e-02
1.60628811093041474e-01
1.42210511245414256e-01
-5.58114106738240440e-02
1.42239139466076081e-01
2.09833704790430731e-01
5.99393437138764432e-02
3.82595996167231778e-02
8.06702666671582913e-02
1.94241916548897026e-01
1.11594181747823512e-01
7.05674590691839632e-02
-3.54292372825003088e-01
3.14547993033932216e-01
1.41331406445748986e-01
-6.45192401628884304e-02
7.04294270194835148e-02
-2.87567664353683083e+00
1.83040870143339057e-01
1.52469096178563218e-01
6.05972910038333618e-02
1.08350199542730549e-01
2.17945126161203540e-01
1.11791775740757438e-01
5.29530894907578598e-02
1.02693727812097735e-01
1.31359095793566472e-01
-1.59942374814531374e+00
1.52421663049948974e-01
1.50098654372789103e-01
1.77074496680244942e-01
-1.07202204363672629e-01
1.29362474734813659e-01
3.13060245217406830e-01
6.16478279828749920e-03
-4.73960964803863405e+00
-1.08986560314469558e-02
2.34372074552509468e-01
9.59151046875175578e-02
2.32081911223089049e-01
2.59563458832793970e-01
1.21027260422636090e-01
1.31337907128055764e-01
5.14185309264199100e-02
1.87504028748008089e-01
2.14944483127509189e-01
-7.63499535348357572e-02
1.84576168124837431e-01
