%%MatrixMarket matrix array real general
1000 1
1.67377339145453473e-03
4.73062924114516902e-03
5.23674516130546823e-03
5.75786565154120470e-03
-1.68979755484628576e-02
1.96334111202152092e-03
2.27729315671715759e-03
4.24727878770452937e-03
6.67748538264048390e-03
5.18346776986027425e-03
3.01121401580030498e-03
2.13695906736887991e-03
5.64956030054779984e-04
2.79968537697086262e-03
6.72189610195694960e-03
-1.43832486687515065e-04
5.01281835857307276e-03
-1.22202289881445908e-01
-3.62631003165844626e-04
2.54065730588899034e-03
-6.69077194838888726e-03
4.35268280059420993e-03
6.91805420275970386e-03
9.97344436720970333e-03
-8.07759053894150552e-04
1.52211822482456417e-03
4.92114042319449253e-03
-4.55508625512867499e-04
6.12050492071903370e-03
1.15759869977011213e-02
5.32635262838878146e-03
7.30211406427906141e-03
-1.08772639945471997e-03
2.98521214814455446e-03
2.86241430557867421e-04
3.01771805811405086e-03
2.82415680361961094e-03
6.80684426965067965e-03
3.72235112324679953e-03
-6.71687326086178784e-03
-5.45720942848815596e-04
3.14749183288111833e-03
4.49294586985367523e-04
2.51892016176385840e-03
1.67457964030885155e-03
4.15853340482359116e-03
8.19958822424272926e-03
4.47204070573998472e-03
4.95681083291634426e-03
3.61951856540084502e-03
-9.14290662916879097e-03
-3.01901699637110218e-04
-1.17000039337089405e-03
1.01845056851491509e-02
1.80756586491130416e-03
2.08938148670553738e-03
3.61289190780931342e-03
-3.98289558771418098e-02
-5.60334110153860952e-03
3.47126512823252732e-03
1.66608547294189386e-03
6.58561655623888555e-03
5.76213258612880358e-04
4.80010204685950466e-03
4.07619321807656514e-03
4.12400898385063006e-04
2.33430661964422999e-03
-1.37827982893415808e-02
3.78812377097953717e-03
2.16391708402622609e-03
-1.00985614327419575e-02
2.01337443611659776e-03
2.44013818080399082e-03
6.36728569995356286e-04
-7.59516003001495547e-04
-6.90981848170942221e-03
-4.55821546910675692e-03
2.64625711562918066e-04
2.70660970197438054e-03
-1.60081655428697157e-02
5.37875327915347161e-04
-1.84525920912006602e-03
1.49329785344528383e-03
3.67194823014111923e-03
-2.31611199117818630e-05
4.56571082107104509e-03
-1.16646864029802959e-03
5.17788669895633945e-03
3.43238002312630996e-03
2.48397452853687173e-03
6.15066461945380978e-04
3.36133254790518636e-03
6.08254382815872317e-03
8.42657593136292814e-04
-1.11801029076521816e-02
1.78235683742051913e-03
2.51063724582972075e-03
2.50462990915172566e-03
-5.86915864486630811e-03
9.70388228113462019e-04
6.97018293465613776e-04
5.88132789915473634e-03
-1.78587416668066603e-03
1.35435293736082662e-02
2.83439220474565037e-03
4.94817273996788539e-03
1.98610254447733128e-03
-4.91606368801025860e-04
-7.60651363258135153e-03
-1.67935042886111765e-03
2.60500540881639748e-03
1.20281934417138816e-03
4.80080468414208292e-03
4.97379210012825496e-03
2.84165588330494287e-03
-6.16154073834931492e-03
6.38189844166894057e-03
1.14749640117477996e-02
1.08083084873280460e-03
4.37426818691422341e-03
2.60936035685531593e-03
-4.08225240335710355e-03
-3.19603029707745054e-02
4.72794699907443019e-03
1.84653640039559655e-02
-1.81160603698023409e-04
-1.20677104891341366e-02
4.50248469850590693e-03
-1.63206850747255883e-02
1.39740178358828387e-02
1.72515509755203863e-03
1.43983495371560201e-03
4.29839937712139970e-03
1.29780883897257816e-03
5.21469660885325210e-03
4.07538583491913985e-03
5.73765398100983121e-03
3.38147589578815307e-04
6.42431280855643161e-04
3.52346177134868271e-03
-5.92833714666867774e-03
4.87365184619732543e-03
4.52100250117424369e-04
3.38210564718465553e-03
-3.68818540030225756e-03
5.03724697930002302e-04
4.17100129403357670e-03
4.56941768501414880e-03
2.84987573092635111e-03
-7.75824970065014906e-04
4.74721572329821553e-03
-1.22607093976857765e-02
3.71911160230147496e-03
6.98262089132457939e-03
-1.56838019021195000e-03
2.82947613858719384e-03
-1.97810666767265055e-03
7.37909762583387468e-05
1.46199107079075050e-02
2.71342805025652327e-03
2.23521910024148838e-03
4.58150826198566816e-03
3.35461866940601214e-03
1.03848777734348563e-03
3.13125744869199689e-03
9.85594214365860142e-04
3.06215495485503411e-03
4.94838681794093974e-03
4.53478550946954679e-03
2.58137142170203207e-03
-1.53414122981883044e-02
1.75387466076802525e-03
9.05236461831859275e-03
9.64614762941852326e-03
6.78543367250518913e-03
1.00235806501916173e-04
1.90916584882532838e-03
7.49008453987332849e-03
3.83245206752470726e-03
3.60822022531923992e-03
2.68426653634511441e-03
2.76878540943813764e-03
3.83778404359052258e-03
2.82382662760525182e-03
4.95792935024006072e-03
1.85317443361192259e-03
-2.31210438009439188e-03
4.61620078666149288e-03
1.24490005719331688e-03
5.24705784170694921e-03
-2.44672371813707511e-02
1.93585629048410716e-03
5.41081617759498791e-03
2.19086657316768267e-03
5.59652927121872916e-03
3.34334930230107633e-03
-2.07660565401283958e-03
2.14517768124158036e-03
2.91120574023085062e-03
2.16533557646438231e-03
4.54712917348451019e-03
-8.18613760260441560e-03
-7.83233038509387886e-03
5.89687851927233288e-05
3.77023684550134748e-03
-6.95902306109656265e-03
5.66161003230245246e-03
-1.21448229510964789e-03
3.86107905285150432e-03
5.39471954159074282e-03
1.81963285133516757e-03
1.67019819253634810e-03
5.09976320894220923e-03
3.13998686386170222e-03
6.75707284758050863e-03
2.71501221232016378e-04
-2.10216275702829504e-02
3.18895024437075656e-03
1.35899125970916188e-03
1.25460360481869032e-03
1.14062187728487567e-05
-9.80336672512222831e-04
-8.16924379726440518e-03
3.21471581438192511e-03
2.98347773663351233e-04
2.15930573414993164e-03
3.07440934191899069e-03
3.12896938494298732e-03
6.06531688702143836e-03
6.57132302585885651e-04
1.70341109003100994e-03
5.55560523348569164e-03
5.30527886941479197e-03
-8.90517556450029567e-04
2.51818748343385270e-03
5.28141972260066147e-03
1.84718299925248648e-03
4.19679899133783285e-03
5.73322139731600143e-03
6.54340670066486454e-03
5.09193339974409361e-03
6.24460737348339970e-03
4.60216244951619502e-03
3.66612014315168553e-03
4.86312919102075292e-03
1.77385209807399361e-03
8.68662572237328674e-04
-1.50814224116400213e-02
-1.43440140017989364e-03
3.23707326227151964e-03
3.23737139182763475e-03
-5.34645157450202441e-03
9.96601945254781954e-04
6.84801347818151870e-03
-1.06821879596380107e-02
-1.27243924600620433e-02
-2.08202503120951711e-02
3.72260708240077474e-03
4.95747377567728586e-03
7.07144761312222814e-03
4.14521951237543408e-03
5.68960854718671312e-03
-1.91788982937399384e-02
4.24537523516491620e-03
-6.74706041383848782e-03
6.61386347340490056e-04
3.68643259168986281e-03
5.95138219869142081e-03
3.75820589361191768e-03
3.82750246615519386e-03
4.34639942125443235e-05
1.87422707055518649e-03
2.76375023481162125e-03
2.80653647779976383e-03
7.89981438615223845e-03
2.77796123584330779e-03
5.68707035056767105e-02
4.16463035029803266e-03
2.88015252611163080e-04
-8.70187218300040762e-03
1.15125148587466651e-03
2.10449410310079021e-04
3.44821235976345425e-03
3.65231395868405090e-03
3.87468695909711121e-03
2.86627944687575104e-03
4.95158940529959093e-03
3.06421588074613175e-03
3.56171512369184064e-03
-4.43141225380434736e-03
5.10584624789150315e-03
-2.17733635869795869e-02
9.66995830260359776e-03
8.49032382335915790e-03
5.13087717111870758e-03
3.04046251712055283e-03
7.45886510100661568e-03
2.92172861571465348e-03
2.33449216536984680e-03
-1.38259435059977162e-02
2.63754274781939245e-03
6.38098138536468892e-03
-3.05300075607209181e-04
5.46830343034922835e-03
-5.05527147595577053e-03
1.42296348045297684e-03
9.27358642362951006e-04
5.69728741734244911e-04
2.79024440200777851e-03
8.33747160220031061e-04
-6.31257015710016706e-03
2.99872224911666664e-03
9.55053519102901349e-05
3.22630506238537991e-03
-3.90112376723183562e-03
5.90388991931915189e-03
-3.96939632852521887e-02
-3.47353513319215482e-04
-1.16663247303986171e-02
-6.86460497949430929e-03
2.43561041144896078e-03
5.49921514775175094e-03
-5.29001841012781415e-04
5.98468764724426473e-04
-2.05962524433937018e-03
9.48300958068058406e-03
-6.29982307998265545e-03
2.74623736239460597e-03
6.96352217518610888e-04
5.58483043237296712e-03
-2.88059205804126924e-02
-5.17152775339646716e-03
6.40484023989131533e-03
7.47519070494530769e-04
5.78337353065218676e-03
-5.57053803597127705e-04
7.20501589169279463e-03
7.17981265393218817e-04
1.05724408210784325e-03
8.41945369989194163e-03
4.23045346954279474e-03
3.32991766715460798e-03
-1.34884714392358141e-03
-6.52727304241059163e-03
-5.58295900774323332e-03
4.97841539620962897e-05
6.94539355439203164e-03
-1.14991584263281696e-01
1.78663466831358053e-03
1.65724305540210074e-03
3.76755775069856792e-03
-2.48477175720269745e-03
2.67871908217782485e-03
9.14359529359999937e-03
5.82771993538975380e-03
6.78926938197837570e-03
4.78333973979274112e-03
3.11392411850748476e-03
7.67599187896136903e-03
-1.65625310799146397e-03
1.31154666050784159e-03
4.91331017538795736e-03
3.64269205372533917e-03
3.91033467894175493e-03
1.47780718833539674e-04
9.63978810283915889e-03
5.07420479050008869e-03
2.30577070933408968e-03
3.02270451788227935e-03
1.04936678544906986e-02
1.41364815167957063e-02
4.59112939794471733e-03
2.74625744962902867e-03
-1.01049550028194206e-02
6.27772934178466580e-03
1.85804565557429408e-03
3.21173175822055384e-03
6.02001582174094708e-03
6.44434771738276084e-04
-2.22937321558956030e-03
3.23754480618198073e-03
8.19741219619683076e-03
3.33550127011797469e-03
5.13027120943154377e-03
-5.05604656180720993e-03
4.09306048831486677e-03
1.88639893763531625e-03
4.64752130235894631e-04
4.16119783344342381e-03
1.09030063649871397e-03
3.90643496169820270e-04
8.13905834066735567e-04
-1.26493079967225880e-03
5.43716188632885605e-03
3.13251307837259744e-03
5.64873313569266714e-04
-1.42653549723437759e-02
4.80472278527425013e-03
4.49563940757899145e-03
-6.99991969573774808e-03
1.42564164099726791e-03
7.06172675797583742e-03
1.43012112786295391e-04
1.38816846036415560e-03
7.27309371407206667e-03
1.07649310002608421e-04
2.97502028585013749e-03
8.53868131476680399e-03
3.51782380149573762e-03
-9.67222628099164913e-03
4.40945144803743614e-03
8.21958927248621352e-03
3.23099033344022074e-03
1.61574100482473888e-03
1.31285911424800904e-03
8.33514065485846216e-03
1.98681416326187531e-03
-7.73412792912315204e-03
2.99672201883848270e-03
3.61643859393987691e-03
5.53400195354186025e-03
2.91297359422782376e-03
-1.27747072915442857e-04
7.27507531363664247e-03
6.28106537569769145e-03
-3.99516946459513647e-03
-1.00529331983942381e-03
6.53014742389274646e-03
-1.02848855111227783e-02
4.20374900352021830e-04
4.94401957592008161e-03
3.93647255240680161e-03
4.13752351895665862e-03
4.96789477180415492e-04
1.38132305457249957e-03
4.84325417828185712e-03
6.26409334703838510e-03
3.48527175317302901e-03
3.69287279700377790e-03
5.08290369076476196e-03
2.02041623009303287e-03
3.90961419535668705e-03
1.89110708343838974e-02
4.13319199796257069e-03
4.88161680497117140e-03
3.14844469804320291e-03
5.21045154748319209e-03
-1.53311103159336918e-03
3.46673459197758931e-03
-1.68885344486938670e-02
4.51010651739476489e-03
3.34969520528913527e-03
5.48854243961256240e-03
3.28789520965989046e-03
3.90768553080929858e-03
-1.63626189102428617e-04
4.47678410644132291e-03
2.88991236435794411e-03
-3.14067960764434408e-03
2.07691579867747543e-04
-5.58417130293548808e-03
3.10833923367810844e-03
1.44667940147864063e-02
5.28805198161320846e-03
-1.16861066426057706e-02
3.34113739281793410e-03
4.56593120168274393e-03
-4.27765527619058082e-03
1.37750863502389734e-03
2.17840634570466221e-02
6.72167758919291810e-03
7.90621907024451065e-03
2.10056629587346147e-03
-1.39176373328594172e-02
-2.06363968716679717e-02
4.17667870475145302e-03
-8.14593558705675215e-03
7.60851372013268083e-03
2.42542250599568285e-03
1.29621859909405195e-03
-3.60047522477800774e-04
1.61598786940213778e-04
2.13799300564259179e-03
4.95281179258088254e-03
4.25675211357553172e-03
7.22567901257225882e-03
2.20607037712709656e-03
4.79932394833176932e-03
-2.10514765191425991e-03
5.97180183200449882e-03
1.00855568840965155e-02
6.74533368888211981e-03
5.75173272425402813e-03
1.32063017851738419e-03
7.03309929626514535e-03
-2.07445435332686721e-03
3.34091748407081262e-03
-5.88063085363473991e-04
3.02787241417654162e-03
-1.39663711551178630e-02
7.03159683466367605e-03
2.09821434464579313e-04
5.06376149953309215e-04
3.83500635500440886e-03
6.08749266460727016e-03
4.23505464357879261e-04
4.84307015968294568e-04
4.32751317858062236e-03
-4.05014483995812507e-03
-2.17391153531578223e-02
2.31539943988319247e-03
5.43014184127902158e-03
2.74673169367931416e-03
2.89329598307762250e-03
1.78989820234443119e-03
-7.18960706223143375e-04
4.72573836709110420e-03
-5.10275078527127213e-03
3.77890726358569252e-03
3.84841581959612794e-03
-2.49007653255402988e-03
3.56687629195835514e-03
4.30121770560538443e-04
4.07554556949602746e-03
-2.86703032989816414e-04
2.11089340846667186e-04
8.97665861973555822e-03
5.70511428819398675e-03
4.17081965543478206e-03
6.69776434176028428e-03
2.54972017125107767e-03
8.40473338364261871e-03
2.94224793441496667e-03
3.75110683111984367e-03
3.76849849776144264e-03
2.71843163497128204e-03
3.37343360877113540e-03
-4.30558243864041356e-03
2.32397608526114727e-03
8.53581530775074544e-03
2.60310471680135977e-03
7.54222157089374980e-03
-3.35905866335951386e-03
-3.47464324949146993e-03
4.02473430207734000e-03
1.91669201810355338e-03
2.87376197122000184e-03
-4.91993759600665940e-05
-8.81656405409830465e-03
7.19089898865953796e-04
5.24955771261083424e-03
7.52989904238265343e-03
2.92606256546891854e-04
6.54798667990018606e-04
5.93013576928558880e-03
7.52741057285822527e-03
1.70846272842638914e-04
5.46420320889807066e-03
2.50351222137884131e-03
5.38829442174111346e-03
-1.84223110133243904e-02
-1.60977414375337380e-03
3.75536737141822854e-03
6.17745243177112401e-03
-6.38021080525578987e-03
5.17099815750133533e-03
-2.31458710447042804e-02
5.41181139981442971e-03
2.84997254071762648e-04
3.60170947569208146e-03
2.74462744024180213e-03
9.39534160297180766e-03
4.80695744189513913e-03
-1.09277535771568827e-03
4.03176539530517627e-03
6.60133006531139939e-03
1.89808032096730841e-03
1.01538819655021002e-03
5.30266587764021639e-03
4.57935884003987485e-03
3.99232670214956769e-03
-3.47911863679822419e-03
3.88036886727053526e-03
-7.76758360467790735e-03
-9.50400591710910800e-05
2.17062180092819808e-03
-1.61202965758223508e-02
3.45706721512084982e-03
-7.61998179232741771e-04
5.09893734549742884e-03
-4.19815764527777836e-03
5.51001085743312979e-03
3.15171381293443114e-03
3.96957584592987685e-03
1.11710160064778749e-03
4.40361136197495347e-03
-1.60584409567599419e-03
5.09910467529608395e-03
2.16700590356041752e-03
1.95052388701869440e-03
-1.69862258898682340e-03
3.09326605299216134e-03
1.31821266103052744e-03
7.04998053550631634e-03
5.40319753045201867e-04
8.25421817136415964e-03
-9.42861754589809607e-03
7.83196085202786233e-04
7.36820022917857899e-03
-3.27579211027810666e-04
8.33089403805104553e-04
-3.78541305703988286e-03
3.18829746068154595e-03
2.28233998445692005e-03
4.12647361972284191e-03
4.93928115685797562e-03
4.36778771056478207e-03
-1.20018701685579137e-02
-3.41740372545314228e-03
2.95397563092433379e-03
3.50093342933751380e-03
1.94879704772205997e-03
4.21403606751219462e-03
6.26283118555650067e-03
6.24427794752014948e-03
1.80808130698447409e-03
1.60234684123552237e-03
-4.84380209884367611e-04
5.10544134055430660e-03
3.93775369115767059e-03
5.09505290208339505e-03
-1.10376547586391884e-03
4.67521928825972901e-03
7.02043339727286865e-03
2.51480228607324106e-03
1.72510200742703366e-03
4.71017519189497521e-03
6.08834139225930809e-03
2.48294467622933116e-03
6.64553198633402453e-03
4.01223542159392585e-03
7.24178971120558162e-03
8.80548476804557563e-03
5.94363669368956884e-05
2.71938072505636746e-04
4.70386986495122030e-03
7.01679038664252460e-03
4.26576871075528847e-03
4.25134002837680193e-03
1.33795360687303687e-03
1.68815595057832635e-05
-1.24592195812529513e-03
5.80094416689756667e-03
1.57595035711668606e-03
1.84832963957293770e-03
5.72979635237748103e-03
4.25462311892684138e-03
5.58211890381819266e-03
-1.10620734302251771e-02
-1.00867244497984915e-03
2.22606097153373473e-03
3.60921868518837563e-03
-1.67486731689478786e-02
4.45343515360608917e-03
2.14029538346051634e-03
9.59855761382596854e-04
1.28079980895737374e-03
-2.83074862130993201e-03
-1.57568250714270747e-02
3.70017042204892534e-03
2.00071440229600663e-03
2.07005166202565288e-03
-6.59032768000668984e-03
5.39570699340653857e-03
3.36843455466724487e-03
5.03687401430984866e-03
-3.55876192101783678e-03
5.28220668471125060e-03
-2.77337822124726699e-02
3.47590089907548905e-03
-1.12355650719106015e-03
-9.07564459274889089e-04
3.76928362492646562e-03
-5.94870614962916822e-03
-1.96909657414236244e-04
2.09892345795164833e-03
4.35235174914266453e-03
2.44944297085477897e-03
9.77490700065252426e-03
4.03552546078714530e-03
8.01436213763940863e-05
1.27887867334271752e-03
3.35708482717423469e-03
4.89054659154075731e-03
2.69559367553206999e-03
-3.14368289734039531e-04
6.02968070001390593e-04
5.96728552635814296e-03
-6.18149248690686836e-03
6.17509208213328289e-03
-1.49930916204297493e-02
5.30557565357981775e-03
-2.82201194384820849e-03
4.82469984753243833e-03
8.50181038687268346e-03
6.04652631271718460e-03
1.40249059834870017e-03
-1.23151444736115234e-02
2.94483017359647645e-03
9.73408313337415475e-03
-3.89023924567290951e-04
-3.62217021415940762e-04
2.28487833568842948e-03
4.34320238436642671e-03
6.04489374342428391e-03
4.64574624046950203e-03
-4.39981390918237070e-03
1.56982659311559599e-03
1.96787896578756467e-03
8.33912469756379650e-04
6.92888786127433560e-03
2.63679739972054634e-03
1.01628673769597628e-02
3.95910266296551055e-03
5.51350494033728923e-05
6.03155844228147123e-03
6.14003725022858014e-03
-1.15894224799929064e-03
8.26815784909721956e-03
6.12978183248436698e-03
-1.70961092547852159e-03
-5.29477262321723183e-03
2.14060700665676422e-03
1.44840720958005131e-03
3.37640276837560243e-03
6.35492633237786254e-03
5.41875355164223721e-03
-1.64108540161061827e-03
-3.18695092273439727e-04
5.45126206342273420e-03
-2.60499470917850261e-03
-1.37660312003070663e-03
2.62875087283097244e-03
-2.00559755221361331e-02
-1.29833784211852909e-03
1.11809161710708146e-03
-5.23128711537048123e-04
-1.80290572462799112e-03
-9.64945942197033540e-04
2.50624480032859975e-03
4.25257701654238509e-03
3.77377580499665749e-03
1.78542134172575922e-04
-9.42412256095463863e-01
6.70458656875492359e-03
7.43612788535482228e-03
-2.01786738188247487e-03
-2.13453414739689460e-03
-2.47437706794148169e-03
-2.46051012192038693e-03
-4.78638712981820525e-03
6.54392934095863240e-03
-6.44668516175899049e-03
-1.11602344589864142e-03
3.04144814159004566e-03
3.25635066970890929e-03
4.95086700807034936e-03
-8.56172893362996631e-04
5.04872532525621389e-03
1.36359411315062237e-04
3.46932343236126340e-03
-4.43923389725313800e-03
4.38871195949091120e-03
-1.34479115351264494e-04
8.70074461091648911e-03
5.18825330405711226e-03
-2.38439362713881164e-03
4.81325158452580552e-03
-2.80528095996159400e-03
3.48155655266327692e-03
-2.39891207687117664e-04
1.10463060520927408e-03
7.99735230407898692e-03
2.90726991654208927e-03
5.11689262730945747e-03
5.34810268596740915e-03
5.32441997641613929e-03
6.08975956698181147e-03
4.41772696342017986e-03
4.75412085807899992e-03
2.77411100636978589e-03
-1.19336990871463599e-03
-2.79200704001722174e-03
2.91870824109159537e-03
5.99838817670256264e-03
3.53946427239747912e-03
5.33584810931547748e-03
2.24709137958688894e-03
5.10231294457483015e-03
-9.34731037966666004e-04
6.07699593982118438e-03
-3.13513869444752540e-04
1.64641227361015871e-03
-1.40947149591210042e-04
-2.13541686381994722e-03
-9.39612576616188043e-03
1.52410454410384475e-03
2.26120761590044858e-03
1.17365610209228853e-03
5.84650851096571358e-03
-3.03247828253729338e-03
-2.83090054610374980e-03
-4.45345126758699226e-03
-1.40248374940915512e-03
4.21739371160711682e-03
1.74070689443947394e-03
4.25685053978235462e-03
1.24608653364908129e-03
-6.94263183569869720e-03
6.60527175353933186e-03
1.94574733868101905e-03
4.56145149772270008e-03
-1.03312263415072155e-03
6.29454838535374248e-03
6.00788477342639390e-03
-3.08637449140932623e-03
4.73650748769424441e-03
6.56766811820800982e-03
-1.92679780659299666e-03
-1.55535180412071199e-02
2.05756083625502307e-03
2.77976038317268937e-04
-7.63432242703239103e-04
5.25622251948254775e-03
4.34530120415510795e-03
5.90320298428321632e-03
5.06598717064980775e-03
6.58767972000964732e-03
3.23476693502739538e-03
7.93566630175399773e-03
4.44080690958527369e-03
3.34464974121174465e-03
4.61176992565848838e-04
6.37634411773768672e-03
-6.20636997774176797e-04
4.80362089469883388e-03
6.45789217957024042e-03
-1.99960743829910303e-02
3.81732636102899035e-03
1.96654321870978104e-03
1.42279478841796721e-03
4.76007867114200747e-03
2.81948400732944405e-03
-4.58649958666959307e-03
-6.58784558491229133e-02
2.38590340164758540e-03
4.78862035681690019e-03
6.36278467455946538e-03
-1.74585389323945704e-02
-2.98141080722482169e-04
3.91200661387790683e-03
4.22064971656219059e-03
5.33050372118024519e-03
7.36796408834874961e-03
7.19548835897835127e-03
-1.82921609002509045e-04
4.64253914352751821e-03
-3.49352146955866829e-03
-1.77263347534478547e-03
7.09278876057174452e-03
-6.98315801288372090e-02
3.78595548942662827e-03
1.57497816441337472e-03
3.60088864678989769e-03
5.82568866874591616e-03
7.90630001978415674e-03
1.17813602131966433e-03
4.61638128388099263e-03
4.09561358175397974e-03
1.71892376541713421e-03
5.08939767174858716e-04
8.49079454578902386e-04
4.46955455198614141e-03
2.38664369097523702e-03
-6.65610059819941088e-03
2.04349577328870107e-03
4.77430290169958155e-03
2.33879934112707832e-03
3.64626812151813348e-03
-7.53553884229228805e-04
3.45495577712276697e-04
-7.82830072928050844e-04
4.19260601623947481e-03
2.29128880115237474e-03
5.33808043220963899e-03
8.77908964855719613e-03
2.29826284670305719e-03
-4.57667560366763811e-03
6.66429961514527006e-03
6.05687296468874169e-03
9.16748707400859113e-03
4.01176920999131090e-03
-1.39417149093168900e-02
-9.05169112644963088e-03
-9.93339679106440988e-04
3.49330862751362362e-03
-2.36427355008894799e-03
-1.25855692423900000e-02
4.81314093208250887e-03
-2.69884166911920527e-02
1.19101700491499219e-03
-3.73273917514960066e-03
8.75670072426156139e-03
7.14341984935148305e-03
-1.22670591746829603e-05
2.94884091138926862e-03
2.27284606581749449e-03
4.77394366777137737e-03
4.68176591777308068e-03
3.04877954386422291e-03
3.84643539060320564e-03
5.08235470725068410e-03
5.91073554647803413e-03
-2.23755298512882169e-03
6.27000702245172209e-03
1.17476093746925344e-03
4.53042531469984109e-03
3.59885803433081762e-03
3.08688778741660367e-03
5.12059875937940882e-03
-6.67569788675734439e-04
4.12864107278000311e-03
-1.16388776342677733e-01
7.23767818319269170e-04
3.49701463730479022e-03
5.78161386422990434e-03
9.61859505773218944e-03
6.07786170400322675e-03
4.49877515443343565e-03
5.18509560986607731e-05
4.40364158425855193e-03
5.60748427917316401e-03
7.03607450398300704e-03
1.99976390702497541e-03
-7.69444990909232216e-03
3.29987366848358797e-03
2.18351276105833384e-03
4.45991224920378945e-03
1.11519305169273924e-02
3.81244445723549112e-03
7.26260098976070755e-03
6.05174221935964388e-03
-2.26418631391836012e-03
3.93421274028693101e-03
3.48310120293658871e-03
-1.36696500106155616e-03
3.48380238169536567e-03
5.13936714784002293e-03
1.46806869875321230e-03
9.37076002904206726e-04
1.97582232430523275e-03
4.75748414985032678e-03
2.73322854465950183e-03
1.72837858059500418e-03
-8.67753149307235079e-03
7.70408940466435922e-03
3.46156966522972315e-03
-1.58024214283411036e-03
1.72499782066295473e-03
-7.04327175863554977e-02
4.48314171293975449e-03
3.73436033426376634e-03
1.48418352020286714e-03
2.65377507654384172e-03
5.33803672076118511e-03
2.73806812978218172e-03
1.29695736334239833e-03
2.51523353473536446e-03
3.21732212737499673e-03
-3.91740015022952956e-02
3.73319857493993514e-03
3.67630211737844746e-03
4.33700988059883014e-03
-2.62565772182793509e-03
3.16841974209703531e-03
7.66765063397114449e-03
1.50991387292712174e-04
-1.16085231126437413e-01
-2.66936118863848838e-04
5.74037493895098502e-03
2.34920761898075627e-03
5.68428294843799798e-03
6.35737673524462005e-03
2.96426890441831665e-03
3.21680316245747484e-03
1.25937207703233291e-03
4.59245594694904832e-03
5.26454325485115754e-03
-1.87000674332999284e-03
4.52074510947759588e-03
