%%MatrixMarket matrix array real general
% Generated 01-Feb-2016
1000 1
0.6363329276073988
0.028646858124531827
0.011865578092167928
0.6398775897641187
0.6020618866588467
0.6828078984769137
0.28912984306185496
0.7558488897361222
0.49042855422204146
0.5961953058871212
0.7746596418484846
0.10693071699954437
0.3909787470138526
0.2014328776420944
0.3451817697071624
0.6021883725988031
0.6456186604755187
0.030636757792994462
0.4513920263270803
0.7347253077162694
0.2589478658301445
0.8019265884514173
0.5234098702175671
0.5739443959998813
0.12665663006653527
0.17423594577049695
0.6188696949978627
0.5045389023816647
0.6238648677014949
0.41756260149103985
0.9647139836978815
0.14787053746489942
0.8102577547580092
0.368986712693149
0.6066835438898011
0.7772322779005554
0.9885578357530811
0.6772404307723694
0.8136736846847619
0.13861905023254262
0.6351412087295396
0.665361938214452
0.8762842591860653
0.5609344389923656
0.6828847538816272
0.6599861645922951
0.347682760763663
0.6252175706833951
0.11911864172549769
0.33477966485168587
0.18661191173876013
0.269136172427473
0.42336928996668743
0.33038226140750293
0.9509212485059417
0.02529524916018633
0.2917853766438434
0.9853252561198045
0.21960841636812956
0.9256900924773013
0.33873131350840424
0.7468478472284086
0.4720836093162095
0.737691925875696
0.2661292531396051
0.5029561532069913
0.5225476007951277
0.7174789522660427
0.8103180292771295
0.9321672281392732
0.19844974322035758
0.7523276643024983
0.6625018213036744
0.30111582328516184
0.5364553715171461
0.27318887787326873
0.19757645253850442
0.495313512445942
0.7071816426567079
0.8810795340344186
0.4008224193962109
0.3956803034120182
0.3378591675007754
0.9353221257685242
0.6291168808103871
0.4544525239218513
0.07861016848482594
0.34594016172970377
0.9444274144842546
0.7222015737400329
0.6976843980632295
0.9127273861148186
0.9365448044471485
0.42599967062099764
0.42954087959577647
0.4461917288460908
0.5642296869799079
0.3121242566103124
0.43424510708130337
0.5803499213355887
0.28820477450854254
0.19138266003834348
0.6717916154664296
0.5142168515663006
0.29997876717755245
0.8528267751520138
0.26697331394954515
0.4699987200988818
0.31893382438656825
0.011056340775016826
0.2987435154049334
0.07593763079104021
0.3834386107820429
0.07405459366090783
0.721712300001689
0.6181222903158468
0.8457972803057803
0.7362329749725618
0.28325767847464345
0.1467239548923167
0.7222247285922334
0.20547272490217505
0.7704145176810444
0.5850989870122258
0.6912934107683422
0.1382733219628871
0.945597048630447
0.832402090028489
0.7928974271587246
0.5442718740162928
0.24280189593744117
0.624002282759099
0.5386957671388202
0.861879584352977
0.7118764497252212
0.6487770825297174
0.9479519454198035
0.30001601534609423
0.5166229390850079
0.8185872375260903
0.5473530727539155
0.9310483060780925
0.0407004696836768
0.1969865384394327
0.6005493520430654
0.9501990347780132
0.9929240879326169
0.041153632606672375
0.18466864415655304
0.15894104480079552
0.8060126330812907
0.9225988279273873
0.961144765946689
0.02206038738951932
0.2803292184058741
0.5763624187824969
0.7506344168910102
0.15241094082985107
0.15898126453683603
0.037793321788783585
0.4833991941922904
0.8672318004192325
0.25440161626499713
0.919902568841166
0.42891925011466303
0.7420443800746073
0.7587395457864903
0.21191033036413653
0.19991997911745996
0.21344126762115878
0.9392539149578405
0.960697898549695
0.7578581712045238
0.05789154924864337
0.2673422012691318
0.9583132694652747
0.8069768392010319
0.8222370417006017
0.11873108661347298
0.2545431427342879
0.08050007431118278
0.9145798723705487
0.3958864876998509
0.18902742510431003
0.060702165722322565
0.8729025726095423
0.9601397180381819
0.984552329626464
0.405634560604629
0.34791439404292945
0.5465225460567658
0.3114814296910893
0.8800582966191455
0.021632848560671603
0.29101371857489333
0.9025306813186809
0.13166798549414915
0.9604538003245018
0.8473894461873388
0.8261743151652177
0.8730433510638409
0.22505222927550883
0.5622595337065073
0.5340060194883143
0.8238965485015275
0.8917670931282431
0.10970087461250544
0.2315092537149286
0.3140659364429377
0.9416376004894111
0.3310766861318697
0.46374332200924795
0.3365178867837464
0.7375024304980653
0.610939056041405
0.8899180452079738
0.002657734077370355
0.9167292058025696
0.05342435436983406
0.16518064559967627
0.5673627298683175
0.8222786658847878
0.10082094745256742
0.040873860676215124
0.1915126611240936
0.04224387886461778
0.20301531612501122
0.9919969925321945
0.1789724303892526
0.7312535105733216
0.002144954952933764
0.3191711018741794
0.34949084218579896
0.3450665423179773
0.94130455627416
0.29443844035764166
0.7183817940211121
0.9986726689285388
0.727299845394098
0.33193285954768625
0.5498474844665646
0.17756170961719975
0.23290064111022768
0.13210468163441513
0.18371956900002906
0.778432761564553
0.4134688907751769
0.31929481884587285
0.1990818597454871
0.8130587946808572
0.8307677238419657
0.8787096578736984
0.4269580385474041
0.06872350484417811
0.68949087408377
0.9733698069306469
0.6131587540867158
0.5370107014171912
0.38385388077450977
0.853561316371007
0.06028602182378218
0.9712706243207794
0.5933207297552958
0.6962871252517093
0.04931119219446001
0.2200755387618758
0.8210716864485341
0.015299092446027007
0.4051334621291238
0.7641435608463156
0.2626160266753057
0.38943156163602244
0.13040578291861826
0.1442251226649085
0.8734211852901603
0.7745443867074611
0.6424925669939132
0.9530480777554322
0.5872174289461876
0.553681537313981
0.16995859457561213
0.5614786971424459
0.8817549070353452
0.9869358489695137
0.12015452572411411
0.11861396546921843
0.25916523922148427
0.43893865964610645
0.09869094841435833
0.841441394944175
0.8518766489369143
0.03749252218281507
0.2880735053841066
0.7850474781372354
0.21125948905004943
0.02045459087699575
0.01866452195851931
0.28823671388460426
0.580323534284541
0.2862308857506395
0.38124331195028005
0.2077289881498401
0.39084458244645903
0.3229239358353697
0.2732320290087942
0.9111327906057731
0.05538508288044053
0.39415855402920963
0.9936919558325761
0.12655953874115555
0.9828459672030436
0.972066207880008
0.5573404934949704
0.9838547737055938
0.03730780404536849
0.34378578726072573
0.40094197638273155
0.8911044427553594
0.34724105200600763
0.01284532505387781
0.88908068710648
0.43322442376274073
0.5475622308029544
0.09703772812953382
0.949572384911461
0.3393434681760237
0.18173345832011623
0.08526910484339134
0.4723015472458423
0.44464014310334354
0.5705741419304691
0.16626914858586805
0.8820291458828895
0.3726657548832657
0.5876106851856167
0.5586830587714744
0.6281887765536027
0.016746984500873197
0.9434728585402243
0.23434097939357246
0.40666304256472263
0.8908804472563956
0.6009027307577584
0.25682348726209225
0.6594296621872149
0.9002102460374783
0.17457731417372502
0.4623318672718617
0.22180358269936362
0.5049580503155942
0.7904694153794065
0.3657277020336911
0.9582469540898024
0.8789255952130375
0.9994206275543422
0.8310013753386947
0.8796345752210677
0.9178818765314398
0.9467147423453657
0.37899131475009296
0.966756275529693
0.42213729182968973
0.6372738572213776
0.6060123541662956
0.5664526029350077
0.35015957497583505
0.7457439645323045
0.7296865211398436
0.011475902590688314
0.6768080591212844
0.27060947670103874
0.23313025589634706
0.2761006560272026
0.10959168694616617
0.6545136099770807
0.7261200383984157
0.9458812864286157
0.0016387242741355834
0.5239720862121828
0.07929115663651976
0.17590068554563532
0.9101307298284442
0.2653212556767255
0.968980940966405
0.9684483961599537
0.7567154094948838
0.060123506318196185
0.8565735529317675
0.9712403616863461
0.9108577136938947
0.4849184661406476
0.11584247301615647
0.1567439423617496
0.084848752103033
0.11836239022119988
0.30110081566489577
0.03386084407076306
0.5413877436632588
0.9179092867736762
0.7200397950822712
0.3693911476000169
0.24284639999586966
0.3521945013461958
0.19848053670730015
0.4046728118489129
0.48093128379454275
0.22315989382308588
0.8144433373520117
0.05280995987231596
0.16032777881669813
0.7566477136325627
0.5922690236425949
0.36013233003126444
0.20015943691064186
0.9957780976474706
0.34570164915264345
0.6494055839689754
0.7056485093529272
0.3285871945256884
0.6350848179497117
0.7672532763690298
0.34005460882535266
0.17438744165804976
0.6570826165355292
0.171363209550905
0.6651875190601095
0.537280964306496
0.2710982176109218
0.1397120097297435
0.6582898437422184
0.7163399285154888
0.7512554376748153
0.909517020006849
0.5572185740425968
0.6355717707973347
0.770524692645286
0.6689572211148607
0.4407180912482489
0.17918870869462333
0.606083436048799
0.8269626564125852
0.8398156644248735
0.8274887372752917
0.20316961430122338
0.38294495476726187
0.3822917402779018
0.9956407139010439
0.4371226701283748
0.7062273541235522
0.5420607146022074
0.23605534915563986
0.2549016257736214
0.908182262343989
0.7125472620280842
0.970394155525768
0.3818475500801579
0.8474669204286127
0.2156308916745744
0.42586963811810485
0.9475865157799701
0.33833581405951585
0.502635697055626
0.5677576845675403
0.19427065085885897
0.4443559920531108
0.1751229415043476
0.7594694203518075
0.8349592560705912
0.4270237428892303
0.7522425913862891
0.673551666927084
0.897643006447465
0.767806424007758
0.4113548917155181
0.6132405253528701
0.10174927860948713
0.7854218646793198
0.4634616453161631
0.6613360951287726
0.8638652166993894
0.3368223081736792
0.99839914335926
0.09338587055682024
0.1612493360888494
0.20215282157047354
0.2013456920763954
0.4874620905638807
0.4713656255499554
0.1421569590632088
0.7357662467075803
0.22181298190545973
0.876528805789178
0.5726032346376688
0.039765434654549514
0.07971792300643687
0.10412468018083643
0.9019981457367603
0.2734057256946598
0.2009714545347019
0.6349570249245202
0.5508385482642713
0.9580593285952654
0.34311054647868766
0.22398003015011803
0.18104617173466964
0.4052302931203964
0.9091472919736017
0.6371141917205778
0.6264744094990014
0.06804925954248753
0.10601893717164756
0.1594409330081883
0.9828516521304871
0.6097143618508942
0.17134098053010316
0.8492597750280995
0.6135308111990865
0.734101107031176
0.1178882370799137
0.5370310472201589
0.28103320185812675
0.33013727196405385
0.2513244690777703
0.5993684809722688
0.6093274404239213
0.12005297506068224
0.8554090755325483
0.6215977514262152
0.3776871793400629
0.4683771632024085
0.5632995205700337
0.12577074006656064
0.0834050070941954
0.9680400497989492
0.213719705483981
0.22315289196967392
0.5456399839480868
0.5124071658470117
0.3999961981460043
0.8979678131106859
0.7467641221298482
0.13856058479898348
0.25421157764925906
0.09105855061399204
0.7595757552805418
0.697656078384278
0.43998934369784104
0.11017029047491977
0.10126419208965887
0.2199860390095716
0.887604280070972
0.7886023653245331
0.9922249563863252
0.726164875104284
0.2995093949234984
0.7806696658933514
0.007524399346516386
0.1981400293978599
0.7886291494408897
0.0697458817251535
0.8290663710942203
0.2854855079158791
0.2369733650588115
0.7817869256533123
0.05502547193736507
0.7820540639612439
0.061537177971692
0.32290830772994084
0.17698168830620875
0.10582738712251216
0.5563735281998394
0.771909749657528
0.6689952413478009
0.9208584018559045
0.9446376807888133
0.4989924111793278
0.28273346885470496
0.9568261772652871
0.9192975929391483
0.36165257101573367
0.46154267656613124
0.6976687848051284
0.6612241615494645
0.9607991195027081
0.5830560252266812
0.556029768390738
0.9435982234380726
0.6062332730009072
0.543500520899894
0.8330506226721368
0.8442455346786422
0.3916470683845936
0.8166730643001219
0.5551541534466484
0.37532295068607735
0.9395133137968641
0.6873482852969086
0.03031863244562283
0.08817467979216986
0.12499430990748128
0.23152064803673333
0.27720430655872996
0.13963858617959457
0.39092143738153506
0.15674382176123824
0.7007256515609182
0.5438231500831006
0.02102668314456113
0.46042146486910096
0.514826957933876
0.15682500471290117
0.9736546425416772
0.8975006790969067
0.04646956841237948
0.14806114840964169
0.1328602280296145
0.44057418808954374
0.7672360544799925
0.29461498062737035
0.383384849922481
0.0390766316251514
0.9878287274918691
0.6524870561273517
0.3124260652400539
0.11009925426762335
0.8329179317512825
0.88184765699777
0.871614589571956
0.22008977010547315
0.6236633036523365
0.7050836018616604
0.18666312737063295
0.4310637693717707
0.36296330927395193
0.5182193766299927
0.9918110054815943
0.3688046130830316
0.3852379748148975
0.6602928207028664
0.4563239128173344
0.5941186519860426
0.9055939795959871
0.559231316475806
0.37723451144796494
0.4915377001951393
0.15019691732849894
0.24056212231697782
0.2198341932707164
0.13313620645251234
0.8201022890527458
0.8975871986374795
0.07005389806889561
0.8779187542976614
0.5034367490872151
0.023508470005743742
0.955599066046144
0.28860450431351303
0.615779711746093
0.06660656195259262
0.27859364413334853
0.19637874149625123
0.019321479244973183
0.0657001962184034
0.5650346282802401
0.534309524629452
0.8017259166867312
0.9123318146692465
0.5731454832724063
0.643608479801622
0.09576370049302141
0.6803206534338926
0.9999083872331633
0.31616543773519656
0.587325652389173
0.9217545797781581
0.7135255729691656
0.4065166610808759
0.6500088306787719
0.5144691225153275
0.31961779578534233
0.2742987055127315
0.12502064116729872
0.8570959908136884
0.18551807966294076
0.656325040713589
0.162746108130156
0.8478311597548336
0.33438189707013843
0.24576428243398585
0.9394618911248753
0.6376446793614701
0.6334392166130158
0.42129693615655306
0.4638299166386477
0.3250320178508319
0.8753500507737153
0.08533686585049538
0.015047703752211428
0.04262624062456344
0.9784411019875621
0.5917138997450773
0.7522257474823393
0.36786850364988855
0.46519707815630773
0.9750574819856976
0.055953065352362996
0.2540922801656529
0.664056670785288
0.1488034655486452
0.015233835204054857
0.12592515361577417
0.06468372121712562
0.6234136223922409
0.7398920459148861
0.5964771829251156
0.16349319657907535
0.14735285712662471
0.1762431474708317
0.7168704561761661
0.09136193902878142
0.1863105057436092
0.5204956005013479
0.814462521301339
0.2827416597376582
0.08581553375074225
0.6792789968763953
0.28286957565795334
0.5576687320952485
0.9336647446032635
0.7287259214800872
0.16981794879230572
0.1061369464490074
0.05606970620409113
0.10571327361528238
0.16554768490448213
0.1045133871921422
0.41029281253816463
0.7103244521961807
0.8866047377022406
0.3195367956703452
0.8843552242251038
0.13541135889076217
0.8130043987042772
0.23315045507919296
0.500872354581986
0.350317051058042
0.24898355169684616
0.9043088475063787
0.7524888860537662
0.8376893406040042
0.5071554662789364
0.9356413472617202
0.385429658610164
0.9501610803637668
0.15507716032275054
0.44678755535078807
0.7431016177695651
0.04136155416518661
0.39668539616596643
0.5822033735458159
0.6926520807924785
0.18158008184950547
0.12989794929270104
0.8518288123718423
0.5213820063955235
0.8318434328014497
0.28900300304452564
0.6830027405892032
0.6283658093243984
0.3565855691173352
0.043541625806358786
0.412144007472113
0.1048368462939484
0.8153784534814152
0.463636447684858
0.45642989324142325
0.14376963120090647
0.6730064549058843
0.3384482399040132
0.9672664081503706
0.6744674827039037
0.9083551489097044
0.49794289712816076
0.5755144522751734
0.3602343274118254
0.8189793383402242
0.7417354566898267
0.011221251518775066
0.5536644889934852
0.3332446912291951
0.8344504751358441
0.5505370791064703
0.6096503927008758
0.5682973674491252
0.8584826093020728
0.6069317683120641
0.6197019007750746
0.14223155932483933
0.9651285117344173
0.6348362380737322
0.89533677968256
0.6406263135172916
0.19979676267729296
0.4277006080594774
0.3617818983426664
0.8656377103088797
0.23004332275939543
0.28267499925571715
0.21298077518922964
0.4360306337615252
0.0700628140104651
0.3546240449660565
0.01812288424591224
0.3617261335160029
0.5295345103292857
0.6095979480991183
0.13766745218942522
0.4726997090543239
0.5593645611696116
0.844438055651628
0.8089099695672659
0.23498587262034554
0.3808632761530153
0.4455911523375766
0.15555665739462743
0.8347628136021552
0.6704878373101861
0.31655328802619165
0.28559119366254815
0.8142470407535392
0.1847398464567096
0.11988023259682468
0.2244920237765866
0.3998938625320254
0.9744635111260105
0.9219491166620217
0.2429675220674805
0.6464820716013617
0.92828049061327
0.9382931856756875
0.1654846649506354
0.8135170332371888
0.958085910760921
0.20494746552565357
0.055817505258419775
0.124559363976261
0.6463656694612834
0.7354928766379747
0.1069837606409545
0.8535594859900759
0.549378216673774
0.609690993795899
0.8736132951110862
0.6634654975632404
0.5584784462584336
0.44803089868068735
0.6406596497889221
0.23243116773321493
0.5186039161255227
0.15401823636730683
0.8197846392780652
0.9235947985965407
0.07543691723193291
0.8548137244567098
0.4885174583645808
0.7844167885527968
0.8895735029836302
0.24920931258614631
0.9910965188982126
0.012032816088410003
0.9976686723233494
0.3348801710110265
0.2914544543602504
0.018588105966363067
0.29179654685928114
0.9804677650269744
0.4322991307316517
0.11252079151375449
0.7096875254809465
0.4202268030257408
0.5294919189431262
0.20829730148510905
0.5038560047024789
0.5601336541895376
0.2809757701049511
0.18027267789799306
0.7755443784212905
0.1807512528445001
0.8478470087767691
0.1315887822135604
0.051935625291744225
0.2297182000371163
0.8378179041399638
0.39783709390540256
0.22676377096519684
0.012616933456462087
0.9388688481457848
0.7497936799189204
0.7454241381234408
0.16346881466952912
0.14544018756350896
0.765804252073109
0.9667293818334732
0.5677386507828077
0.6357106974199744
0.7322335500999688
0.9321430437486842
0.7541615819606031
0.16845515999973348
0.08909739462871213
0.93381719258792
0.9401099114788072
0.3542634992910414
0.2400735179264606
0.6273473633132443
0.4152545147284259
0.32460469287402804
0.7992885261722507
0.09431812245629168
0.2333696025091705
0.3766645306485923
0.4120754070126438
0.7089653166604477
0.31133982458101594
0.22325014315988567
0.5826517303583261
0.08938512565155499
0.4599681540441394
0.2109982882708774
0.5344751634563074
0.38872450792150115
0.8190253899047315
0.9193218145619597
0.9850684047518976
0.5339685742186073
0.2941363614667527
0.2731256058545719
0.3334224555471783
0.75330247104914
0.49777584399506414
0.7477759257926753
0.5183199529389901
0.1430140763897383
0.2743296679837257
0.6619670369547841
0.6443573964317406
0.37136464408044123
0.9515770682602669
0.1513045807130582
0.19819550934490127
0.5699857785853317
0.7524947064211842
0.15342571677160755
0.6211581178570491
0.5465517063346406
0.360865842115212
0.3956621078397109
0.7888031380953033
0.16892326096579824
0.42838565984418886
0.8020458049086248
0.2253757926632478
0.3677288691041196
0.05389045852317498
0.5720311853088478
0.17734576927777645
0.8466427532297776
0.8810482515040368
0.12507653818932196
0.2694741791746498
0.23297454285394648
0.4673142792163407
0.8431398963689947
0.690095295155408
0.5909834262469751
0.6262122228264067
0.19605368878364038
0.33051811698246447
0.9675357242956999
0.25582567773322507
0.01205817612802984
0.49195073443325144
0.12388250834714865
0.11752303010079435
0.866808070284395
0.8257806190988062
0.708584493886929
0.8766332007055377
0.6429980605385042
0.6905248136890962
0.6827610542053224
0.9712731030614199
0.07042190519737868
0.24255929853309777
0.01060801185638316
0.7659601472071835
0.2511417347510483
0.9041826798146742
0.7019962712130561
0.17392214552118412
