%%MatrixMarket matrix array real general
1000 1
0.7400066636970897
-0.26939530781663273
4.104161875418549
2.6597956713283812
-5.675331835093589
0.30667880206720494
-2.8621354677222994
0.0080675583315586
-6.362888875480902
1.492457446165544
-0.49676772236361993
5.492429462629958
5.200083506404468
-1.0271230235966589
-2.6992683261632084
-0.377686586653957
-0.5905064339052909
-0.47599431739796766
-0.6384201276386168
3.7481934364904355
-2.532070661994171
-3.390818342589548
3.179012513298407
1.2456568347297106
1.5260037465007683
3.7513108292269632
-0.6908735256588664
11.56633911573379
-5.637666261486158
-7.894784168727812
7.023115285034733
2.3189722937395794
-0.5975176691126282
-3.498512773766767
-0.3341802250118458
3.287369280903561
-5.002380486912664
0.8718557286348887
2.569257460205293
0.08270875614516895
-1.798819360234318
3.736262072621909
1.7679701801852057
-0.9528660580395929
-1.1504664990587663
3.205970832366277
0.4852170403283307
-1.6436295026466101
0.7295569864566018
7.263297596776163
-1.9004445287706613
0.8724134495860676
-0.4482486086985805
-2.789085716296888
2.39644994312818
2.5805762269676737
-0.707228502858564
-2.5051346954364098
-1.4740193982228607
-4.310475241991518
-4.362179313552749
-0.9231625022297814
2.2305691763593014
2.195181560365486
-1.2347390840657708
-1.8301191071354805
2.121742497109316
4.057766816922728
-0.02406600923055048
3.8122407847584463
0.9695906974035405
2.3136088624916327
1.1133803082088816
2.362372368778927
2.836582528992192
2.249638975278233
-3.1633135029325317
-4.658486038603033
-2.2839831590430597
2.8142334171139725
0.8143531180737137
5.92660536732046
-0.3915772983385544
-0.4749202889410114
-0.5829934604272794
-0.17017241101067607
-0.4885060593903472
-0.965321927264013
2.598692569313689
-1.0558990333587834
-1.6424404220107796
-7.355668073156045
5.313954890321532
-1.8217131986463204
-1.3859417801402805
-3.9012605160342373
0.6059398825208233
1.2938809889851786
6.836263391778541
1.1022020104561212
3.5021570800175423
5.657109537504349
2.8070413258942333
-3.2961089163091235
5.474354827395349
1.6623672269240954
0.47347974610466054
1.5088617338502384
4.257899717856628
-1.743764902231362
4.4965945389668125
0.5359660779109775
-0.9944710131295329
-0.7807560666649985
1.120346036488368
-0.010492331209625835
0.9295585471311002
-2.7503978560362845
-0.7040132156334864
1.618763523730906
-2.9014654145966627
-0.5868975617646901
0.3491565536894658
6.771746374376979
-2.585186769168688
0.13511217912916756
2.184908553155015
2.1740809259561606
1.8160532587321372
0.36715523893301416
4.125913903662297
1.0432440366707936
-2.019559010165408
-3.186641459924563
3.9803889474691165
-1.4170792828208696
-0.29551693919196126
-0.03312477619978248
2.7111600087285703
6.9398923063292886
-1.3243110684056765
3.7445300583906986
1.4955134334848106
-4.436010609126894
-2.694448301697366
0.1670499165290817
0.034747603341092066
-2.298981867366714
1.5103337028030661
1.2427478313978357
2.6060753775402796
-0.6556774114423869
2.552574632706274
5.875240210240647
4.0600024910077765
-0.5644696053925867
0.47173308742875414
-0.8946091393790362
-2.5550615593803014
2.9620838131902985
2.7073504459066124
-2.1742824686960196
1.6155646097642382
1.6177156740601024
-2.068593973472916
0.45069099020111486
1.3140638045224202
3.0893920763751925
-1.0872188501943367
3.4195036107183334
0.6428591321966328
4.624372279563411
-0.630925689810268
0.6560014599823094
-2.0295899068454246
6.933041025364262
-0.8594620269896082
-2.323185186640564
1.5876774310189894
-6.600185032302633
-5.300546450129538
1.467139660970055
-2.585810896150761
-3.1866024213843698
-3.7444903557856137
3.2357215409426376
-1.611696809440308
-4.269465867108383
-1.1318675637686175
1.7991284522100264
3.5389250658331832
0.7894593784207551
2.527552698852297
2.501082092870997
-4.914144053347641
3.1801082685569435
0.1084985709590303
-0.987127926038225
0.7295694078972883
2.61483158784558
0.13760700618082358
0.4627222798399661
1.6441475504622138
-1.280802743863311
-0.2914850276920199
-5.299492330593609
1.8239874787768102
2.09507699839908
1.1253352977257671
-5.630539628888484
-3.8589109037274127
0.809018900631799
0.10750211540227159
0.8840951129773421
-0.5099270955590401
0.4128190663265037
-2.7670622362147346
1.2129123253941165
2.8584716500721625
-1.9099810199352554
0.1701415039085265
4.9137617484555305
3.5611910252594683
0.3475680896190299
0.8555416493689816
2.563092522629221
-4.7463580025306875
-2.8829539342335293
-0.22074287707911214
2.6021041208353193
1.8445473854148478
1.6621883786156968
-1.9563725802174787
-0.056420634938593325
3.417349815597102
-2.301724422073069
-1.8326503029797498
-1.4701218149032504
0.14156261670361922
-0.6826873676284678
-1.5449469052781286
0.9690230943470497
-1.0020719759555352
-0.8249062442453344
1.1344374763451006
-2.4069607988947017
-0.45480105858632436
-0.6009895728376952
-0.9717244463290878
1.0732149928320098
0.3906735838290141
-4.763537411063307
1.2022574887881938
8.288372968529423
-1.1967743005870655
0.09983168841281191
-1.648429290742707
-3.9311287927717267
1.7243029333235345
-1.3018017123349916
-1.888738028513384
-2.827569925891375
0.20252251661644075
1.3980524056936459
0.7575099229449005
1.7651311662200633
4.224272350078349
-6.541952712096575
-2.424090408723617
-1.4789077760941594
0.3926486997467555
-4.389260876369024
-3.7700144919240772
3.051429735384281
-2.6990862956869908
0.21362896996092937
-0.2777126414824618
0.1774175293973012
0.2800166951286785
0.8093430395349144
-1.7659217692756521
-3.3814268485846606
-4.867997292154353
0.8148753897251862
-1.529672173742628
-2.0635231550029065
-0.9107223190327083
3.5303055493493
1.1299036293345914
0.9113818969273342
-1.1488245301406919
1.041242649600134
0.6790822859906734
-0.8785295293724857
-0.31297703986063313
0.5797645516484988
-2.8832953696276116
-0.8492110350002169
-0.7407338425088503
-0.5513585287411226
7.170426583879983
-0.27846446741395764
-4.7453334883728235
-1.526624718303143
2.2329287242951468
0.2930024681968542
-1.810426207342788
-3.730121405820211
1.8926151800009334
2.9156829126658144
3.064659587891786
4.69549823220694
1.6319982651171476
0.8112503356919298
1.5370472076109074
1.8356902755037108
-1.2008243205249032
6.235717111897598
-4.790984801153938
3.3515229131645845
1.2116917735691193
-0.017820554587711177
-0.07485669570760263
0.990390835513469
-4.050593446681188
-1.956378388741045
-0.7984955862336023
3.9296944148767055
2.929849792969293
3.137772666647793
-3.804694235833625
0.06642634704431359
1.8548657224253595
-0.6409808024365306
-0.5465382791497257
-0.765360980289712
-0.7350392788180208
1.0168536246899469
-0.14933536974836925
1.4582076943123896
3.436475869298816
3.9295759379096307
-2.1184362189417745
-1.4097108145874941
1.3462880566851458
1.6405778490560619
-1.6562108940259763
2.2623884388017443
-2.961883826215564
3.1816687914357296
-0.9568840674746572
-2.269749164376961
-0.8549965058519985
2.6564008816526017
4.4592091982614495
-0.8670071796828379
-1.4814278830120653
-2.125150483290459
0.3474649743696608
-3.350570952068825
-0.7827296936162308
2.357518406575046
3.6519327452703387
0.42301836953251837
-6.969414822405288
0.26129905791840274
1.0134523393477495
0.7245747041240972
1.0885979116448383
1.3118789810631633
2.890167284349545
2.3610481797497895
-2.2730061601647984
0.23778074103148072
-2.0194442796912564
-1.594629294803649
-2.4492771959504527
-0.7672844157055402
4.78486219919123
-2.708832719123988
0.617163240671453
-3.5085296193145
1.6759046452513182
0.44285586177224306
1.1493226328581159
-1.385730928235146
5.994689027814521
-2.9343110926332874
5.208522372698615
-3.260860599630927
-0.09554388912205797
-1.4548134352106863
-0.5504799930062698
-3.430957486136414
-2.621119883682269
0.49413547141271513
0.8573540174257349
1.199549577210154
0.5983129296560212
0.5366651919663987
-0.2745020442857098
-1.9053588715636933
-0.3869912772685481
5.45373972851023
-0.7097658110376818
-4.64697651395539
-1.7074347587680354
0.2361576378486239
0.5256296830046799
0.04559525165676827
4.867391216766083
0.07491223891127777
5.92387781210049
3.1141820553518134
10.072362746834134
0.35044769977451623
3.3563663037719813
-3.6360612743170146
-4.797465798688759
-1.3373148004875004
-3.467482656634873
-0.6512128071264144
0.7256536175768786
-1.370789165695827
0.8652726460222082
-0.7816021510110278
-1.5059853609117297
-1.2534493220699923
-5.660334583653762
3.8578134541969424
-1.6847281719886245
-7.681899271279896
-5.8871760642931035
2.1455884312606286
1.3513987771468237
1.0899157458461513
-6.3177824658096275
2.7292098154850253
1.850348473441102
-3.344170572845692
-1.5405296243486246
-1.125963164882542
1.8121934601486709
-0.9311586745781453
-0.9187320249264186
-0.21048569262228034
-0.37648201688803146
1.3071156786014688
-6.2421654245956395
-5.635376726614395
3.017575947473834
1.8095211970105158
-2.316569439836729
2.310729022627025
1.0634073968890785
-1.1450589127550854
-3.51963374917189
-0.016010487586749327
-5.8759943143542905
0.8966082176686412
-0.9320793698084959
-0.683131890692928
4.8575684278502695
-1.8039933029913644
7.023498724190495
6.559033071589399
-0.7019685888708475
-2.2975874897260846
-1.111405301421818
4.297323060139533
-3.029567746282801
-3.2995989781040835
-4.174494695004924
-1.5877385200177152
-1.3843969345801437
0.7561591914668102
-2.386315007167338
-3.7193391566256215
1.5050788777709283
-0.09174803859063901
8.635960959606928
-0.18407142845055016
-3.3218773381149247
0.8737168359595101
-0.188038968239936
-2.1333854111536086
-4.843239001288408
0.8431758212389929
0.5857265957886534
-0.555332027314911
-1.8323451549274796
-4.5902537909398085
5.542177435545674
-0.5095228332281311
2.076960452760586
0.07126691445724304
-4.45941339819498
-0.02303168612402902
0.7839912266477782
-0.3191430442962038
2.938102832006598
1.9902660096330924
0.0016308350213255648
-3.1981441829844837
7.313749002718636
-3.72047287601479
1.0801354718683784
0.5674347055061773
4.422815726491099
-0.31769244990931933
2.673670542690129
-0.06287453707073326
-1.2095749629084724
-0.4974254163990008
2.3114237365896106
0.025778991831607496
-2.3436509671557055
-1.3030763932612062
1.7002584021677898
-7.684010503543453
-5.513583085826324
7.00955162094761
-0.8771937989864881
-1.3498972542469894
1.4336453909366
-2.8994294053346397
1.3665972471171104
-0.8736509448730518
0.6975276433200611
1.3301665837242345
-0.9641291621967103
-2.832291912166299
1.3263522805447268
-1.9611100977320017
0.10497392103588567
-0.06855076037221522
-2.862837443566908
-1.8983768063465283
3.7131770578662273
8.382139929477761
0.7465337933371365
3.5689659712373705
-0.3813543573300465
-0.6822980443615514
-0.021474831181324188
-6.1076486601664355
3.3757492501396
-0.8148489571654542
-0.26412145558675537
-4.659813405508918
2.3589448166355864
3.6585430001109636
-2.753711344809782
-2.0496595686623675
-2.1252304905922625
3.419829092053331
-1.7160523114055746
-3.9054919986490666
1.9861337529371939
-4.659950285571236
-5.7516506696135785
1.2622015433521985
2.353698645403023
-1.4777082721794799
0.4977372846900031
-0.4819084902687593
-0.20171422328322539
-1.8894102920069533
1.035622790113589
-2.785465676571261
0.49955958799361977
-0.40664298553236916
1.65175397211548
0.584476312476143
-5.12125263820233
-1.0713787508173613
0.23161806499855722
-1.7428278683556988
1.7705795556621529
-2.3542235566692793
-1.404682845264163
1.1165227479740425
0.04348180722357563
-5.7073476177254365
-4.115492190165361
1.6277776092982836
-1.5383599745941252
-3.494952800906866
-0.7916855804807387
4.238984682176169
1.9367332968217161
5.407840901952557
-3.3734647836162575
1.34005361775789
3.3937431647541487
-0.462454343528326
-2.7657054774626886
-1.9452330006762208
-1.2508139964995013
2.0814922254597463
0.5486956543164051
-1.7847544699013367
-2.06837498363298
0.18626499431061683
0.2317393831113952
0.47929459890609555
0.36015381730347823
0.3538030453431932
0.5261720630971478
-1.1811937799263525
-1.8829216374867401
-2.361079847930506
5.151053503544591
1.1954333514534354
1.0594216722219352
0.5781126895673199
-1.695441126339226
-0.7068729407336878
-1.077012427860813
-0.6334711074551687
-6.649940894471608
3.0182341505640378
5.494310059564992
1.7995918184697728
-0.892760241937835
-0.8551092663943365
-2.1608251099548736
-1.0360061592629428
2.2265894298378517
1.5908416844213173
1.0120523799837113
0.9736357148438748
0.2840925402361156
0.3923322572595758
0.9754405652766603
1.0614962473854113
-4.71065566030409
-2.7237298538886416
-3.290050679674612
2.7808355118857473
-0.21533508223820785
4.018155978977291
-3.8019536944467887
8.140014079983429
-0.8462855750574805
-5.129931201022945
-0.06244541845789124
-2.6259985946700444
0.9460246334045613
-6.93788127405405
5.193510933323084
2.8685813228186294
0.909803479658416
6.515600478172232
4.0582086502052315
-1.8414084793805248
2.2292940312230782
-3.0144025830091103
-1.733863073685382
0.2025760407523043
-0.7536353768332298
0.07767797670011287
-4.996540426068482
-2.6654282885328966
-0.3275431365887968
1.2702643860290046
1.2227972082276912
-2.2591517696106997
-1.4822324149528594
0.6772562675643611
1.4914732221016824
0.13838506731020223
-2.0886048704293363
-1.085128424111896
-4.97550865750216
2.432974986328287
2.922673182790519
-0.9285496727879352
-1.8174047716450348
-0.5401439792685087
-4.82575097875298
0.5913195991879693
-0.9757066171653324
0.9359686588649948
1.168716885220142
-8.870780753898423
4.455943999624679
-2.5624372211827295
-2.03111641748199
0.5342009872337705
-2.2597253538561395
9.027488478661764
-0.4846395665562801
-0.6693123218536562
-0.9737952645682468
-1.1952830777565573
-1.6762822977181846
1.573567743768909
7.422068136990581
9.838725426002561
-0.6702767454312167
3.2702477022573007
-0.5637159638063504
1.9571891224438405
0.6437225434875871
-0.06445268653476914
0.39237190566006475
-9.027460446947655
4.475578476636005
-3.6586217708026156
-0.2914865914727254
4.122831797699873
-1.4488917504148677
2.46455798306364
2.4219249852524953
2.4654911052376565
2.2454670420313203
-2.509730140615204
-0.26448881107633115
-0.16312815421159432
-0.6443241450015315
-4.313862142959025
1.7530071416060908
-4.634983678513384
1.3408995383919817
-1.2481363862372459
0.7396531757961189
-0.7156186236389274
-0.7978301464145658
0.5667847824503677
2.9528638657216013
6.2636498381831425
2.7881527349989024
3.62931822930451
6.33284120029023
1.1383817703138013
0.6389873849176646
7.561514257496728
-0.5959244387701673
-1.1305060666741054
2.357215921944859
0.6995804882919918
0.17147576447410798
-1.3472808988123928
7.245805806979731
-1.051215481397327
-4.932063540992351
-1.1007482527912535
2.2668226701582803
0.3600710805258808
8.246322408666703
1.7667945017975872
-2.5022840823125243
3.165754714242871
-1.9011287725204449
8.58313702639359
5.7422708511783265
-1.4188865053540318
-6.983257482617602
-2.430978037808648
-2.363107326047852
-2.4051603306921465
1.2046487771912384
-1.0251170165662573
2.162412834697675
-1.6351973625897516
-0.2704682166264088
3.6421535367660187
-2.0777487695181716
1.8092667541161942
5.673416032173889
-0.40823155136670175
-5.549108869186448
1.806289984190335
-3.744851646303162
-2.6400535996110657
1.4690181396570385
-0.6178266579540638
0.779260764197237
1.0011290535561512
2.787549079071467
-7.2523519026847
-6.324798053689724
0.3592863027393334
-5.2047176250102485
-5.495819816822339
-0.6643206434465868
4.376751191753371
1.29610612640193
-1.2717558279166503
-3.7317283106496566
-0.7928427100712683
1.8276703704696553
1.523329817785526
0.9397911506140597
-1.970204311760934
4.9284924732642565
0.0007972779160936145
0.6701857704209095
-1.0590849819782733
-1.0584926748660501
3.8243303074532635
1.1934199623990565
-0.7711670413447126
1.5551987572884345
-2.1962849047051267
1.503916947440969
-1.0204301473864363
0.2091304443174902
0.2139154510167722
4.219610885478814
-3.3545684866528034
-6.2624878280903875
0.9047062878947194
-0.8731324234104044
3.9781445971455645
1.088575988440855
3.91386427960183
0.7558230054013148
2.972425191059043
-8.866243306010668
-3.8743927033346033
-4.422044492846798
1.9500615695905308
-0.06937784469710806
-1.0978559248265458
-0.05535360377928486
-1.1337567927964076
4.045877273311045
2.9779440004080606
2.8281896444595493
1.1516333436756165
-4.642839223765545
0.9025073234053468
2.134650535652188
-2.6841790389229985
-2.5659029694436333
-0.7114514371770607
-2.86610106773358
0.6291643533387083
2.5105328708067933
2.326421212135781
0.39934654955273
-9.472915670254535
-1.7740050196444384
-3.170611012469541
-0.07749925114381861
-1.6126780854349216
5.0055285553130275
-0.39325295514790404
-2.106953857075131
-3.3790906609891764
1.2830740184654434
5.0099386322595025
-0.7720072062298549
0.023422486239110283
-2.5106343843021492
-1.9710046212462937
1.2065032633293662
0.7846270664631783
2.318181990212233
0.709562395569632
3.071899578980917
2.693058136923226
-1.409608923660596
-2.147836241850511
-1.7176738177444069
1.119255523179633
-1.5230386466217063
0.37675083825815664
0.868544082586307
3.2956061325342265
0.8129111101056964
-1.1252539156012187
1.4308865146427234
1.6570359447315395
-13.465465230051715
2.329595727044575
3.179690671107344
2.061863527247862
0.07776845918674478
1.6933806345926776
2.0371850415461803
-0.14475598062088058
-3.552083347423255
-3.0648151317934933
2.0676347496793026
1.2598402455166064
-0.11816448231472323
-0.17230922140819271
3.709171327531101
-0.2034847865861791
0.6278894246536046
1.1492511675929764
-0.9561115516367239
-0.04420287380423073
-2.7366250144408357
-0.6798145486730368
-0.8357525021094567
0.34554907271174046
0.8019872878111025
-0.4441415323211794
-4.083842728639649
-4.414623216904384
5.56454427276257
2.3776535859354184
0.3166964120476008
2.4331397497594245
1.9732537588243668
2.0053678213091075
0.019142273291370953
0.43763222711084176
2.5952694114615578
1.7494996492129735
-12.347592892232623
1.4804205672793218
-2.1411266518682988
4.675275542869431
0.5656667142012911
0.5159464287358647
-0.9118406541571805
-1.016500750776955
3.193300005534485
1.9686876307996386
-1.6241286788717484
2.281116032606812
-1.9884781785835686
-2.423351575151635
-5.205875704791098
2.317331539633194
1.454230905333426
-1.9316176894698296
-0.6707555275433054
-0.9542509194069204
-1.2350057564302603
7.489703886998026
-0.5843340618312549
-2.7336996123012645
5.250568249353177
4.332552627583116
-1.5490628235926756
-0.7060307109766583
-0.2151361726667549
0.9375919113168574
-7.155712759446572
-3.2666944413099164
-6.186937967222943
-2.5714590368657864
-0.7028479855520824
-0.4427047035428452
0.5452015856718292
1.6427148881453024
-0.9586409377966774
2.778946866338117
-0.6122363435793625
1.0262861961331313
1.0009814293744934
0.8112697060569662
2.4860380218054514
2.033637554980413
-0.6205787199376872
9.715984726457549
-0.4553279536653128
-3.1394308797321773
-0.7363869070426797
-1.2934487122450748
-0.1650936707129608
-6.017967232483331
-7.311995005703385
2.126371914425371
-2.2728338920197535
-2.2851864305893197
4.12568504156482
-1.244695112413842
4.354592950898606
2.9364432238868354
-7.599268536472801
-0.18998434088888058
-0.45963655770275563
-3.2501623724811592
-0.11193705844665938
-1.3988402748653495
-3.6263987074455617
1.2942281563013842
-0.2786120416899513
7.516084629659382
1.2424658660049248
-4.014372051354751
2.6422201975979753
-2.3033209768193164
0.0695314071841398
-2.306631699256853
-10.947272347959842
-0.30986617117815357
-2.3917852977711784
-2.479685979195289
-1.0884481728796345
-3.212638279695246
0.5800383616775593
-8.29891796462353
