%%MatrixMarket matrix array real general
1000 1
0.46740570770802053
0.1480708013596024
0.9879314037240068
0.5598742347624566
-1.4581090822301899
0.08612638533911787
-1.3608391728161924
0.022321549671747345
-1.2812944202425833
0.17297634005835333
-0.24770122697820604
1.885658722703383
1.5882538245091893
-0.7665617502755964
-1.4669583140072635
-0.4629060420287626
-0.5097761017131355
0.22364376823003607
-0.07115221304596665
0.525060322995277
-1.0220378479170042
-0.667284378675306
1.3578184023859554
-0.0994628098166292
0.7397627042547944
1.1244968853496344
-0.30863514919209084
1.8269880192328662
-1.0435950991886678
-2.0521579384676545
2.8308391242296533
0.3977705239366863
-0.5554697366654707
-0.5640477107527598
0.023198988461823243
0.6049690475197425
-2.034755061851576
0.7326680030500841
1.3322373082818346
-0.07703307636393167
-1.1049994488887163
0.9318220315144127
0.978872800035831
-0.42802448433776524
-0.6021374583444071
0.8175339273909521
0.7053823724583131
-1.4590850451510586
0.5925853974026442
1.6414822377357012
-0.9943512689977646
0.4816815824526717
-0.09313621320443413
-0.6633140674415957
0.9051120431053852
1.1986078190518803
-1.260658573019575
-0.6513657514178457
-0.36597133860973496
-1.8991904246637699
-0.8765856104917958
0.2171937785884035
0.9828225279872232
0.3643446132731956
-0.39478151585741966
-0.6468842656137865
0.9624642585926996
0.9989303121695668
-0.20772644647949945
1.376751041047762
0.7951781617723822
1.5696620021440302
0.2544846730084017
0.9081285835789145
1.1600748819534763
-0.12733891236197623
-1.3492703315929122
-1.5098273750727
-1.4299309239791598
0.3882005860172655
1.3457835203088149
2.1660893499775353
-0.14889766744815133
-0.15451031720010008
0.08022047325631478
0.29688252826864364
0.036933290536635605
-0.05271963771183548
0.4077869337577698
-0.626935770139563
-0.6768964575683832
-1.1370368461349745
3.0302054567012533
-1.888705261389938
-0.8133057994848528
-1.8952860707245551
0.13002860273133093
0.7811972492775503
1.513191995634784
0.8085585269322209
1.9738066647425143
2.186332716847127
1.4819086022368604
-2.1997202825980744
2.779259473518988
0.3329699042291339
0.5425986237268204
0.7399140833653737
0.13994806137021942
0.016133682401835773
1.7341706479430061
0.14706475125075555
0.16917606116908915
-0.06338175577591455
0.5771484348141829
-0.29892059012366534
0.7611180444821715
-0.6993748732149524
-0.24065749191195204
0.5394669335072495
0.0800663206282428
-0.4468198456960415
0.2846136565439826
2.9557259627293915
-0.560943327669827
-0.14295629189329523
0.3810696692598445
0.6232907185233224
0.6177981090464778
0.6527625200544824
1.7001977785456497
0.41662704035943793
-0.10956563774206757
-0.43634875717647537
0.7382455320329966
-1.4845959957135988
0.05795004298845183
-0.06405831109339943
0.6197421930386389
2.0766265948324163
-0.6302653975621375
1.2425550172438748
0.4406906202215828
-1.3801298372027044
-0.8157051419796542
0.21282467443162606
0.09810073890484898
-0.4825959072757092
0.7157496295715913
0.20833867034463757
1.0441056237992365
-0.25380892286008616
0.43056750223671125
2.2594415821128746
1.3980758931861121
-0.3033804675047464
0.09601739006993806
-0.5176189858627014
-0.3511421066908228
0.949348273033018
1.8119122398465186
-0.9121515325698175
0.4315298884441995
0.3634838393324771
-0.25422124327578466
0.09679255567730904
0.4677190159060874
0.4260457641890586
-0.6717674837667302
1.1311742432497613
1.1802719281617753
0.6526443676304282
-0.5553447874869617
0.33488566088179317
-0.7693314541126732
3.328001452966164
-0.9574398922562705
-1.1359833953719884
1.0394512533632045
-1.8970775020908566
-1.538646866233566
0.7816047034201444
-0.6256905037612729
-1.3441981626928283
-0.6596783972408287
0.26461198220962406
-0.42459230240670554
-1.678405602882632
-0.7984334923857584
-0.03928955580331381
1.7421606233868403
0.6532586742535549
0.7402850269751601
0.5641214312915724
-1.2407488737314696
0.7554195524465608
0.0018656739925757243
-0.494455660314821
0.7520419646135063
0.21187084841517662
0.22630275577201664
-0.08955461291395049
0.7903914224880356
-0.9165210935540682
0.23180445073579503
-2.016752687249334
0.263969144951479
1.318607342768247
1.1258393443637935
-1.0309401664567521
-1.810401279418863
0.16442459885734653
0.3077216910170274
0.6437221703129145
-0.8103271978516192
0.32890928018367216
-0.2826710894026381
0.36814191383208333
0.9964776879170911
-0.8585041073280927
0.8285488730967289
2.200201524286965
1.080783942120439
-0.19723335129225328
0.08101689400072394
1.263315369055007
-1.0942754939775403
-0.9911931250952702
-0.5081646952452051
1.4510527314319928
0.3107553783975974
0.41245666027043687
-0.8441200965749445
0.5050836268261479
1.2526485702162744
-1.0198930959593941
-0.7022299956405376
-0.7334800146032736
-0.0035015731023867675
0.604097677614167
-0.054016621978268425
0.4989318954378285
0.13820683876574674
-0.3229623852539223
0.6461889003109053
-1.473584983542699
-0.2307924182193541
-0.01686568986233732
-0.41462133625999553
0.2869737350819112
0.1326812051634418
-1.9130339225285855
0.820560192216372
1.7397544137415637
0.12489862276828671
-0.0020462077924624173
-0.44320676087379135
-1.0711752100964913
1.093746601945619
-0.2034724454859463
-1.2137471058430083
-0.7817930292574663
0.7157232478988763
0.46902443769207997
0.5473687834761016
0.39753513365135273
0.6289936381434518
-1.3501915629364727
-0.6365776796964903
-0.03528857984812615
0.02228786727621668
-1.1142105771041417
-1.2532290355407674
0.15567823186138233
-0.97331173050151
-0.018099517768218127
-0.2825968162355513
0.45333607961970707
-0.04702064415508728
0.1707600377597491
-1.0727688193572518
-0.504129403675316
-1.838971740331108
0.6593536533391221
-1.1051946433803395
-1.2126206181709336
-0.8214858680063302
1.0978381087367182
0.14029921894367195
0.6508092348935434
-0.2434584133930242
0.3878858382435468
0.5080756647762716
-0.7983647563191479
-0.24151045978833038
0.04652374067315242
-0.14360725529183535
0.4472816076263571
-0.29371042921188684
-0.8810296200673452
2.9107258568385355
0.09584378609362378
-1.3101687388838308
-0.5805847623225574
1.085140556541783
0.19330374351122417
-0.8188259720967201
-1.978995175910026
-0.5523309249871018
1.680843610198359
1.2625926954442954
0.6740544548168046
0.9550046301504149
0.295285263642624
0.03316011447705371
0.05991805104361109
-0.3056834935685928
1.8574384421414811
-0.9492788243791803
0.9456633355602996
0.5502380054546318
0.01373910333498161
0.06873582722937467
0.270126810603273
-1.2574387218618712
-0.3499864028413918
-0.05007305235800927
1.6095189240177294
1.0324041264607782
1.4489288418382973
-1.3288841904064705
-0.022191066340813095
0.5429412774157052
-0.3802653638411114
-0.2908461409483238
-0.6440003186376053
-0.21424399434086516
0.05612656263665189
-0.389628152937931
0.33213870849573046
1.1852368863443377
1.9167797198908685
-0.9743775103841643
-0.25490460193200737
0.9608820787903505
0.43951839321905417
-0.3693779940593647
0.8217548125489654
-1.8809495307143258
1.9187534713055985
-0.32456385917155983
-0.6842662471781159
-0.026026726553747825
0.60737109376375
0.9541523357395604
-0.6889885852715356
-0.2840654586882764
-0.7534463218268916
0.04225954162390186
-0.2574621459257207
0.06997769412444688
1.216451110645592
1.0835259913294146
-0.7345034923100097
-2.5704570178737636
-0.01820198770036825
-0.05339379423026623
-0.11760075574499343
0.32864707106757257
0.10834492978876128
0.8624250259592754
0.6641130697429896
-0.5575636469204623
0.0969060097144724
-0.4900461398198479
-0.2682611998345035
-1.6902868365965342
-0.10109590201142891
1.6379816195269525
-0.7104128987000954
0.5892112289157363
-1.296380973006157
0.9283221756205785
0.04849694390092962
0.6629752451491105
-0.8213550041238515
2.690072681070034
-1.693912496090934
0.6767484759462867
-1.3057839745900781
0.1747742873111227
-0.5040780505279875
-0.0817369323011235
-0.7137971698664369
-0.42319552852874204
0.14499010638758827
0.43094085033816804
0.16745774943832484
0.3306267750496335
-0.11553013481688482
-0.2567419840857932
-0.9341517084784596
-0.13259278044225778
1.7391825838769954
-0.10814938433999904
-0.6478052136996004
-1.057785829052236
0.46564735175979205
0.20887587075976968
0.3000715524618811
1.5277701004293063
-0.26150170514133364
2.199217126174287
0.8156453390971478
1.7400758522233801
0.18033751075118548
1.0990040363491844
-1.3270629193372134
-1.7412230146582244
-0.22553167976652677
-0.8161580839201061
-0.19343887309322766
-0.0646171452282561
-0.8651816076762757
0.14636751492454741
-0.5942048109606392
-0.7095596263701514
-0.34741508259819814
-1.8380131817575835
2.331199847183628
-0.19661805315227354
-2.093777195203555
-1.6447796564834982
1.2641164005311518
0.20025589212731096
0.3739945043652526
-1.8598587041473527
0.8815558227982524
1.2499817059823943
-0.9706395279882271
-0.2071633576403867
-0.7772931943251854
-0.08632764706923397
-0.4478464994762236
-0.3228131772125411
0.20292805226981886
0.316289499261299
0.9524702763664917
-1.1104093826143695
-1.6963818479259656
1.0224568564082201
0.7802710056602942
-0.9029010208308064
1.516159617258646
1.1939543635984182
-1.0876206147445775
-1.5456234032965885
0.04528677387824824
-1.6327481235483494
-0.6736973749103325
-0.600503792440155
-0.8905301358986558
1.0133972829688334
-1.137810761097811
1.193046831778201
1.629099699775489
-0.4121485944057417
-0.3114959619130495
-0.38859513439412796
1.4081704135107158
-0.8527716087091097
-1.0520383839159166
-1.8383458877334673
-0.3063920787220489
-0.5240929771138366
0.5427390394493813
-0.5283522393138729
-0.4305812429461281
0.20143615720190106
0.007458962151565137
2.73467679422977
-0.31339277768382295
-1.1284552503261205
0.3433667166838486
-0.021439002700369546
-0.7741687933906253
-1.4858270084282934
0.2680305194903963
0.4781276359642072
-0.2535458638381508
-0.8404994932864484
-0.9544049884139102
2.7335263283124007
-0.4923964100898957
1.1884863639434153
-0.47468482433248776
-1.915083494258702
0.20001064883370243
0.3646060153228724
-0.5197800668269431
0.6427841978343124
0.6177791603776052
-0.12076757944030359
-2.275545368930638
2.388116522386096
-1.7115609489457468
0.58257939727262
0.20077141963626435
1.6732572086707336
0.138151415633338
1.478154641352405
-0.14431430832958658
-0.6409361999641147
-0.020658665378705372
1.3757091360164948
-0.3989027787259236
-0.5452398716757673
-0.24016961508203355
0.15775157175503496
-1.83658753559529
-3.252045670468585
1.74544766564908
-0.14615076556008622
-0.37374708864612555
-0.16253517926179636
-0.8460608692903749
0.18430148187017428
0.2998872970646674
0.597207119297846
0.6106444962247559
-0.28836272849602923
-1.0349905378178057
1.2725259152618464
-1.0033672293115816
0.15079354816096865
0.2715112522761261
-0.9143823509225609
-1.3927576514443059
0.41796121011962656
1.6899227651521047
0.33639101456396164
1.7450527769352642
-0.45466581506274756
-0.05741686800988621
0.1688425801415916
-1.6728747667395125
1.5091449482771722
-0.6363334568575083
-0.4221982105272193
-1.7570987024859381
0.9077961484011339
0.8743393044478265
0.025416806562895425
-0.924444409131929
-0.999017408935528
0.8731982834455747
-1.0795279294585358
-1.1994815233087475
0.4126562020086465
-2.161431680110966
-1.7594302747201511
0.7897106911044689
0.4833417849771498
-0.3950844028215742
-0.13978777956931504
0.2041061223641624
-0.1360100103349361
-0.47735769984025683
0.6361085891149489
-1.0879066107607958
0.3058894286295368
-0.34936557076617625
0.7880829578299325
-0.3401400200333007
-0.8728679364825979
-0.027925052832471795
-0.37763163529745125
-0.645019586369238
0.54356788957963
-1.1653057742004926
-0.32120926761012353
0.3314706005675377
-0.07704559060179589
-1.7947910155298554
-1.131280676014764
0.3095371835020125
-0.5232442362951926
-1.3775883717312256
-0.6128030194349304
1.6219364866884556
1.0084528504124641
1.6937455617115793
-0.9398871581503141
0.4688556274933019
1.5125270192676987
-0.6636869181865881
-1.0457143855636455
-1.243958743265293
-0.8640990350207417
-0.17543814065496066
-0.5313650421153884
-1.0861126589267076
-0.6857218085955467
0.15776805388281598
0.2267884191726327
0.3719193328957914
0.4476692461147705
-0.18024819833542935
0.6693017999576153
-0.4439424035149741
-0.14963030946591935
-0.8162002727494633
1.2235998600038909
0.7518307981904477
0.4594078398940273
0.23337919298487664
-0.43486819458860054
-0.4813515997995102
-0.6841286056412416
-0.03046659377087366
-1.2463537145833248
0.6326135285292751
1.4213251920538863
0.9362808349262637
-0.6182618574802909
-0.5623279635192845
-1.631598173626872
-0.36290530349672595
1.0260023174459039
0.5466738421551646
0.47749645782784716
-0.5789286038991445
-0.04723196163625172
0.13526281552137437
0.7582253105028752
0.545533833954207
-1.1262233681635045
-1.2263444064032147
-1.5963390366889234
0.3979828136619185
-0.16292361857307422
1.2039967269595104
-1.4567721937808569
2.1769444311106554
-0.41360542657684846
-1.4814064808146516
0.2706184513558057
-1.0678012054820212
0.3081853086806087
-1.883698344448809
1.8878594463748317
0.9013555846630822
0.17867570096644192
1.8757175975961804
1.7021088406980387
-0.8059447286244238
1.9089160637344014
-1.1338308742228098
-0.07884579392788454
0.05430183793500164
-0.35149742742459034
-0.14262554448748652
-0.9718607618396612
-0.7369794108198262
-0.0933097991223014
1.022912600750349
0.0745955166681162
-0.9736518060410171
-0.9151975652985653
0.6873527370983017
0.32517970769428517
0.0177616377724032
-0.9336786823649087
-0.8546904187287271
-0.7003503493809956
1.0864105297016982
-0.500844377075346
-0.13856275314700417
-1.256728988478137
-0.313160236560823
-1.3094581938945393
0.3735833532633104
-0.4004939179162749
0.20592877043637878
0.894547628853753
-2.3965114875699247
0.9918050748155788
-1.4203545882591808
-1.288204958057852
-0.09096174112741123
-0.69235369416284
2.4693983332451515
-0.06736531024188629
-0.4104444907229565
-0.3891993491440225
-0.8297531205863384
-0.5020018320504677
0.5701669067502216
2.596635999625554
1.4983709729398624
0.3841362365699762
0.7748379613752195
-0.15728170413619175
1.230681165674391
0.05743766715180579
-0.09114993998848137
0.4421443423258963
-3.003275896697513
0.8570556370101847
-0.9947523911704351
0.169676177445672
0.680745275212652
-0.9787167004362042
1.0441183987520777
1.2102206116042917
2.1428372236715036
0.7028861346477352
-0.7317341910233565
-0.18746087523515112
-0.25145067247134556
-0.7384954071482402
-1.4459310363664695
0.4172896678000743
-0.9656986482244588
0.6889775689741319
-0.4263943041587005
0.29062844676172767
-0.09892860281449506
-0.2160134618016587
0.5570530659210625
0.7410583629146322
1.7729417834504058
1.5713104527041903
1.6099572474660475
1.0176111828886805
0.801349950439399
-0.19040961078909843
1.2435667853750345
-0.40866443549080017
-0.6925533006735315
0.9821986429171956
-0.04541691625262656
0.18341332036319857
-0.543526554472237
1.7289241781029
-0.8675137127950036
-1.126570361285764
-0.778537327101268
0.7930071055242264
0.17022499525900345
1.49675822895149
0.6430251913983765
-1.384998862863449
0.4937167762801133
-0.18112856686385057
1.6627434600716386
1.386447612554227
-0.664754794232569
-1.9066878012614432
-1.0730519996102552
-1.3155898713695808
-0.960889008900038
0.3550689551584417
-0.8101597564999298
1.4262318944220467
-0.9112264263078181
-0.029433176878573778
1.430517283337297
-2.0126449319148536
1.3394946850668064
0.8314303930918915
-0.30764596511306097
-0.918094090382833
0.7881907596885787
-0.21223295068021975
-0.8156449138926921
0.35869852019352877
-0.4953857320999314
0.5582612182005819
0.7678780863548994
0.5163264474664143
-2.6115894793817227
-1.6874268592953907
-0.38411935474004616
-1.244348134406582
-1.8613043610660316
-0.16169471753202933
1.1570340237698955
0.9090743923543506
-0.7023333315743752
-1.3093198803892347
-0.49458481005548127
0.8878247734485203
0.29961500265395113
0.5968070375639398
-0.5227587807462808
1.3026885507454575
0.12318777065650231
0.8450589012154089
-0.6057120139225566
-0.06406583196532692
1.6112889254491045
0.6802453070890098
-0.6694858877577381
0.05232495575298449
-0.8419981901438007
1.1375553608308684
-0.0894816857740918
0.12809317583137722
-0.2725482655752478
2.3493561757173973
-1.8562443435719853
-2.000648451552094
0.18669775977241718
-0.63583868370032
1.230522380283989
0.5639286675085634
0.9014794380816263
0.02923447650122299
1.7329530519696863
-1.6548688988746094
-1.849164331425545
-0.7654857560185031
0.5129360305642141
0.16169353033282913
-0.04028635859772388
0.03856411525294565
-0.6418305264252603
1.1971556934321932
0.9596716035098917
1.708620889290043
0.6918903985930666
-2.1260722889284347
0.686264787297311
0.3830051767531889
-1.2566727982346453
-1.2544172625986885
-0.1431991054523394
-0.7738529595883035
0.33936260613775215
0.4436584573384309
1.7158206080396878
-0.11496789561106786
-2.634592521166493
-0.3610323465479475
-0.7119146953539053
-0.07780783127284419
-1.096290893100014
2.0809351884908875
-0.06368200958465292
0.0660153268762062
-0.08698042635715128
0.7838123202283317
1.9235365234681636
-0.5812613641996622
-0.03435889728781946
-1.8198059016261823
-0.21776884476021607
0.20354638939074568
-0.12970517756404765
0.9630960612378209
0.04498930806485725
1.669684303558405
0.648842608605412
-0.17195993623944747
-1.4295675765138647
-0.6224535604312299
0.7008986870238336
-0.6984680686504153
0.16958903776018863
0.3252351988400874
1.3588795575418737
0.36503005644860975
0.08929743301710229
0.0906638649001814
0.5156760260246418
-2.3148804741408204
0.5207607555582504
1.6869553264692305
0.7526562735656797
-0.20552967465918434
1.3594515178319129
0.7769009807569607
-0.002114258335913416
-1.6758270851066686
-1.1571454674247905
0.6498543012863223
0.908148210593791
-0.544063301351595
-0.08669409753850212
2.4345100838060683
-0.045934780384042403
0.3986450555372166
0.4989446663261956
-0.24783463592743218
0.13843826399380385
-1.24906488557854
-0.5113758678039552
-0.14261107784787905
0.3727563469700744
0.10100409121009397
0.0017896163423949262
-1.4568391063754815
-2.062973508811505
1.4160374760774483
1.0913269601678262
-0.4298500085574696
0.6980014797055039
1.6974345574349314
1.6085304168615517
0.4082489927266759
0.2835291048143397
1.2676507268908752
1.0764881379541258
-2.9466713642896076
0.4933632434625014
-1.1727380120941608
1.5601076504556104
0.4099749154512604
0.21082648129143167
-0.5102586277207045
-0.635069551035685
0.5851511599403335
0.8298937270123639
-1.5787029200720333
0.2500024019284248
-0.7204166524559069
-1.3633183824845996
-2.3719305810514935
1.2539925773094613
0.7769544244473099
-1.069223534703992
0.06108207010300834
-0.027766881038678987
-0.19186098485387
1.9001637965370415
-0.11566533275582169
-0.4927702653212002
0.6525864265417782
0.5521729573907792
-0.43425007759736245
-0.11953403695666294
-0.07711580622122373
0.4991541609209504
-2.405323742156746
-0.08254412059503734
-2.458905321371492
-0.8010155087506926
-0.8442158208104135
-0.5917779337461785
0.42630446651180925
0.9028924433761533
-0.3257645507060547
1.0496852188217314
-0.1629902988672592
-0.008626659249786598
0.6166872207980183
0.20833940125126818
1.1873741458933398
0.84398294745623
-0.21074084668639914
1.5505417614893764
-0.2848134975492624
-1.6058429426307872
0.2973318198159411
0.21847292973030163
0.2718314367978139
-1.4233572895448354
-2.865367375113372
0.4365422280594164
-0.6709503502871785
-1.0437950576119355
0.5919952973135924
-0.20300159554235472
1.6075417644901202
1.111876817447028
-2.1578787548669713
-0.12806682722163204
-0.3164720238051673
-0.9174806409286813
0.06838834622698424
0.23359314623191624
-1.7503765516202587
1.4307598774528305
-0.1706147955808066
1.5990770064009794
0.7284836689883174
-1.1354312684025423
1.151459539173567
-0.9545287450243096
0.04294579386547637
-0.9642683117449972
-1.7396444391585524
-0.572959296788514
-0.6674316903012487
-0.9618596056694001
-0.5410742937154424
-1.1462871569789166
0.6052437549739316
-1.8937002840022163
