%%MatrixMarket matrix array real general
% Generated 01-Feb-2016
1000 1
-2.6267872087782189
-2.8069721105540975
4.7953742043093666
0.0184621545572128
0.0484532048220065
-3.8188247284008305
-2.4777929566231522
-4.0384253435947119
3.7841703411117988
1.8737725945533124
2.4039611022006535
-1.0625023003958645
-1.5933566757446882
1.8066742861674512
-2.8214168119344007
4.8917487682270577
-4.8378109558661517
3.9181728609456554
-0.9469947851947486
0.8245975830706753
3.5367145149673873
2.8792874318916759
-1.0882189386003738
2.0864430196054484
2.2478452638014437
3.4732957642866746
4.5739444855479263
2.9474465399735825
0.8942703464507451
-3.2567049787643851
-4.0734306858263123
3.2674831376725266
-1.0636770893184826
-4.2780564861735595
-1.7140547077702610
3.9847761201601362
-3.0968812145743896
0.8081523356065867
4.9463507765654242
-4.3127108781192032
-2.3180750698401011
2.3503118741094653
-0.3752131785150681
1.0885682544152109
-0.8430138443796958
1.8033700142071440
0.9803170226422686
-0.6808248002458478
0.7215428704961868
-4.9666777672090925
-4.8562272218317855
-0.7417426145364264
2.9126096646825825
-0.9444461557755462
-3.6552995995875914
0.1604549284840262
-2.4711503961454846
-4.0813551186962780
-1.8920985361990046
3.4231199503052610
-2.3380600974606631
-0.9655292173687041
1.6906030879777867
1.5982628132208543
-0.2435857035422628
4.9765483802075261
0.5830389287243776
1.6595330865399605
0.7847007111574988
0.5293897052898022
2.3468222084207566
3.4666256413173979
-2.1202984252573449
-3.0283909700943115
-0.4448061042673912
2.0366877350195720
3.7749790441128326
-4.4644890862817359
-3.6441370698828890
-0.5034780900475933
-4.4311668534908293
-3.5003642870580611
3.7547792954159807
3.4814428111917541
0.5551895571663923
-4.9005203088282236
-1.3581022649808334
3.0840391610209084
-3.9818754275245012
1.7497992034767751
1.5071591066695555
-1.3199355249851641
-4.2157300185485420
-1.8022378100092702
-4.7216727117643096
0.5406842779091947
-1.8256894344583570
0.8613662169600678
-2.7997826402074577
3.9590112813557554
-3.6092440824067431
4.5470395728699122
2.4256369180165405
-0.7295425030074748
-3.4813514018810126
-3.0191691909074638
-3.6928547726445156
-4.7063723624247924
-2.4836582771892002
-2.3369918425274046
-0.2098504524723860
-1.9148251306800290
-0.8373561295854653
-1.4550711570564057
-3.4333823194882749
4.7178334275809277
-1.3555914658846295
0.2085154155308921
2.8018725839452232
-0.3374668887525178
-3.0416853856489459
-0.6909683093852215
3.3425975862623183
-2.2574154041974874
2.5067938806055090
3.6209248744980083
3.2832688783683208
-4.3188955538528484
-0.5177089085419240
-4.5165137664957502
4.6401157275029075
0.8730470090513331
-4.9694741982824517
2.0657526408628337
-4.8564954986127535
-3.4508256001634638
4.0465834546119828
-3.5493502712572695
-3.1571979625882571
-3.4370748272338303
-0.8863421091280610
1.6329515895959701
-0.3518999532572459
3.2763017612864740
-4.8221195721170487
1.2147177272544796
2.9941351888674008
-1.1777110380016786
-3.5767668618712420
0.7960077681560107
3.4848220732458035
-1.6184522428635750
-4.8949605458858239
1.8274196595081216
1.1241323529389369
2.6118333393762971
0.4483445293495170
-0.5925987733493554
3.2929377855234487
4.9306356208075925
-0.1091125351884925
2.9330535083697429
0.8036826298589272
-0.0785867334709439
-0.0011938554240359
0.9471871312461733
1.4705876710222043
-0.9546104054686660
2.3978368646455173
3.3133897084339470
0.6083147719541171
-3.4885052491391564
-0.0536587066266958
-4.7435851859597422
4.7877965121473167
0.1242217212562546
1.4711325412947374
2.7819316963581056
3.9465106879111902
2.8943656794234949
-1.4220605354858846
2.4313327565003808
-3.7240865680966930
-1.3170210813717080
-0.7412475886481107
2.4000457894988569
-3.7051877466520238
4.7070969453580203
-3.1925529885071113
4.5877500388714250
4.6377325615090008
1.6983344763043962
2.5208035425845554
0.4414151867113147
-3.3802522571665476
-2.4803903128394813
-3.6113976820425120
3.0903354138556569
1.5649992816918523
3.7864391826030053
1.4037251176329912
-2.8266859510106435
-4.7020660711927649
-3.6499335889937043
-2.5702711369703857
-4.9142695637020601
1.4742881322625501
3.9008614043243517
2.8676621373126574
0.4207988155171272
1.7952270837478468
-3.5543984028298405
-2.1478684279824929
3.0711405156511540
0.1285805157984521
2.1108839833693969
0.4711863004933980
1.4233927738030405
1.8179809240708034
2.2786333166428996
1.0111428080178531
1.4557134855798037
-1.0230322117093171
-1.4680536493975920
-3.1028713323654937
0.5967155311241357
1.0515560377629274
-1.7142690144080057
-1.3129490596768205
-2.3834446852018329
-2.9278298364616138
-4.9092239420438304
-0.2101306315558638
-2.6298959076543782
-3.5591575310375347
2.2195982314737508
-2.5441654666998259
2.9151306012250155
1.1204596357981023
-4.6765033340437814
-1.6640705832578573
-2.0843132851106643
-3.2309017368736219
1.1880609887596505
-4.0131727741161232
1.8976787789248295
-1.7010550325275653
1.4580135310338871
-1.6789284519287424
-4.8830741084567615
-1.2633531569798255
4.3322143607457235
1.5726393771230429
2.7136146313108567
-2.1358392933084813
3.4697680447575485
-1.6896698375650077
3.9157167444544463
-3.2445009696504568
1.9973811027581712
-3.4677279454040004
-1.1723308061120707
2.0881571607143421
1.3221414230401352
1.1977732908901639
3.5289996296768078
-1.4582603454861136
3.6536078241903369
1.4441302309018234
4.6621992903119880
3.9771044901465560
4.7800596476439665
-2.4221139994552887
-4.2537972513836797
0.9681206317470037
-1.4352867735714125
2.6438815275411498
4.2670655992194382
-4.9772732471941374
-4.0350469243875926
4.3839914907626767
-1.2406264041739639
-4.7028325682984820
0.9566308632291065
-3.5270117728631067
-1.8386718616069631
-0.5736010920133444
-0.2166816104281144
-2.9229551218091299
1.1818979383361983
-3.2193005123265555
-1.3906830672131310
-4.9904328724324856
3.8688566530443991
4.9314583604836182
1.2073404184576775
2.3978562780645940
-1.5268019896591090
-0.1390517620085979
-1.1580134956901955
-1.8646027040037338
-1.1619472765186556
-1.3779538527028419
0.7132832965409774
-0.4157445279023353
4.5901667790441616
4.2779965229695645
-2.7718630003611850
3.8572323782636007
4.3007232804320399
-1.8069099247487774
3.2412238643696645
-1.9399031283985373
-1.5097424930472592
-0.8021452724012290
-0.4669149012616441
1.6515856453457778
3.6242536355854260
4.3164034883102422
3.7286305235366477
-0.1938484307349886
-3.9028970240163137
-2.6620525483330959
-0.1842813031674739
4.9659596290280845
-2.7305941925060906
-3.9769408847097965
2.3638159024360661
0.7426038178348005
0.8840073532816062
-3.7941975932541294
3.8780011138310666
4.7220600814195635
-0.1721514459569712
-0.4087155942845694
-0.6936844511393853
-0.5819846669128093
-1.1307190713150050
1.5344525484994298
-1.7247522933058219
-1.8299957955395785
4.7275426237506526
-3.4835284335927708
1.2301010760618847
-1.7821998739532197
0.7143262940060002
-4.2368138251997598
4.8693857713925581
-0.6614200750651861
-4.9204103415461304
3.5980162902725930
4.1447314941998243
-3.8233073655624445
-4.0640362580605025
-1.0395498089676491
-3.8573477411909716
-1.7946304505665926
-0.0164906936774450
3.5064681659017074
3.9479733719248200
-4.1324833450524521
4.7122705726475793
2.8259744810992737
-4.4104232682895024
-0.4598808779660057
-2.5827411131852962
-0.1041077147722747
3.9581344551211850
1.2865398154996988
-3.5696551709294577
-2.7666178428412502
4.4565440199601198
-3.8421125471788056
-1.2501462717774077
0.6866450913653921
-0.6243124211320245
4.4641800222285930
1.4498312661656321
-0.7549266497394658
-1.1972400528365934
1.5294209292761152
-2.1569103641234855
-2.0525085632933808
2.7061135637136702
-1.2209466221839871
1.9079416277389705
3.8487658271793110
1.9844229319060325
-3.1085490705950880
2.3552339884244065
0.9323962991742396
-2.2410324109909272
2.0675045564153716
-1.2416292243830995
-1.6514556792804296
-3.3923763262072471
1.1756296624316043
3.2444366059472953
-4.4342418710860620
-2.5378305267253101
4.6747814396744500
-2.2008597139273118
-3.0812865114218022
-4.1673311121609675
1.5489940142952807
2.6053585846002028
0.2083564667070081
1.0131740365238739
-0.9448101538907783
4.4534298169675424
4.8159339836872803
-4.4153892292712769
-2.7034805471559431
-2.2365745842627134
3.2907243390990071
1.0755728306600698
4.6713670481328693
2.1394901616217057
-1.9400042420905106
-3.4371820271188316
-0.5052758546105007
3.9923920570837304
-0.6782144381097588
-3.4377713028517420
-2.2492371672993698
2.6703298872664250
-1.8301476290589886
3.9263924951322338
0.9147664885571072
-1.2643895001450507
-3.6114380315930763
0.5895479235749446
1.5347507905842506
-1.6927245430148785
1.4222168114139777
-1.9162551997770811
-4.0873659630712895
-3.3694267218790142
4.0969188367467924
-0.0321761123054548
-3.9159969095680847
3.9128528157774598
0.5524346584232687
-1.6194774567240278
-3.3237217684852527
-1.1568410071343376
4.4560953785926554
-3.6523547250089954
-4.0173508501692448
-2.4839088681544688
-2.0895367521278265
0.4773732952202547
-3.4915168110707384
2.2322488144190276
2.0396019923685129
-0.7407539783701084
-0.0974213029711607
-4.7905456366904762
-1.8143614878944874
-4.1826548190706667
-1.0549351368355264
-0.4257995194875636
1.4068931091608916
-4.5201843509078889
2.8814759421541716
-2.1708900840817442
-1.4364395460283568
3.7941099790828812
-0.5403168059607583
-2.3395207139381768
-1.2380661378791862
0.5436862891277705
-3.4266678981607166
4.3143685252006945
3.9242088324037416
-1.7503896666459688
-1.8424724865902553
3.3803042063397837
-0.4027443916549645
-0.8598233321028870
-4.1036046618146846
2.5077188562172092
4.6175499631173675
-2.5951214728854231
-0.2600323340203764
1.6571519554858805
1.6641245487444678
4.6425463630084627
1.8666063187954041
4.8497630608499804
-4.5401084560622031
-4.1883288226967350
-0.5760364586375821
1.8667846530986876
-3.7085131689480102
-2.6945605211400241
4.6958945690169438
-0.1449527149763669
-3.9004505467137558
-0.8444222369438142
2.5155265710854557
-0.1385166799363291
4.6992640521839562
4.0888586729247400
-0.8241481593922473
3.6234728799310858
-2.6615309983778426
2.3333793540174974
2.0037770862708690
1.9357246099671932
-3.5264439827420024
2.9001724244561844
-0.5565565338155981
-3.9088940196246345
-4.6949490530858515
4.1834111321640250
2.7482579358612460
1.9691754956586172
3.8259574951724886
-0.3851357499999625
1.8189385518519852
4.2858490391102846
0.4265354273033028
-3.7570979114422096
1.1526336875523602
1.7180222583552929
-1.4516584325822341
0.8485282519126913
-3.4269304612776876
-0.3521089746393768
-4.9958939896877368
4.0885961144643819
4.5093743454242938
4.7033700624962194
3.1774547827325081
-1.3147738186245661
3.3268429424273052
-4.4840762156453344
-3.9813944692636816
0.3306200240415613
2.4516483943218592
-2.5078384473490711
-1.7692075561588667
-3.1049081441503521
-1.4167324669737051
-1.4641566092447178
-3.9214970119863271
-3.6684745357690729
-4.4949811182427135
4.9044604831861616
0.9463897142309652
2.3239574336092716
4.1903095176398333
-3.6270748631223455
3.5668595268236745
0.3429432005355804
3.0909473998895596
-2.8847989104151717
-3.8085285522083416
4.6640169386118728
1.7630921149454504
-3.8044225372394651
3.7526130484196418
1.2724664557131316
-4.1010524793998577
1.9300678311521502
4.9576926370885657
4.2257904630274465
2.4459916155068164
-4.0237018321751163
-0.4435895175876048
-0.1023599948279375
-1.5315402795241866
2.7872029262535292
1.7927318656783231
2.0517272535021078
-3.6769536876478015
2.8712348536919965
3.3832527177330354
-3.1719348058905150
2.7756953322215452
-0.6703575726926131
4.1520226323753704
1.9660048452047652
0.7025675641850415
2.7188821545424324
-2.6910519589162671
-1.2064850405820109
4.8340832441272594
-1.4995805111246092
-1.5424681019701381
1.5971753590727111
-0.3040030483640743
-2.7898550582071091
-2.1303581898707700
0.5949444768926804
4.1402127729450413
-2.1726655527822047
-0.1792650647364857
1.5862043837952444
-1.1963673849573209
4.3771454223325224
-3.5161556110326924
2.2720923355184928
2.1643483439294373
3.2765762546456312
-0.6761804156360124
3.4873946609382491
1.1478111036810146
-2.2929277025595902
-4.6845401496088783
-1.0764935687540533
2.0367147247477968
4.4674824827664921
-4.1104887282059011
-2.2607177157237741
2.1863646326523112
-1.8015406871221684
1.5327972483508279
2.0204478767795706
1.6988788017532219
4.9903291463806898
-1.3823767688043309
-3.6051242466108526
-2.7995259164830322
1.4872650413248989
1.9898202302818280
-3.6593131435379913
4.3145994885426937
-3.1894448391112706
2.9268912402572536
-1.8817679010712389
-3.8122994214353612
4.4107356292245612
-4.6096755702093599
3.3520489271506895
2.6873118792135786
-0.2858559858453719
1.8394435834323264
-1.1648770217620197
2.4212163115950380
2.1549034338234474
2.7586294094839268
-0.5420689683137780
1.6223859165899390
3.6481406812780257
2.1972133206190603
-1.1912494554143627
-3.1534000105007554
-1.2699894356867247
-4.1708015832914045
3.5454787959090805
-1.2796602939626482
-0.5531783520957356
4.9403545492982284
0.9208137895543189
-4.0659133107708358
1.9301747749234432
2.2615006460163278
-4.7513138268847550
3.7407299358121726
0.1883918862735812
-1.6330817232993811
4.9284305190334248
-0.4008724891584703
-1.2427572935087405
3.2804794415275005
-2.7135606099448917
3.4713867253024997
0.1199230203032131
1.1215623682930886
0.8926030322409251
-2.7251735505299521
-1.1198082222229839
-4.6494659360728532
3.8972123660599864
-2.4716675456015706
2.5477473845462075
-2.2940370893543758
-0.6250675514457132
-3.7222420557971310
-1.4648386726457807
-2.0795887601932455
-0.0019023497597792
2.9819829799150965
-2.1392342155516308
-4.0810885648620729
3.9160696691442611
4.7909405593718120
3.1804120858108686
4.1647558422595052
3.5316704905273721
-1.6311960325721631
-2.4683258856964887
3.4601010049041836
2.9679314782693664
1.2889168254513839
1.7405804417750703
-4.7456291363321377
-0.2396964539027291
-3.1394965425783283
1.3759332366175636
-4.3470934263184171
-0.8646700884516678
-4.7438749902620332
-3.9965593623912703
-1.9674577270482936
-2.2155425358636038
3.5511880221549363
0.7385051835973311
2.1593899126906835
4.8289459663578063
4.2736665156081628
-4.9201988521591753
-0.1729563880585860
2.2556494908666469
-2.0594330677108061
0.7459550517359537
1.1717191553542949
-2.2684925129956062
-1.0736328671097910
0.3364749929571875
-3.7368220224682345
2.2951711003180462
2.8681491119173117
4.7232789824359491
0.2631025739307991
-0.8429340672879171
1.4638594242110192
0.5174734422552740
3.9173694788093538
3.3243628816326911
-3.1065933257837752
4.5702760524909367
-2.5403072114755898
-2.8504683160458075
-4.4262833099003345
0.4922350661327290
-0.0660108519094116
4.1249047122546028
-3.7692597549265527
-2.9066209392187279
3.9538506786124081
-4.4955932439750033
-2.8268197913779036
-1.2191057141027906
2.7600562468916436
0.1137471455679029
4.5268493376331627
-1.0682246024106745
2.8452546325722960
-1.5467835341332403
4.2682503952031254
4.1084326101040620
-4.2516124384718070
2.1363995024638252
3.8317115925400103
1.0114901401156051
-3.7065345694807048
0.2955710120944166
-3.4710364222857337
-4.7891650953279647
-1.3800661109295049
-1.5776297480695090
4.7811109571629720
1.0796266822515177
0.5719019358846833
-4.6451723573939745
-3.4281382562723657
-4.4941089206813416
4.4797323595172411
-2.1973980111989184
-2.4007298599000695
3.4335830334730364
-1.6929912505173084
-0.2275496466213600
-2.7855226852863666
-3.9329350082822772
4.8861974989465429
-3.2586733476532039
-0.0011596060363389
2.7314521268622260
0.1945431182135560
-0.7329092154898259
1.8398847369662885
0.9429306843983620
-3.5965097176826140
0.6715963248496859
-3.0455791801426462
-2.3030442871633197
-4.0328326677125101
-1.5166156024283799
-2.0922093824912835
-0.4128987786420152
1.9057546495021105
-2.3110984299849244
-4.3332721010471094
-2.5223434192698186
-1.9562707827222865
-2.7614103573194755
-2.0164523399511598
-2.4765384278616582
0.0411916361382192
0.5828178048053845
-4.0429553990452343
3.3482003856209106
-4.6447318464725900
-1.8284780843316013
4.4152653773386339
-4.7585343521826591
-0.0871514319848044
-0.5858942333543182
2.9729177746795665
-4.8926083137712482
3.6811965511558564
-0.1871974930107584
1.0503223706271136
-4.9153131711833709
-4.5156011728176857
3.0047431904844677
-2.2183574583466896
-3.5484338405301949
-3.5118724166005255
0.6894331591620262
1.0386673854844031
3.3938822329015848
3.3783347338337144
1.7053952844372933
-4.1284611910248454
-3.5779360535451845
3.9439849317744304
-1.1449135309760057
-1.0544744814068423
-1.0148234367439635
4.4379042738293784
-0.0974298804520768
-2.6666230557796657
4.7931724273567884
3.0740920352163226
-3.2513576830976443
-4.9653619294824827
-2.0130593967684822
1.1627480882046504
3.0075558498536958
-1.9056677105397302
-0.1560553652961066
-2.1796416478136749
4.1446546600873830
-0.0713685318228641
-1.6952428159747472
2.1493978459152387
2.7102740098304459
-0.2436766565049425
3.6375254293147128
-1.6002928310075277
-4.2050092756771527
2.0314076575596851
-3.2219581018304257
2.5003860134167533
2.9029464665348392
-1.7998941553756103
1.4443709405345706
-3.2419670690977793
2.1456313632175474
-4.5704525008660060
-3.8040627952684010
-2.9517985218911424
-2.2370755566456708
-4.0108903725682250
-4.8777064913314332
-0.4884332397433150
-3.9762522973940948
-1.8907658880999150
-4.3256851561952780
4.0313035524596010
1.2035664013603542
0.5182594831652287
-3.1483381000106867
0.3482210567911248
-4.5531090533142491
0.1564190840145663
-2.5023811019502498
3.1571649565161977
4.9127424321662367
-3.8648556772921494
-3.4431278791479429
-4.2922668481675288
3.1665519802675357
-1.6650859809783687
3.2081191652492249
1.0694984421457621
1.5350198636460211
-0.3475098988728176
2.8275313777045961
-1.3193487777930446
0.0820376002611767
4.0234685824361947
0.7288527003158130
2.8449620436155065
-4.9874217947886432
0.8511462136409931
-2.6434711961278090
-3.9636740921827380
3.9603803255410774
-1.9691563523230871
-4.9323705443797490
0.1639467269014316
3.5491031308421417
-3.0807086397338237
-4.4878322209640551
3.9959940775278922
2.0757104442807428
-1.9902133182576920
2.1531590340440898
1.9884528717903671
-0.8550689955498414
3.7100311548961473
2.6961860282794503
-2.6885170152823057
-2.9550548260822218
0.9043051888720621
3.3809814268634564
3.5799650375637992
-4.4432047100007557
1.2085127999114398
-2.7393837402292451
0.6388328902604212
0.2319813776910218
2.9894689600865676
-1.5162050661240727
0.2445595875589923
-1.1593848309290522
0.8403237377481176
1.2808854953762538
-2.1990045053879754
3.8711673854250304
1.3485149556531173
2.9649422215134571
2.4202705162671725
3.2678063159192936
3.4771100005494016
1.4162645891384518
0.3435167555434238
-3.5131033223649033
-1.4305763814740702
-2.6680303726662089
0.6318276867418682
-2.7205452265779231
-4.9718443490433710
2.9433106714595625
-0.6756000526601447
0.9324608398286904
1.3242920936664060
-2.0956350197529581
1.4892561298279350
-2.4671951064221536
0.1649812400177963
-2.8719109799116440
2.7647862712688678
-1.8455497998956356
0.6118839539642840
-1.9906541458287530
1.9950653691753117
-3.5477923129442113
4.2902313542041135
4.7960608637873374
-4.6766249321757929
0.6387463052006193
2.7610030806441808
2.7436455840913787
-1.0934473835366998
1.2381130811935814
-0.8400898267701684
4.2500693720067240
2.7250097588286781
2.7293337917557614
-3.4179610053160978
-1.6431625590860670
-4.9912114394787750
-3.3898053543594693
-3.6998518922831169
-0.6668114921389201
2.5426554901258349
2.6244402060399019
2.2375534927647345
-0.9680883847028426
-4.8427549050388645
-2.5974652718740820
1.1600006353855141
2.9220313662300033
0.5569849282302819
-3.2281154153068159
-4.0686227795987495
-2.4479497025944057
-1.7759077282510267
-4.7783914300512480
-2.6518888434636825
-1.4525326557702072
0.8603548751493706
-4.8908857628195008
