10 0.883767 1.9748 0.894782
20 0.482252 1.53237 0.585262
30 0.194739 0.938809 0.311766
40 0.0884387 0.802284 0.170914
50 0.042403 0.318543 0.0926299
60 0.0245417 0.27901 0.0575078
70 0.0119468 0.118583 0.030091
80 0.00726327 0.0732493 0.0190097
90 0.00415076 0.0466356 0.0112378
100 0.00233052 0.0243535 0.00651891
110 0.00130378 0.0162456 0.00376288
120 0.000796778 0.00848772 0.00233551
130 0.000431769 0.0046428 0.00129872
140 0.000248355 0.00266185 0.000765986
150 0.000148214 0.00156274 0.000468147
160 8.27679e-05 0.000947084 0.000266887
170 4.54121e-05 0.000500166 0.00014848
180 2.72154e-05 0.00033003 9.00176e-05
190 1.55266e-05 0.000170851 5.18615e-05
200 9.8089e-06 0.000136539 3.31138e-05
210 5.4566e-06 6.50324e-05 1.85337e-05
220 3.18618e-06 4.17615e-05 1.09156e-05
230 1.90156e-06 2.97127e-05 6.59659e-06
240 1.07222e-06 1.63413e-05 3.77689e-06
250 7.04856e-07 8.02298e-06 2.49947e-06
260 3.71545e-07 6.34933e-06 1.34175e-06
270 2.53306e-07 4.35236e-06 9.19226e-07
280 1.43963e-07 2.28417e-06 5.26436e-07
290 9.2743e-08 1.39647e-06 3.41244e-07
300 5.46683e-08 8.5181e-07 2.02512e-07
310 3.11946e-08 4.70648e-07 1.16289e-07
320 1.87637e-08 2.85203e-07 7.04309e-08
330 1.1124e-08 1.77669e-07 4.17997e-08
340 7.09304e-09 1.1711e-07 2.67169e-08
350 4.45412e-09 6.66204e-08 1.67494e-08
360 2.86982e-09 4.3183e-08 1.07063e-08
370 1.95046e-09 3.11241e-08 7.12743e-09
380 1.2939e-09 1.57205e-08 4.41465e-09
390 9.95537e-10 1.07442e-08 3.08081e-09
