10 0.962237 1.33927 0.94593
20 0.793705 1.62898 0.802406
30 0.524332 1.41226 0.597277
40 0.311097 1.28165 0.417272
50 0.176154 0.999239 0.27839
60 0.104878 0.818564 0.188917
70 0.065791 0.480487 0.131127
80 0.0421152 0.344448 0.0908868
90 0.0271414 0.220298 0.0621438
100 0.0194693 0.174762 0.0461869
110 0.0123851 0.0957259 0.0306015
120 0.00789815 0.0762708 0.0202075
130 0.00550075 0.0485463 0.0143807
140 0.00387869 0.0362113 0.0103054
150 0.00278535 0.0269599 0.00752312
160 0.0018648 0.0237682 0.00516762
170 0.0013182 0.0141401 0.00372129
180 0.000906385 0.00981259 0.00260824
190 0.000607948 0.00660315 0.00177647
200 0.000445838 0.00526727 0.00131984
210 0.0003053 0.00417119 0.000920601
220 0.000201018 0.0024788 0.000612933
230 0.000141742 0.00163643 0.000434004
240 9.75163e-05 0.00101159 0.000300746
250 6.87971e-05 0.000735379 0.000215008
260 4.74986e-05 0.000553374 0.00015016
270 3.26058e-05 0.000394199 0.000104729
280 2.32725e-05 0.000247436 7.51138e-05
290 1.63821e-05 0.000204102 5.33138e-05
300 1.13469e-05 0.000133524 3.71661e-05
310 8.47265e-06 9.47163e-05 2.79862e-05
320 5.69471e-06 6.2948e-05 1.90912e-05
330 3.99588e-06 5.31161e-05 1.35092e-05
340 2.81135e-06 4.0444e-05 9.5882e-06
350 1.86661e-06 2.27728e-05 6.36352e-06
360 1.31894e-06 1.52889e-05 4.57621e-06
370 9.51055e-07 1.17923e-05 3.32043e-06
380 6.28664e-07 7.01565e-06 2.22809e-06
390 4.55724e-07 6.50177e-06 1.63885e-06
400 3.23785e-07 5.19559e-06 1.17918e-06
410 2.24096e-07 2.97402e-06 8.19039e-07
420 1.68503e-07 2.74111e-06 6.18733e-07
430 1.23545e-07 1.5798e-06 4.54974e-07
440 8.01747e-08 9.6185e-07 2.99563e-07
450 5.44789e-08 7.04078e-07 2.02532e-07
460 4.24525e-08 5.99081e-07 1.57777e-07
470 2.9551e-08 4.29144e-07 1.10264e-07
480 2.23188e-08 3.26113e-07 8.34522e-08
490 1.53274e-08 2.28461e-07 5.7595e-08
500 1.23206e-08 1.85538e-07 4.58034e-08
510 8.14818e-09 1.067e-07 3.05992e-08
520 5.65276e-09 9.49081e-08 2.13097e-08
530 4.18333e-09 5.4672e-08 1.57527e-08
540 3.07425e-09 3.86055e-08 1.16316e-08
550 2.22307e-09 3.23369e-08 8.4249e-09
560 1.59359e-09 2.11487e-08 6.04867e-09
570 1.19145e-09 1.76393e-08 4.5388e-09
580 8.67506e-10 1.10568e-08 3.31158e-09
590 6.23339e-10 8.34124e-09 2.36054e-09
600 4.9205e-10 6.42975e-09 1.84805e-09
610 3.6273e-10 4.8232e-09 1.33743e-09
620 2.77608e-10 3.4307e-09 9.95342e-10
630 2.16687e-10 2.5422e-09 7.4006e-10
640 1.8339e-10 2.21282e-09 5.90986e-10
650 1.64644e-10 1.88079e-09 5.03622e-10
