10 0.944958 1.9931 0.936272
20 0.746488 1.83667 0.776407
30 0.460592 1.97438 0.554455
40 0.26618 1.4371 0.380307
50 0.138099 0.870221 0.237245
60 0.0824843 0.589719 0.159944
70 0.0505258 0.430015 0.107402
80 0.0310738 0.231749 0.0710089
90 0.0195091 0.171657 0.0470312
100 0.0134548 0.116903 0.0336461
110 0.00876066 0.0821634 0.0225854
120 0.00582758 0.0556658 0.0154784
130 0.00389683 0.0402836 0.0105566
140 0.00254817 0.02715 0.00709511
150 0.00171129 0.0165042 0.00486553
160 0.00120112 0.0126334 0.00348493
170 0.000782215 0.00779252 0.00232163
180 0.000557453 0.00629152 0.0016672
190 0.000386339 0.00438499 0.00117548
200 0.00024032 0.00249211 0.000738751
210 0.000170367 0.00161708 0.000528296
220 0.00011719 0.00135993 0.000367637
230 8.03446e-05 0.00101066 0.000254731
240 5.33003e-05 0.000559456 0.000169988
250 3.69013e-05 0.000422222 0.000119642
260 2.52202e-05 0.000317792 8.29817e-05
270 1.7521e-05 0.000239605 5.8218e-05
280 1.19767e-05 0.00018456 4.03445e-05
290 8.05858e-06 0.000112146 2.74169e-05
300 5.24605e-06 5.80643e-05 1.78897e-05
310 3.78292e-06 4.47227e-05 1.30745e-05
320 2.62401e-06 3.10074e-05 9.10806e-06
330 1.70317e-06 2.11166e-05 5.91638e-06
340 1.13983e-06 1.27715e-05 3.9706e-06
350 8.79953e-07 1.09689e-05 3.08135e-06
360 5.91644e-07 8.06981e-06 2.08609e-06
370 4.2139e-07 5.96332e-06 1.49406e-06
380 2.98452e-07 4.40966e-06 1.06029e-06
390 2.08749e-07 2.61569e-06 7.44044e-07
400 1.48548e-07 1.97989e-06 5.34947e-07
410 1.06751e-07 1.31517e-06 3.84357e-07
420 7.48942e-08 9.72777e-07 2.72091e-07
430 5.16525e-08 7.84956e-07 1.88745e-07
440 3.59402e-08 5.8542e-07 1.31716e-07
450 2.75016e-08 4.68324e-07 1.00393e-07
460 2.08776e-08 4.12688e-07 7.60244e-08
470 1.29151e-08 2.109e-07 4.70911e-08
480 9.66979e-09 1.41219e-07 3.51841e-08
490 7.13355e-09 9.43948e-08 2.60105e-08
500 5.34902e-09 6.33079e-08 1.95768e-08
510 3.69906e-09 4.87918e-08 1.37074e-08
520 2.59425e-09 3.6267e-08 9.67934e-09
530 1.89918e-09 2.98755e-08 7.22438e-09
540 1.32556e-09 1.90104e-08 5.2815e-09
550 9.1043e-10 1.94777e-08 3.92332e-09
560 5.83492e-10 1.24992e-08 2.93324e-09
570 3.931e-10 9.60261e-09 2.41479e-09
580 3.76287e-10 9.55201e-09 2.36073e-09
590 5.38158e-10 1.2132e-08 2.74359e-09
600 7.62169e-10 1.37259e-08 3.38861e-09
610 1.13527e-09 2.23987e-08 4.65515e-09
620 1.5739e-09 2.33341e-08 6.2254e-09
630 2.11509e-09 3.07446e-08 8.20324e-09
640 2.92801e-09 4.41318e-08 1.12115e-08
650 3.81667e-09 5.50285e-08 1.46153e-08
660 5.02728e-09 6.70128e-08 1.91614e-08
670 6.95638e-09 9.84261e-08 2.63135e-08
680 9.19751e-09 1.29324e-07 3.4811e-08
690 1.22393e-08 1.94827e-07 4.6634e-08
700 1.58813e-08 2.30143e-07 6.04617e-08
710 2.08049e-08 2.86689e-07 7.95222e-08
720 2.66551e-08 4.94977e-07 1.01947e-07
730 3.7266e-08 5.18142e-07 1.43085e-07
740 4.73647e-08 6.65121e-07 1.82488e-07
750 6.04014e-08 8.69812e-07 2.33562e-07
760 8.30835e-08 1.21611e-06 3.21422e-07
770 1.05037e-07 1.73704e-06 4.08864e-07
780 1.43716e-07 2.18917e-06 5.59744e-07
790 1.87557e-07 3.12266e-06 7.27953e-07
800 2.45216e-07 4.45028e-06 9.51049e-07
810 3.17241e-07 5.25022e-06 1.23175e-06
820 4.15456e-07 5.98423e-06 1.60969e-06
830 5.58886e-07 1.1171e-05 2.15532e-06
840 7.05529e-07 1.01501e-05 2.7223e-06
850 8.7766e-07 1.1497e-05 3.3929e-06
860 1.10793e-06 1.59793e-05 4.27495e-06
870 1.40533e-06 1.88064e-05 5.43312e-06
880 1.86951e-06 2.49175e-05 7.21289e-06
890 2.43069e-06 3.97256e-05 9.34594e-06
900 3.07704e-06 5.16695e-05 1.18109e-05
910 3.75403e-06 5.19501e-05 1.44095e-05
920 4.86338e-06 7.19756e-05 1.86005e-05
930 6.13835e-06 8.19055e-05 2.34932e-05
940 7.81624e-06 0.000107668 2.98742e-05
950 9.98045e-06 0.000138609 3.81142e-05
960 1.28481e-05 0.000199814 4.91269e-05
970 1.58092e-05 0.00028242 6.06299e-05
980 2.00021e-05 0.000307216 7.64904e-05
990 2.45362e-05 0.00034508 9.35316e-05
