10 0.954469 0.845765 0.898177
20 0.852193 0.692158 0.761579
30 0.708423 0.623121 0.634033
40 0.507297 0.504029 0.470631
50 0.340497 0.388507 0.331129
60 0.248078 0.297951 0.248045
70 0.157041 0.197096 0.163028
80 0.112416 0.145122 0.11808
90 0.074813 0.0988049 0.0806998
100 0.048048 0.0674542 0.0538105
110 0.0311796 0.0448267 0.0358406
120 0.0212781 0.0309802 0.0248411
130 0.0151349 0.0225348 0.0180587
140 0.00984325 0.0152642 0.0120855
150 0.00624904 0.010057 0.00785849
160 0.00455234 0.00730546 0.00582666
170 0.00306007 0.00501135 0.00397558
180 0.00201736 0.00337653 0.00268369
190 0.00127336 0.00221511 0.00171975
200 0.000947938 0.00165911 0.00129358
210 0.00062764 0.00108613 0.000852966
220 0.000424309 0.000724322 0.000571209
230 0.00030935 0.000528023 0.000415406
240 0.000222102 0.000369137 0.00029552
250 0.000161745 0.000265386 0.000213377
260 0.000115025 0.000185264 0.000151857
270 7.32328e-05 0.00012575 9.82216e-05
280 4.85271e-05 8.26223e-05 6.41951e-05
290 3.63163e-05 6.05891e-05 4.72781e-05
300 2.57933e-05 4.22799e-05 3.32356e-05
310 1.68731e-05 2.6316e-05 2.12248e-05
320 1.12982e-05 1.73666e-05 1.41094e-05
330 8.30137e-06 1.27561e-05 1.037e-05
340 5.77007e-06 9.07004e-06 7.20787e-06
350 3.88954e-06 6.23973e-06 4.91277e-06
360 2.53507e-06 3.94301e-06 3.16044e-06
370 2.0005e-06 3.13278e-06 2.48434e-06
380 1.38524e-06 2.14531e-06 1.71901e-06
390 9.47868e-07 1.44672e-06 1.16497e-06
400 7.14018e-07 1.07095e-06 8.66475e-07
410 4.9774e-07 7.59862e-07 6.11849e-07
420 3.29001e-07 5.11226e-07 4.05371e-07
430 2.56241e-07 3.92662e-07 3.16258e-07
440 1.67552e-07 2.65259e-07 2.10759e-07
450 1.12997e-07 1.84182e-07 1.44047e-07
460 8.28691e-08 1.3357e-07 1.05925e-07
470 5.88584e-08 9.53874e-08 7.61604e-08
480 4.13186e-08 6.77937e-08 5.39304e-08
490 2.87624e-08 4.87147e-08 3.80593e-08
500 2.11432e-08 3.61519e-08 2.8174e-08
510 1.4656e-08 2.45815e-08 1.93929e-08
520 1.09636e-08 1.82907e-08 1.45555e-08
530 8.08147e-09 1.34019e-08 1.06288e-08
540 5.75103e-09 9.62066e-09 7.51551e-09
550 4.4062e-09 6.98219e-09 5.62088e-09
560 3.41456e-09 5.32501e-09 4.29466e-09
570 2.65877e-09 4.07982e-09 3.27472e-09
580 2.04365e-09 2.87789e-09 2.41158e-09
590 1.56881e-09 2.06301e-09 1.77274e-09
600 1.28281e-09 1.49038e-09 1.3577e-09
610 1.09627e-09 1.04425e-09 1.06431e-09
