10 0.939162 0.811912 0.853288
20 0.802915 0.650492 0.698254
30 0.562932 0.520131 0.497127
40 0.356215 0.374782 0.326132
50 0.222079 0.249123 0.212376
60 0.134493 0.167463 0.136702
70 0.0789576 0.105243 0.0853006
80 0.0443003 0.0635416 0.0505189
90 0.0281196 0.0415208 0.0332024
100 0.0161539 0.0247675 0.0197634
110 0.0109691 0.0172308 0.0138108
120 0.00660402 0.0107206 0.00844216
130 0.00417255 0.00665758 0.00533226
140 0.0025488 0.00406337 0.00331045
150 0.00156897 0.00258227 0.00207108
160 0.000998717 0.00165453 0.0013343
170 0.000603955 0.00101652 0.000819795
180 0.000365036 0.000645543 0.000505964
190 0.000226953 0.000412216 0.000318124
200 0.000148502 0.000258762 0.000204551
210 9.87706e-05 0.000169894 0.000134024
220 6.50879e-05 0.00010614 8.57996e-05
230 3.89773e-05 6.36136e-05 5.11748e-05
240 2.65639e-05 4.27477e-05 3.47503e-05
250 1.66718e-05 2.64256e-05 2.15392e-05
260 1.02551e-05 1.65776e-05 1.34642e-05
270 6.95405e-06 1.15732e-05 9.20186e-06
280 4.52417e-06 7.6343e-06 6.0403e-06
290 2.65104e-06 4.50123e-06 3.57236e-06
300 1.67348e-06 2.82449e-06 2.26488e-06
310 1.13981e-06 1.93471e-06 1.54815e-06
320 7.36932e-07 1.28245e-06 1.0163e-06
330 4.5609e-07 8.09919e-07 6.41486e-07
340 2.80909e-07 5.20129e-07 4.03825e-07
350 1.87102e-07 3.47399e-07 2.69769e-07
360 1.30486e-07 2.35735e-07 1.87195e-07
370 8.77287e-08 1.5396e-07 1.24165e-07
380 5.60995e-08 9.97693e-08 7.9511e-08
390 3.98461e-08 7.03611e-08 5.64758e-08
400 2.47843e-08 4.38334e-08 3.54029e-08
410 1.68232e-08 3.00476e-08 2.39182e-08
420 1.15146e-08 1.95526e-08 1.57135e-08
430 7.69311e-09 1.19173e-08 9.89534e-09
440 6.16676e-09 7.9849e-09 7.24096e-09
450 5.61281e-09 6.24115e-09 6.18379e-09
