10 0.713441 0.711369 0.675246
20 0.263149 0.347898 0.275296
30 0.0975013 0.140628 0.10768
40 0.0333539 0.050182 0.0389755
50 0.00973429 0.0157388 0.0120656
60 0.00270626 0.00463265 0.00356595
70 0.000887957 0.00176461 0.00129253
80 0.000290069 0.000598035 0.000435919
90 0.000101952 0.000199882 0.000149637
100 3.02307e-05 5.82405e-05 4.42065e-05
110 9.99233e-06 1.89618e-05 1.43515e-05
120 3.51766e-06 6.54522e-06 4.98601e-06
130 1.30752e-06 2.41568e-06 1.83781e-06
140 5.62129e-07 1.01e-06 7.81383e-07
150 1.74905e-07 3.2737e-07 2.46759e-07
160 6.8532e-08 1.28209e-07 9.59763e-08
170 2.16849e-08 3.99133e-08 3.01803e-08
180 8.86848e-09 1.6909e-08 1.2514e-08
190 3.20541e-09 4.98311e-09 4.01547e-09
