A random graph with 1000 vertices and 9913 edges.

The graph is generated in the following way:
    - for each vertex, select n / 50.0 random neighbors
    - get rid of duplicate edges
    - weights are reals sampled uniformly from 1/[1..1000]

There are three trees in the folder.

Tree1 - total stretch = 17945.06281332134, ave stretch = 2.013132467278589
[0,1) - 2725
[1,2) - 3565
[2,4) - 1779
[4,8) - 656
[8,16) - 150
[16,32) - 31

Eigenvalues of lap(a) * lap(tree1)^-1
1.0132 1.0137 1.0142 1.0154 1.0156 1.016 1.0166 1.0177 1.0181 1.0184 1.0191 1.0214 1.0221 1.0222 1.0227 1.0241 1.0274 1.0292 1.033 1.0369 1.0375 1.0384 1.0387 1.0395 1.0406 1.0407 1.0477 1.0503 1.0544 1.0547 1.0552 1.0587 1.0616 1.0638 1.0652 1.0659 1.067 1.0678 1.0685 1.069 1.0717 1.0743 1.0744 1.0757 1.076 1.0764 1.0778 1.0803 1.0858 1.088 1.0906 1.0925 1.0973 1.0975 1.0991 1.1018 1.1024 1.1039 1.105 1.1081 1.1088 1.1137 1.1142 1.1174 1.1192 1.1198 1.1292 1.1295 1.1309 1.1319 1.1329 1.1342 1.1347 1.136 1.137 1.1392 1.1398 1.1412 1.1425 1.1438 1.1469 1.1479 1.1484 1.1514 1.1522 1.1527 1.1552 1.1562 1.1593 1.1624 1.1649 1.1688 1.1696 1.1734 1.1753 1.1777 1.1799 1.1821 1.1854 1.188 1.1886 1.1904 1.1934 1.1954 1.198 1.198 1.2004 1.2022 1.2037 1.2043 1.205 1.2057 1.2067 1.2084 1.2105 1.2119 1.213 1.2143 1.2168 1.2184 1.2191 1.2203 1.2228 1.2238 1.2261 1.228 1.2305 1.2335 1.2355 1.2377 1.2399 1.2437 1.2447 1.2458 1.2475 1.2491 1.2503 1.2511 1.2532 1.2552 1.257 1.2579 1.2587 1.2597 1.2618 1.2649 1.2679 1.2701 1.2722 1.2776 1.2792 1.2834 1.2859 1.2903 1.2908 1.2918 1.2935 1.2954 1.2964 1.2971 1.2986 1.302 1.3035 1.3058 1.307 1.3089 1.311 1.3128 1.3158 1.3176 1.3193 1.3224 1.3243 1.3284 1.3296 1.3309 1.3336 1.3364 1.3378 1.3403 1.3434 1.3437 1.3483 1.3514 1.3529 1.3542 1.357 1.3595 1.3615 1.3659 1.3672 1.3718 1.3729 1.3741 1.3778 1.3824 1.3835 1.3865 1.3894 1.3921 1.3962 1.3991 1.3995 1.4011 1.403 1.4062 1.4066 1.41 1.4118 1.4134 1.4161 1.4171 1.4197 1.4216 1.4242 1.4279 1.4302 1.4316 1.4345 1.4395 1.4404 1.4422 1.4437 1.4448 1.4491 1.4528 1.4568 1.4575 1.459 1.4598 1.4645 1.4658 1.4703 1.4739 1.4761 1.4776 1.4792 1.4853 1.487 1.4901 1.4932 1.4952 1.4959 1.5042 1.508 1.5116 1.5127 1.5151 1.5168 1.5195 1.5235 1.5258 1.527 1.5324 1.535 1.5356 1.5422 1.546 1.5477 1.5488 1.5535 1.5571 1.5617 1.5634 1.567 1.5706 1.5737 1.5781 1.5801 1.5898 1.5912 1.5954 1.6001 1.6023 1.6054 1.6092 1.6168 1.6208 1.6236 1.6323 1.6355 1.6379 1.6389 1.6406 1.6504 1.6515 1.6536 1.6578 1.6605 1.6628 1.6686 1.6715 1.6762 1.6765 1.678 1.684 1.6844 1.6873 1.6887 1.6931 1.6954 1.7016 1.7034 1.707 1.7146 1.7162 1.7213 1.7226 1.7253 1.7327 1.7354 1.7411 1.7446 1.749 1.7532 1.7565 1.7593 1.7621 1.7638 1.7671 1.7717 1.7735 1.7802 1.7823 1.7854 1.7895 1.792 1.7974 1.8016 1.8065 1.8099 1.8132 1.8163 1.8191 1.8278 1.8321 1.8395 1.8425 1.8503 1.8503 1.8617 1.8631 1.8658 1.8714 1.8799 1.8809 1.8855 1.8904 1.8958 1.9005 1.9091 1.9135 1.9197 1.9264 1.9295 1.9351 1.938 1.9499 1.9551 1.9555 1.9673 1.9711 1.9747 1.9815 1.9861 1.9887 1.9953 2.0036 2.0057 2.0108 2.0192 2.0209 2.0288 2.0302 2.039 2.0427 2.0438 2.0556 2.0561 2.0687 2.0691 2.0819 2.0851 2.0881 2.0921 2.1007 2.1023 2.11 2.1141 2.1206 2.1303 2.1354 2.1373 2.1436 2.1493 2.153 2.1582 2.1649 2.1698 2.1741 2.1812 2.1868 2.194 2.2006 2.213 2.2149 2.2228 2.2293 2.2329 2.2452 2.2492 2.2546 2.2615 2.2726 2.2788 2.2826 2.2882 2.2983 2.3057 2.3183 2.331 2.3357 2.3406 2.3431 2.3665 2.3746 2.3776 2.3819 2.3936 2.3971 2.4015 2.4029 2.4128 2.4224 2.4261 2.4432 2.4507 2.4533 2.4608 2.4687 2.4765 2.4779 2.4898 2.4928 2.4954 2.5146 2.5165 2.5219 2.5287 2.537 2.5408 2.5518 2.5591 2.5699 2.581 2.5909 2.6067 2.62 2.6278 2.6365 2.6484 2.6525 2.6593 2.6697 2.6748 2.6838 2.685 2.7062 2.7133 2.7173 2.731 2.7422 2.7514 2.7634 2.7656 2.7861 2.7917 2.7966 2.8128 2.8273 2.838 2.8425 2.8578 2.8628 2.8724 2.8796 2.8863 2.9048 2.9093 2.9265 2.931 2.9517 2.9592 2.9658 2.9766 2.9839 3.0002 3.0211 3.0314 3.0492 3.0596 3.0676 3.0748 3.0904 3.1032 3.1085 3.1209 3.1261 3.1371 3.1522 3.169 3.1839 3.1955 3.2134 3.2277 3.229 3.2425 3.2545 3.2648 3.2703 3.2889 3.3003 3.3302 3.3389 3.3429 3.3564 3.3685 3.3798 3.3947 3.4076 3.4121 3.4222 3.4307 3.4355 3.4479 3.4675 3.4776 3.4943 3.5002 3.5063 3.5156 3.5453 3.5576 3.5673 3.5879 3.5891 3.594 3.6112 3.6228 3.629 3.6428 3.648 3.6743 3.6914 3.7033 3.7127 3.7189 3.7246 3.7316 3.7572 3.766 3.7745 3.7985 3.8127 3.8276 3.8386 3.8673 3.8729 3.882 3.8898 3.9086 3.9342 3.9412 3.9487 3.9649 3.9663 4.0045 4.0155 4.0367 4.0507 4.0651 4.069 4.0742 4.0891 4.1063 4.1192 4.1285 4.1388 4.1461 4.1814 4.1851 4.2048 4.2234 4.2286 4.2539 4.2565 4.2804 4.2927 4.3156 4.335 4.3544 4.3695 4.391 4.4083 4.4279 4.4358 4.4463 4.4707 4.4887 4.4956 4.5197 4.5457 4.5636 4.5777 4.5978 4.6154 4.6179 4.6255 4.6552 4.6653 4.6858 4.7207 4.7374 4.7521 4.7558 4.7972 4.8316 4.8521 4.8558 4.8714 4.887 4.9016 4.943 4.9631 4.9744 4.9946 5.0298 5.0617 5.0819 5.1064 5.128 5.1636 5.1827 5.1917 5.2057 5.2393 5.2651 5.2794 5.3042 5.3191 5.3491 5.3717 5.3887 5.4016 5.4213 5.4396 5.4494 5.4908 5.5164 5.5516 5.572 5.6097 5.6307 5.6492 5.6637 5.6741 5.6878 5.7139 5.7331 5.7645 5.776 5.8012 5.8205 5.8417 5.8832 5.9181 5.9659 5.974 5.9966 6.0277 6.0487 6.0515 6.0692 6.098 6.1449 6.1708 6.1894 6.2033 6.2444 6.3059 6.3227 6.3681 6.3864 6.415 6.4346 6.4493 6.4947 6.5035 6.5299 6.5541 6.6053 6.6145 6.6378 6.6793 6.6823 6.7256 6.7407 6.761 6.8015 6.8133 6.8301 6.8551 6.883 6.9305 6.9314 6.9564 6.9699 7.0076 7.0557 7.0683 7.0999 7.1202 7.1559 7.1954 7.2066 7.2335 7.2982 7.3047 7.3273 7.381 7.4174 7.4388 7.4603 7.4737 7.4885 7.5587 7.5734 7.6021 7.6188 7.6472 7.7169 7.7624 7.8034 7.836 7.8965 7.9179 7.9421 7.9575 7.9905 7.9999 8.0155 8.0826 8.1467 8.1695 8.1914 8.2271 8.2473 8.2565 8.3395 8.3506 8.4213 8.428 8.488 8.5294 8.5637 8.6003 8.6377 8.641 8.706 8.7349 8.7928 8.8332 8.8437 8.9194 8.9724 8.9849 9.0227 9.0739 9.1097 9.1515 9.2056 9.2572 9.3201 9.3507 9.4158 9.4583 9.5174 9.524 9.6149 9.6336 9.6643 9.7332 9.7585 9.8879 9.8954 9.9287 10.0061 10.0529 10.1173 10.1384 10.2408 10.2686 10.3115 10.3501 10.3763 10.4088 10.455 10.5351 10.6297 10.7088 10.7545 10.7702 10.797 10.8542 10.9356 10.9942 11.0115 11.1261 11.2397 11.4033 11.4721 11.4846 11.5839 11.6312 11.7256 11.8702 11.8851 11.9742 12.1202 12.2464 12.3462 12.3945 12.5173 12.6535 12.7769 12.9919 13.0999 13.1398 13.2512 13.2871 13.4106 13.4945 13.6147 13.7473 13.8382 13.9638 13.9883 14.0377 14.3501 14.371 14.4349 14.5189 14.6465 14.8188 14.8726 15.0088 15.2799 15.3631 15.5047 15.6633 15.7981 15.9602 16.0678 16.2383 16.3878 16.5322 16.6007 16.8511 16.9178 16.9985 17.2183 17.5388 17.6098 17.7952 17.9507 18.0892 18.3246 18.4553 18.4784 18.9787 19.1493 19.3193 19.4551 19.5159 19.8404 20.0134 20.3092 20.4073 20.4453 20.6672 20.8404 21.0867 21.2713 21.3898 21.7152 22.3629 22.5691 22.6867 22.9773 23.0676 23.4599 23.8996 24.2297 24.3781 24.4433 25.0105 25.2709 25.4199 25.5133 25.5744 25.9667 26.5691 26.9531 28.0688 28.7077 29.258 29.5896 30.332 30.5688 30.7114 31.1743 31.8412 32.3029 32.7329 32.8625 33.379 34.1916 34.3588 34.6365 34.9343 35.2458 35.3698 36.682 37.4257 37.5741 38.1366 38.9278 39.5825 39.7233 40.1263 40.938 41.9818 42.7571 43.7697 44.6798 45.946 46.4986 47.4137 48.5455 49.1571 49.9852 50.3341 51.5571 55.8168 56.4001 57.8195 60.3989 63.0297 63.467 65.241 67.5775 69.2219 71.476 72.5245 78.4567 79.3936 80.6448 82.968 85.2636 87.7596 88.7406 90.0797 93.1309 95.1801 96.7898 109.0466 111.7879 118.2318 129.0883 135.0132 149.5935 179.1933 198.8194 222.5467 228.7685 257.7998 303.2571 317.0578 318.0417 338.9573 342.3383 401.1868 423.761 480.296 583.3101 908.938 1637.7733 3469.133 


Tree2 - total stretch = 97159.44351338221, ave stretch = 10.899645895600427
[0,1) - 122
[1,2) - 524
[2,4) - 2419
[4,8) - 3150
[8,16) - 1505
[16,32) - 731
[32,64) - 287
[64,128) - 113
[128,256) - 46
[256,512) - 12
[512,1024) - 4

Eigenvalues of lap(a) * lap(tree2)^-1
1.0163 1.0174 1.0176 1.0183 1.0186 1.0195 1.0204 1.0209 1.0221 1.0227 1.0233 1.0256 1.029 1.0304 1.0313 1.0325 1.0371 1.0416 1.0449 1.0463 1.0557 1.0583 1.0584 1.0594 1.0605 1.0613 1.062 1.062 1.0633 1.0646 1.0657 1.0704 1.0713 1.0753 1.0755 1.0769 1.0783 1.0798 1.0829 1.0898 1.0979 1.1004 1.1037 1.1041 1.109 1.11 1.1134 1.1174 1.1177 1.1274 1.1298 1.132 1.1347 1.1362 1.1387 1.1439 1.1443 1.1483 1.1559 1.1564 1.1591 1.1594 1.1633 1.1638 1.1666 1.1679 1.1693 1.1756 1.177 1.1774 1.1801 1.1813 1.1829 1.1844 1.1863 1.1951 1.1962 1.2027 1.2049 1.2099 1.2116 1.2151 1.2176 1.2191 1.2322 1.2368 1.2426 1.2467 1.2486 1.2595 1.2626 1.2647 1.2661 1.267 1.2715 1.273 1.2764 1.2801 1.2818 1.2849 1.2884 1.2927 1.2958 1.3022 1.3031 1.3039 1.3057 1.3077 1.3106 1.3139 1.3176 1.3194 1.3227 1.3253 1.334 1.336 1.3375 1.3408 1.3441 1.348 1.3491 1.3504 1.3577 1.3602 1.3684 1.3712 1.3794 1.3832 1.3868 1.3885 1.3924 1.4078 1.4104 1.415 1.4187 1.4235 1.429 1.4346 1.436 1.4388 1.4488 1.4514 1.4589 1.4654 1.4704 1.4743 1.4838 1.4846 1.4892 1.4939 1.4977 1.4995 1.5097 1.5137 1.5158 1.5219 1.5273 1.5368 1.5379 1.5461 1.5518 1.5544 1.5572 1.5585 1.562 1.5641 1.5646 1.5677 1.5749 1.5805 1.5827 1.5877 1.5934 1.604 1.6083 1.6176 1.6257 1.632 1.6362 1.6391 1.6418 1.6467 1.6487 1.652 1.6575 1.6725 1.6743 1.6812 1.6824 1.6904 1.6916 1.6963 1.698 1.7053 1.7087 1.712 1.7217 1.7228 1.7254 1.7294 1.7324 1.7362 1.746 1.7487 1.7533 1.7569 1.76 1.7668 1.7763 1.7808 1.7842 1.7884 1.7917 1.7986 1.806 1.8104 1.8177 1.8249 1.8299 1.8374 1.8386 1.8518 1.8584 1.8615 1.8764 1.8776 1.89 1.903 1.922 1.9279 1.9296 1.9349 1.941 1.9513 1.9661 1.9724 1.9818 1.9869 2.0037 2.0091 2.019 2.0405 2.046 2.0517 2.0579 2.0625 2.0852 2.0983 2.1092 2.138 2.1477 2.1571 2.1709 2.1754 2.1765 2.1843 2.1937 2.1967 2.2123 2.2235 2.2345 2.24 2.2607 2.271 2.2757 2.2818 2.2932 2.3027 2.3096 2.3147 2.3217 2.3365 2.3551 2.3586 2.3741 2.3791 2.3857 2.4 2.4091 2.4197 2.4281 2.4382 2.4417 2.4511 2.4605 2.477 2.4779 2.4999 2.5068 2.517 2.5372 2.5415 2.5549 2.5587 2.5653 2.5836 2.5923 2.6127 2.6173 2.6211 2.6379 2.6408 2.6718 2.6856 2.7204 2.7275 2.7286 2.7363 2.7498 2.765 2.7856 2.7913 2.798 2.8063 2.8181 2.8208 2.8415 2.8538 2.8646 2.8784 2.9047 2.9092 2.9206 2.9317 2.9502 2.96 2.9801 2.9829 3.0119 3.0312 3.066 3.0942 3.1021 3.1178 3.1403 3.1555 3.1642 3.1859 3.2067 3.2167 3.2329 3.2418 3.2643 3.2713 3.2799 3.3248 3.3341 3.3385 3.3521 3.3734 3.3942 3.4041 3.4116 3.431 3.458 3.4812 3.4979 3.5039 3.5061 3.5291 3.5816 3.5859 3.6025 3.6302 3.6538 3.6798 3.6865 3.6883 3.7023 3.7222 3.7502 3.7865 3.7979 3.8291 3.8327 3.8579 3.9074 3.9208 3.9394 3.9623 3.972 3.9946 3.9999 4.0185 4.0575 4.0663 4.081 4.11 4.1352 4.1426 4.1664 4.1706 4.2389 4.2478 4.2651 4.2835 4.2942 4.3246 4.3472 4.3539 4.3724 4.4499 4.4673 4.4964 4.5178 4.5514 4.5854 4.5913 4.6206 4.6564 4.6817 4.6977 4.723 4.7454 4.784 4.7961 4.8301 4.8557 4.8637 4.9126 4.9207 4.9578 4.9925 5.0293 5.0404 5.047 5.0871 5.0887 5.1465 5.1607 5.1757 5.2017 5.2182 5.2413 5.2859 5.3301 5.372 5.3898 5.4054 5.4458 5.4806 5.5186 5.544 5.5659 5.5965 5.6661 5.7067 5.7415 5.7772 5.793 5.8447 5.8723 5.8918 5.9437 5.9812 6.0151 6.0304 6.0601 6.0897 6.1291 6.1706 6.1892 6.2315 6.2475 6.2824 6.2895 6.3358 6.3648 6.4114 6.4433 6.508 6.5655 6.5867 6.6359 6.6766 6.736 6.7549 6.7976 6.8277 6.8476 6.8782 6.9139 6.9227 6.9748 6.9814 7.0197 7.0477 7.1129 7.1393 7.1734 7.2083 7.2979 7.312 7.3532 7.405 7.4415 7.4599 7.5384 7.5844 7.6044 7.6486 7.7115 7.7365 7.7643 7.8159 7.8602 7.8838 7.964 7.9786 8.0353 8.1233 8.1638 8.244 8.3164 8.3971 8.4297 8.4881 8.5463 8.616 8.6542 8.6832 8.719 8.7728 8.8037 8.821 8.8959 8.9172 9.0029 9.0516 9.0802 9.1162 9.1818 9.2251 9.2986 9.3343 9.377 9.3956 9.4692 9.5209 9.5587 9.5794 9.7157 9.7663 9.835 9.8811 9.919 9.9914 10.0241 10.1404 10.1546 10.2029 10.2763 10.3856 10.4206 10.437 10.5083 10.5401 10.5756 10.6205 10.704 10.732 10.7957 10.8847 10.9395 11.0177 11.044 11.0952 11.195 11.2582 11.2649 11.3224 11.3942 11.4326 11.4767 11.4858 11.57 11.6154 11.6647 11.7522 11.7796 11.8291 11.9289 11.946 12.1004 12.1735 12.2257 12.315 12.3831 12.4204 12.5023 12.5469 12.6489 12.6526 12.6808 12.7916 12.9044 12.9633 12.9752 13.0075 13.0846 13.1508 13.2615 13.3517 13.3692 13.5084 13.5926 13.6167 13.6537 13.8076 13.8706 13.9194 13.9976 14.1998 14.2875 14.3126 14.4088 14.531 14.6396 14.7674 14.8174 14.9378 15.0412 15.1147 15.1852 15.2757 15.3454 15.3685 15.5338 15.6121 15.7371 15.772 15.9196 16.1328 16.1645 16.316 16.4673 16.7076 16.7407 16.769 16.8854 17.0426 17.129 17.2424 17.2745 17.3578 17.5039 17.5961 17.6363 17.7571 17.8541 17.934 18.0412 18.2094 18.3948 18.4419 18.4916 18.645 18.7093 18.7769 18.8885 18.9289 19.0476 19.0567 19.2187 19.3375 19.4999 19.5428 19.6801 19.7659 19.8213 20.0056 20.054 20.1059 20.2336 20.2887 20.4847 20.8026 20.8166 20.9536 21.2248 21.3282 21.4467 21.5921 21.7153 21.8364 22.0793 22.1513 22.3641 22.4183 22.4824 22.6838 22.7608 22.9257 23.0567 23.3085 23.386 23.5249 23.6925 23.9763 24.036 24.1569 24.4616 24.614 24.7064 25.048 25.1568 25.4228 25.5671 25.7051 25.9294 26.0826 26.2747 26.408 26.5408 26.6696 26.7793 26.9086 27.1333 27.3236 27.4877 27.5139 27.5895 27.9932 28.2327 28.286 28.4147 28.628 28.85 29.0086 29.0975 29.4608 29.5418 29.6962 30.0584 30.4441 30.4555 30.8492 31.1813 31.3497 31.5196 31.8108 32.2014 32.2515 32.4944 32.6131 32.7692 33.1333 33.2757 33.5609 33.7167 33.8701 33.9367 34.3611 34.6152 34.8346 35.057 35.3214 35.375 35.6552 35.8497 36.0881 36.6535 36.7772 37.0023 37.2685 37.5817 37.9277 38.1735 38.4935 38.5728 38.7904 39.3626 39.5891 39.7213 39.9363 40.2442 40.6629 40.9201 41.0706 41.2708 41.5725 41.6804 42.03 42.4483 42.7955 43.1025 43.4571 43.7341 44.4781 44.6135 44.828 45.404 45.5567 46.1877 46.4427 46.5058 46.9657 47.3283 47.4759 48.0683 48.2699 48.599 48.7962 49.0907 49.2653 49.3077 50.0271 50.0611 50.5343 50.8315 50.912 51.2954 51.7003 52.1489 52.5716 52.763 53.1223 53.6577 54.2211 54.344 54.6932 55.3036 56.1825 56.4271 56.5919 57.1567 57.3522 57.4786 57.8639 58.4296 58.7027 59.0763 59.4939 60.0548 60.5948 61.4239 62.1011 62.4473 63.5764 64.5149 64.7484 65.4608 65.9075 66.1888 66.8014 66.9493 67.4839 68.6376 69.1622 69.8904 70.1447 70.8648 71.4571 72.1992 73.2333 74.2624 74.6661 76.4152 76.8794 78.0177 79.0055 80.9809 81.3149 82.1775 83.765 84.4867 84.9256 85.9068 88.9477 89.2445 89.8233 89.9249 92.8389 93.8902 94.5078 95.7309 97.5735 99.1861 100.1764 101.3298 102.198 102.8564 103.482 105.7685 107.4268 108.6604 109.2868 109.452 110.9162 112.085 113.0217 113.4723 114.895 118.6645 118.8585 120.8023 121.4329 122.4374 123.284 125.4169 128.868 129.7435 132.1618 134.0312 135.1773 139.6479 139.9841 141.952 146.2028 148.2854 150.4195 153.7792 157.0816 158.6082 160.9586 161.8691 166.591 167.3439 170.8395 174.7017 175.6647 180.5232 183.0738 184.2989 186.6838 191.3857 198.355 200.1213 200.8015 201.8304 206.0554 211.6535 213.8087 216.1508 223.4667 227.2586 229.3092 235.8629 238.7858 241.425 245.2371 248.7872 256.7469 257.9823 263.4629 272.2981 285.4148 288.9145 292.6996 298.7994 303.5258 306.5331 314.9655 319.8805 323.4698 333.6269 346.5546 346.7922 361.3769 370.0519 384.4057 397.2661 402.3746 416.7473 422.9709 432.1367 465.3163 466.4235 514.6262 524.9764 535.1849 555.806 560.6269 584.6396 612.9024 711.2415 790.3635 869.6518 926.9229 999.8416 1072.7863 1122.9368 1193.4118 1243.7169 1320.1867 1391.9053 1724.4935 1765.9874 2187.5615 2229.5679 2471.278 2721.335 2870.5016 3324.1356 3614.1159 5801.6564 8795.0025 13189.172 


Tree3 - total stretch = 238713.62476036005, ave stretch = 26.779630329858655
[0,1) - 90
[1,2) - 180
[2,4) - 552
[4,8) - 1579
[8,16) - 2486
[16,32) - 2270
[32,64) - 1052
[64,128) - 456
[128,256) - 185
[256,512) - 51
[512,1024) - 9

Eigenvalues of lap(a) * lap(tree3)^-1
1.0136 1.0162 1.0168 1.0178 1.0184 1.02 1.0201 1.0202 1.0219 1.0221 1.0248 1.0294 1.0298 1.0338 1.0347 1.0352 1.038 1.0412 1.0413 1.0415 1.0472 1.0483 1.0489 1.0521 1.0571 1.0577 1.0598 1.06 1.0622 1.0694 1.0707 1.0709 1.0713 1.0735 1.0749 1.0756 1.0761 1.0824 1.0904 1.0946 1.0957 1.0974 1.1019 1.1027 1.1031 1.1058 1.1063 1.1066 1.1116 1.1135 1.119 1.1198 1.1232 1.1282 1.1305 1.1325 1.1341 1.1351 1.1379 1.1421 1.1427 1.1439 1.1453 1.1466 1.148 1.1515 1.1539 1.1556 1.1566 1.1572 1.1579 1.1606 1.1625 1.1633 1.1667 1.1689 1.1747 1.1761 1.1773 1.1803 1.1829 1.1861 1.1958 1.1997 1.2042 1.2068 1.2114 1.2162 1.2185 1.2199 1.2229 1.2253 1.2268 1.2287 1.2309 1.2319 1.2336 1.2357 1.2364 1.2385 1.2407 1.2428 1.2448 1.2475 1.2501 1.253 1.2546 1.2607 1.2637 1.2701 1.2744 1.2779 1.2793 1.2809 1.2821 1.2855 1.287 1.2901 1.2921 1.2967 1.2991 1.3015 1.3047 1.3053 1.3097 1.3144 1.3164 1.3187 1.3225 1.3242 1.3265 1.33 1.3318 1.3375 1.3453 1.3479 1.3497 1.3504 1.3535 1.3571 1.3626 1.3641 1.3651 1.3671 1.3782 1.3789 1.3821 1.3864 1.3882 1.395 1.399 1.4018 1.4054 1.4068 1.4177 1.4204 1.4259 1.4275 1.4287 1.4319 1.4388 1.4436 1.4463 1.4495 1.4523 1.4562 1.4583 1.4644 1.4714 1.4719 1.4766 1.4798 1.4828 1.4897 1.492 1.5012 1.5054 1.5102 1.5116 1.5145 1.52 1.5217 1.5267 1.5286 1.5301 1.534 1.54 1.5461 1.5499 1.5509 1.5542 1.5558 1.5616 1.564 1.5683 1.5714 1.5789 1.5829 1.5891 1.5972 1.6016 1.6136 1.616 1.6183 1.6257 1.6327 1.6444 1.6498 1.6532 1.6573 1.6609 1.665 1.6723 1.679 1.682 1.6865 1.6875 1.6906 1.6947 1.7056 1.722 1.7247 1.7291 1.7336 1.7351 1.7437 1.7498 1.7544 1.7631 1.7672 1.7717 1.7719 1.7786 1.7893 1.7954 1.8006 1.8174 1.8327 1.8341 1.8417 1.848 1.853 1.8561 1.869 1.8749 1.8911 1.8924 1.8949 1.9024 1.9099 1.9171 1.925 1.9386 1.9442 1.9505 1.953 1.9599 1.9635 1.9649 1.9744 1.9826 1.9891 1.9939 2.0028 2.0108 2.0159 2.0227 2.0297 2.0431 2.054 2.0612 2.0666 2.0677 2.0807 2.0818 2.1007 2.1062 2.1081 2.1203 2.1229 2.1331 2.1408 2.1479 2.1611 2.1628 2.1733 2.1789 2.1844 2.1874 2.2026 2.211 2.2181 2.2313 2.2392 2.2438 2.2499 2.2708 2.2742 2.2835 2.2924 2.3071 2.3135 2.3231 2.3276 2.3333 2.3413 2.347 2.3546 2.3687 2.3747 2.3774 2.3909 2.4004 2.4055 2.4188 2.4266 2.4357 2.4537 2.4668 2.473 2.5017 2.5146 2.5248 2.5262 2.5305 2.5553 2.5631 2.5748 2.5907 2.6128 2.6162 2.632 2.6437 2.6562 2.6641 2.6752 2.6852 2.6928 2.7129 2.7172 2.7251 2.7389 2.747 2.758 2.7734 2.7858 2.7971 2.803 2.8142 2.8237 2.836 2.85 2.8588 2.869 2.9079 2.9191 2.9376 2.951 2.9642 2.974 2.9976 2.9986 3.016 3.0219 3.0379 3.0521 3.0575 3.0804 3.1059 3.1377 3.1443 3.1642 3.1835 3.2255 3.2327 3.255 3.2843 3.3042 3.3245 3.329 3.365 3.3829 3.3969 3.4147 3.428 3.4537 3.4646 3.4929 3.5188 3.5494 3.5517 3.5704 3.5916 3.6146 3.6324 3.6463 3.6637 3.6713 3.6867 3.6953 3.7221 3.7297 3.7563 3.7666 3.7795 3.7938 3.8277 3.8433 3.8547 3.8778 3.9058 3.9306 3.9443 3.9597 3.9763 3.9858 4.012 4.0198 4.0586 4.0791 4.0921 4.0986 4.1448 4.1506 4.1897 4.2084 4.2342 4.2572 4.2799 4.3013 4.3162 4.3377 4.3484 4.3811 4.3965 4.4319 4.438 4.4862 4.495 4.5399 4.572 4.6004 4.6282 4.6475 4.7128 4.7261 4.7282 4.7519 4.773 4.7804 4.8109 4.8283 4.8747 4.8999 4.9075 4.9166 4.9368 4.9499 4.9546 5.0001 5.001 5.0431 5.0529 5.0992 5.1226 5.1574 5.1587 5.209 5.2218 5.2284 5.2372 5.2816 5.3051 5.3286 5.3506 5.3633 5.3874 5.4106 5.4576 5.4832 5.5153 5.5444 5.5669 5.57 5.608 5.6323 5.6639 5.7057 5.7279 5.748 5.7578 5.8005 5.811 5.8477 5.8896 5.8959 5.9534 5.964 5.9973 6.0018 6.052 6.0949 6.1342 6.1542 6.2116 6.2401 6.2567 6.3235 6.3362 6.3691 6.3776 6.414 6.4388 6.4971 6.523 6.5725 6.6054 6.6186 6.664 6.6956 6.6998 6.7476 6.7839 6.8365 6.8583 6.9072 6.9366 7.0055 7.0551 7.0775 7.1121 7.1545 7.1789 7.2398 7.2743 7.2984 7.3769 7.4034 7.4913 7.5462 7.6152 7.6445 7.7484 7.8235 7.8674 7.9619 7.9888 8.0403 8.0595 8.1286 8.1446 8.2246 8.2496 8.3009 8.335 8.3782 8.4853 8.5023 8.5392 8.6364 8.7059 8.745 8.8139 8.8366 8.8881 8.914 9.007 9.0175 9.0786 9.1271 9.1959 9.2101 9.2347 9.3041 9.313 9.3304 9.4958 9.5378 9.5625 9.6225 9.665 9.7295 9.7716 9.8212 9.8767 9.954 9.9791 10.0571 10.0604 10.1452 10.2127 10.2236 10.3118 10.3302 10.3901 10.4494 10.5256 10.559 10.5767 10.623 10.6905 10.702 10.7607 10.7824 10.9265 10.969 11.0256 11.0617 11.0816 11.1475 11.223 11.2708 11.3208 11.4905 11.5542 11.5973 11.6417 11.6605 11.6989 11.7821 11.8467 11.8722 12.009 12.0425 12.0973 12.2025 12.2504 12.4162 12.469 12.5101 12.5681 12.608 12.6699 12.7454 12.8813 12.9089 12.9959 13.1157 13.1859 13.246 13.3487 13.4495 13.4751 13.5412 13.7282 13.7661 13.8482 13.9112 14.0528 14.0636 14.1908 14.2946 14.4271 14.4875 14.5454 14.6549 14.7872 14.852 14.9624 15.0257 15.1441 15.2866 15.3986 15.5046 15.5475 15.6414 15.7734 15.97 15.98 16.0798 16.2015 16.3123 16.3495 16.4061 16.4477 16.6912 16.738 16.911 17.0592 17.1138 17.2065 17.3185 17.3606 17.4287 17.6014 17.6495 17.8526 17.919 17.9587 18.0269 18.1998 18.2479 18.3703 18.443 18.543 18.6101 18.6904 18.7634 18.9751 19.1188 19.2392 19.321 19.4372 19.5456 19.6393 19.6446 19.9112 20.009 20.1709 20.2792 20.3303 20.3559 20.4917 20.6369 20.8282 21.0405 21.1515 21.2176 21.4445 21.5789 21.94 21.9831 22.0275 22.2284 22.4431 22.4904 22.6224 22.7389 22.809 22.9387 23.0897 23.1642 23.4083 23.5046 23.6087 23.782 23.9532 24.0942 24.2057 24.3041 24.538 24.5797 24.8249 25.0388 25.1383 25.1952 25.4037 25.4788 25.64 25.7175 26.0844 26.5079 26.736 26.8587 27.0708 27.3498 27.4189 27.5549 27.8424 28.0707 28.3091 28.4321 28.7593 28.9862 29.2532 29.4907 29.952 30.0987 30.3415 30.6658 31.0439 31.0897 31.1481 31.3682 31.53 31.7099 31.8633 32.1123 32.3543 32.5216 32.8387 33.0394 33.3536 33.5114 33.5561 33.8464 34.2787 34.5225 34.5635 34.7226 34.9612 35.2208 35.285 35.948 35.99 36.3441 36.4278 37.0031 37.3435 37.808 37.9529 38.3428 38.4863 39.095 39.2888 39.5443 40.0701 40.2674 40.4552 40.7667 41.1366 41.3417 41.6369 41.8391 42.0762 42.3863 42.5708 42.7829 43.4784 44.0701 44.2631 44.6344 44.8221 45.0589 45.9351 46.1325 46.975 47.6396 48.4903 49.2973 49.3961 49.869 50.6688 50.8972 51.2252 52.1478 52.2191 52.5651 53.1927 53.7176 53.8156 54.8152 55.1223 55.4285 55.7429 56.72 57.1559 57.8388 58.3663 58.6344 58.9593 59.7264 60.4171 61.1786 61.5316 62.4628 63.0736 63.3295 63.8779 64.0016 64.4415 64.9608 65.6048 66.6542 66.96 67.7002 68.5045 69.3769 70.9159 73.2494 73.7443 74.424 74.956 75.2458 76.7316 76.8999 77.293 79.8659 79.9287 81.4766 82.0153 82.2026 83.5803 85.261 85.7776 86.9187 90.9105 92.6153 93.2066 95.1199 95.965 96.4373 97.633 98.5004 99.4416 101.837 103.023 103.9151 105.0803 106.3733 108.9994 111.7207 112.5331 116.7946 118.2137 118.6815 118.7328 122.0962 122.7515 124.2676 125.7621 128.8907 131.1603 132.8049 134.7226 137.4063 138.355 142.0514 144.3947 145.7816 151.2839 155.5724 158.8601 159.894 165.103 168.5833 174.8542 176.0699 177.5885 181.3577 182.9177 186.7895 187.5701 190.1058 193.4725 200.4563 203.9017 207.2937 210.3076 217.4259 219.3778 221.7216 230.2959 242.086 252.214 259.7275 266.3815 274.2282 282.2963 288.5828 293.6788 297.3069 305.7029 308.7373 311.545 319.3286 327.5955 332.9401 349.4698 371.0119 418.8409 430.027 468.1142 545.6553 557.2269 570.3251 626.4217 641.9546 673.7771 698.7246 731.1756 766.6652 798.6084 821.5981 902.7721 938.5711 1014.6075 1079.1607 1135.0883 1213.3209 1259.3537 1365.4002 1453.6148 1470.1327 1545.9411 1628.848 1669.6569 1996.6986 2092.0469 2466.1775 2582.804 2920.7727 3279.306 7812.124 13321.5696 17656.6444 24855.1162 110870.5639 


