%%MatrixMarket matrix array real general
1000 1
1.16201933458675716e-02
-1.75708467809725490e-03
-3.99047847632914062e-03
-2.01530421182022834e-03
-3.27389005625521078e-03
-1.59066169060859477e-03
-1.03195150356375854e-03
-2.00691090144971022e-03
-2.71355009956515507e-03
-1.73942049742183938e-03
-3.05184709532169487e-03
3.08403188670852224e-03
3.69513731211376911e-03
-3.00351496232965096e-03
-2.37358855557185918e-03
-1.43095961135973463e-03
-1.74561454321696765e-03
-2.10194439913252663e-03
2.43828346639869773e-03
-1.23753927236085605e-03
-2.99632496612226799e-03
-2.73395419783296250e-03
-1.02992568544335670e-02
-2.79197078253138990e-03
-2.19499560853988291e-03
-2.50537049806481100e-03
-8.52046853020701784e-04
-2.30602770902631942e-03
-3.51294612723717379e-03
-2.74575128843303337e-03
-2.13611461293756674e-03
-4.29192937129495820e-03
1.21171395076219413e-03
-1.11761287690265642e-03
-3.23790330925023424e-03
-1.05183918620480109e-03
5.07283755409842982e-02
-4.60438988028491220e-03
-2.31370787032711628e-03
-1.62022859308523590e-03
-3.23666036717184429e-03
-1.79775340020839770e-03
-2.84477070766162238e-03
-3.79011802703455069e-03
-3.31588018619694003e-03
-1.26813337667369469e-03
-2.99504561471679526e-03
-3.01873685291919680e-03
-2.20850121244410384e-03
-7.10142034291569887e-04
-2.85412091041519194e-03
-2.05353989801349262e-03
-1.57238396149991864e-03
-3.41860038350258466e-03
-2.58575930445594264e-03
-2.28423696033292420e-02
1.75326848993970154e-03
2.35486816736407223e-03
-2.08225149245230357e-03
-1.98687722464071246e-03
-3.26997861340005188e-03
-3.08544177974149096e-03
-7.60271254993381742e-04
-2.38171456296521660e-03
-2.07254198583800911e-03
-1.16858252794670224e-03
-2.38951917776902400e-03
-4.07405636498609555e-03
-4.06250268140496539e-03
-3.20571611564407022e-03
1.95779303224859896e-02
-1.16106358113540991e-03
-4.75021660105822885e-05
-2.54916320108791511e-03
-2.76156085640520341e-03
-2.46828917264021964e-03
-2.21338819196348520e-03
-2.30680369585571166e-03
-4.02951276827939395e-04
-3.33453086505345426e-03
-1.79043351820686210e-03
-3.58811664056268810e-03
-1.61497751793912353e-03
-2.13486238296409269e-03
-3.83105066888656573e-04
-2.55557984050704384e-03
-2.43790533789323615e-03
-3.59586917097499568e-03
-3.51776147008102998e-03
-8.86155652489527160e-04
2.05669685252991320e-03
4.02463299682228291e-03
-3.02459720744795721e-03
-1.69555101977578431e-03
-1.27941630978453636e-03
-2.39375383023157466e-03
-3.36709305043708749e-03
1.11062336631998805e-03
7.26194201234424733e-04
-8.36511349026062027e-04
6.30310401913837092e-03
-1.16753453019209879e-03
-4.13669909588095679e-04
-2.43501012518102878e-03
-2.54933609447619784e-03
-2.31561983604282925e-03
-2.09889985617003590e-03
-3.48341356000688319e-03
-2.62792513645077053e-03
-2.35331106240835005e-03
-2.95618488400401381e-03
-4.10756336143002128e-04
2.47634460587834393e-05
-2.67456378196144007e-03
-2.43589753301964255e-03
-3.68925086378215673e-03
-1.52442663244097411e-03
-2.65590249702309241e-04
-5.12160996341024053e-03
4.68267912469180585e-04
-8.78094186990233984e-03
-1.31859379237599952e-03
-4.43786024607040956e-04
-1.59888319425271824e-03
-7.24861781061302045e-04
9.22815088234481848e-05
-2.88478494661822699e-03
-1.04847957692516525e-04
6.69069627297080253e-03
3.49650182311538179e-03
-6.55833506584173461e-04
-3.25129402663053117e-03
5.25791733963482805e-03
-1.91003176604945149e-03
9.40953917000899795e-03
-2.79267711732332892e-03
-6.66807363462914768e-04
-2.95900200378948356e-03
-2.73863846780788558e-03
1.37358295050308433e-02
-9.92056342125226861e-04
-4.34926134531598077e-03
-1.38870454451872779e-03
-2.89387486931418254e-03
-1.90385762622065314e-03
-1.41573758208663912e-03
-1.89713571294374537e-03
-9.58110128266127401e-04
9.23574175772760744e-04
2.45605494213532068e-02
-2.85433609691224804e-03
-7.16280379520243269e-04
-3.34032342965856011e-03
7.29582510467780866e-03
-1.42325218072784313e-03
-1.13103698390630081e-03
-2.15631713038810400e-03
-1.39120903316284294e-03
-5.83441242938215632e-03
-8.36508394969396728e-04
-1.25128827627647688e-03
-2.61090235213585348e-03
-1.99177424026735850e-03
-1.51132311937631318e-02
-2.84077181274633873e-03
-6.44109795658817392e-03
-5.18238898226237431e-03
-2.95503289374034108e-03
-2.41880310494155433e-03
-4.61539455482381632e-03
1.04615224091239422e-02
-3.96715584119648225e-03
-3.54566799373892119e-03
-2.80483702617014431e-03
-2.54913938358122902e-03
-3.30969619517331630e-03
-3.05096842242319390e-03
3.44146597987714611e-04
-3.12496782604285150e-03
-2.37670100141419921e-03
-7.28684594545568327e-04
-2.51716128014036183e-03
-2.60198727178784228e-03
-3.49341796941542160e-03
-2.10579296090474249e-03
-1.85259420563433242e-03
-6.42260975454433990e-04
-2.98997016285649933e-03
-1.52550268963332937e-03
2.34259494169557700e-02
-3.32501122764558175e-03
-1.78735297882412904e-03
8.85593901024784612e-06
-2.57747561983104377e-03
6.89381203214431137e-02
-2.22831352252824766e-03
-1.11248575648990131e-02
-1.57806235478943294e-03
-2.40127260459947842e-03
-2.75441664503782088e-03
5.38782945457534634e-03
2.01471912160957223e-04
-2.74089006361460594e-03
-4.09263809829283655e-03
-2.19787817128964643e-03
-1.74038892739834718e-03
-1.68531753994949026e-03
-1.49743847709523183e-03
-2.71868574871539717e-03
-3.39631472385250799e-03
-1.24215035964353872e-03
-3.44221681121725147e-03
1.11527012176286283e-03
-3.27668339343033471e-04
-2.26649009494103845e-03
-1.21583449841992041e-03
3.58882510276143296e-03
-1.24372336834848341e-03
-1.43666203057169492e-03
-4.80012449844805043e-03
-2.00649213133576813e-03
-2.30945693819689440e-03
-2.45785807638665421e-03
-4.48315231888676954e-04
2.27027513887463747e-03
-3.25484554582012968e-03
4.18209216764333595e-03
-3.58208237386784369e-03
1.48450906386039046e-03
-3.43697442061300946e-03
-2.83142564290000129e-03
1.22276080983995308e-02
-1.70700794870900369e-03
-3.10332686438414196e-03
-2.02864130004068005e-04
-2.82501288328214752e-03
-4.90867471268895193e-04
-2.26953591519495242e-03
-2.25444709764953313e-03
-3.36381926615895869e-03
-1.44688663471211824e-03
-2.13038813353545959e-03
-6.65824700524548282e-04
6.89384869246072174e-04
-3.12012855152764626e-03
-1.47842915114785689e-03
1.44644692135064112e-04
-1.79631103345958632e-03
-2.67372823433028196e-03
-6.77744927867079050e-04
-1.59010041394670862e-03
-2.77451901449413390e-04
-4.01084785568145430e-04
-2.35212553676813997e-03
-3.43770874180396053e-03
-3.29616804793266644e-03
-3.05654091969084253e-03
-2.98309411032332593e-03
-3.06407279358356240e-04
-1.44001662874030647e-03
-6.81873438817052731e-04
-1.67269754545138990e-03
1.09953967207904657e-03
-2.09288260318237114e-03
-1.47599237635104795e-03
-3.24552000179866929e-03
-3.28444043697275834e-03
-1.35774598203022671e-03
-1.88459489119949752e-03
-2.04181323561298221e-03
-2.89037016399697590e-03
-3.20354879984857677e-03
-2.80107943945395082e-03
-2.85532105938867027e-03
-1.17163997272902026e-02
-3.37561672709113482e-03
-3.45822613531051714e-03
4.89327833308342546e-03
1.39421088742130387e-03
-2.11659343811041725e-03
-6.98370162306046014e-03
-2.66901002643075503e-03
-2.30179113636592991e-03
-3.94031547342184318e-03
-2.66960859033765026e-03
1.96030363834916385e-02
1.36472436913125505e-02
-3.68897799822927438e-03
8.60468868223057172e-05
-3.58552951583100210e-03
-5.46366849127524409e-03
1.62629102885773202e-02
-2.29895257568725605e-03
-8.39369059850654997e-04
-1.35238874900954812e-03
3.35972224856660945e-03
7.01420424507004652e-04
-2.63001312826402186e-03
-2.91262223914072992e-03
-1.00941899818692208e-04
-5.23652955509455406e-04
-3.84801856862224470e-03
2.02200532609041715e-03
-3.27619156804341040e-03
-3.21455971234124510e-03
-3.42250476070358502e-03
-3.19480938986157906e-03
-2.15965025087435682e-03
-2.81882758543904521e-03
-1.30751307848783554e-03
1.09319051523801281e-02
1.70089948012491343e-03
-1.36077120173693357e-03
-9.74597660954697230e-04
-9.97531743372016139e-04
-1.45572305966793479e-03
2.20053701944118198e-02
-4.87095901678225626e-04
-8.64831388481390327e-04
3.28950338369549339e-04
-1.09769269469953265e-03
-2.03226528556638922e-03
2.54825474127646327e-02
-2.74984995180336611e-03
1.24670015954657029e-03
-3.24064933756020935e-03
-1.59142635770803871e-03
1.63719451724718634e-04
-3.14679913620481873e-03
8.29503722496031416e-03
-2.83927462028923938e-03
-1.79980117587186499e-03
-2.20322011859656929e-03
-1.12837768540903407e-03
-1.91489087426919636e-03
-2.53412826947930310e-03
-3.15855655307383269e-03
-3.53075320149474165e-03
-1.37757909178340475e-03
-2.14149105083925786e-03
-3.63329596583932901e-03
-2.12360486455792034e-03
-3.01234615694130842e-03
5.77855016089867755e-03
-3.19603758404753439e-03
-8.59481089161159080e-04
-2.25348781744192815e-03
-2.57581735785128527e-03
-2.91618684405850438e-03
-1.99781311987875989e-03
-2.68126781653210558e-03
-1.43393585174575325e-03
-1.36260402242066765e-03
-2.56860913851217993e-03
-2.97166214465965309e-03
-2.89397075893992137e-03
-2.96598269528802402e-03
8.21000525139655292e-04
-1.47941032234395796e-03
4.64419611192418754e-03
-3.19627317837134972e-03
-3.94237041379953148e-04
-1.04077330245667815e-02
-5.39955774140900746e-04
-2.84014395934092424e-03
-2.35742883512624112e-03
5.17330821711106236e-03
-1.63567484233692216e-03
-1.87542369875665711e-03
-3.36687480053633140e-03
-2.39942356567244197e-03
5.30377899576042061e-03
8.40786163088518869e-03
-1.67625190286724442e-03
-1.16138651670587290e-03
4.37791107745068330e-04
-3.39542581734060978e-03
-1.31896388447922536e-03
-2.15399151747643503e-03
1.76979345852347508e-04
-4.57075095464994693e-03
-7.24803628773512849e-04
-3.14403924186630645e-03
3.93535894032902268e-04
-2.87566062251369808e-03
1.44240528642967901e-02
-2.40727472587135005e-03
-7.92935559824470997e-04
-3.37772530013014279e-03
7.09281450131619886e-04
-2.44564152352373535e-03
-3.00997709408074065e-03
-3.50884456994108619e-03
-1.00870084531456180e-03
-2.11578054094816240e-03
-2.07336338115277595e-03
-2.71092999621770680e-03
5.66893961020752818e-02
-1.31161532606999752e-03
-3.00469605720100159e-03
-2.32921420050523657e-03
3.89766711605309937e-04
-3.60507441587458888e-03
-2.13885647468544602e-04
-1.13957292092774481e-03
-3.96606570124173694e-03
-1.90065194883870590e-03
-1.94500732731629680e-03
-3.87710706459762475e-04
1.58221712980867631e-02
-3.55928706807685747e-03
-1.77816862431712979e-03
5.50842594583128564e-03
-1.35741249049672067e-04
5.18563174380352052e-04
3.40830072315433509e-04
-7.48337080318001125e-04
-2.63615472867176478e-03
-2.15690068528184408e-03
-5.17740209413508016e-03
-3.43669386395826842e-03
9.90593324790337883e-03
-2.29437850312231564e-03
7.46798018692595013e-04
-1.42343888489556781e-03
-6.82353235126692656e-04
3.50757822564405760e-03
-2.28235916703738335e-03
-3.69777244709930961e-03
-4.12295336556082158e-03
-1.36452824313045983e-03
-3.04505733720686128e-03
-4.28800232690543237e-03
-2.97014354235050843e-03
-3.37292284469278706e-03
-3.07540455041031531e-03
-3.48333784895150846e-03
-4.40742054904236669e-03
8.99712545038888691e-04
-1.82676463817952055e-03
-1.70147251167206246e-03
9.89631648174475048e-03
-1.83324252816315569e-03
-8.16541593634707743e-04
-2.98782101318586547e-03
4.37784331177477296e-04
1.84156952162669229e-03
-1.94587172724755667e-04
9.27721560772866894e-04
-9.27972829985971768e-04
6.12119107004182629e-03
-1.67401015637758566e-03
-8.71280003172618845e-04
-4.71771938858077129e-03
-2.36959562572233110e-03
-1.97025797324300918e-03
5.25729028079350322e-04
-3.90964399027294521e-03
2.79359453276439990e-02
3.97167839058450017e-02
-1.40146219032755842e-03
-1.30271028904898082e-03
-3.05490151992015386e-03
-2.52237657580073674e-03
4.80496975118451918e-03
-3.20160412605766500e-03
-2.91285621260549323e-03
-2.49688392063627303e-03
-7.28593239482011514e-04
6.86357910054039575e-04
5.83798709317432871e-04
-3.46633902983569482e-03
-8.24548134701876337e-03
-1.02377865921537145e-03
-2.96062780982410672e-04
-3.47917870071399885e-03
-2.47514327617902059e-03
-2.62461878903563631e-03
-1.88636853677124705e-03
-1.29164328075121793e-03
-2.02826381857682545e-03
-5.81768797377626209e-03
-1.18683471137735492e-03
-3.28844333459688909e-03
1.12338634680066770e-03
-1.66440266221731087e-03
-2.57229697077809676e-03
6.56092639546189960e-02
-1.55430287514799316e-03
-4.13259510981630294e-03
-3.21687389850242424e-03
-3.60783215192770224e-03
-2.02208421005475565e-03
-1.76323089338492980e-03
5.19376863725726570e-03
-3.01046370416386622e-03
-2.60664145681344887e-03
-2.92409764035018180e-03
-1.68678347642504294e-03
-2.60189629098260848e-03
-2.49177106944447127e-03
-3.48407456410484073e-03
-2.27940096319302274e-03
-2.94166907811262883e-03
-1.10335466346704429e-03
-1.18680867751267414e-03
-2.36997872762162790e-03
-2.41204890016830662e-03
-2.33403328174004287e-03
-3.52279004763444113e-03
-1.27547322534092133e-03
2.53372402194639067e-03
-2.96099238258545807e-03
-3.13818407123502442e-03
1.36206066366793260e-02
-2.86444961473615199e-03
-1.79712817649729122e-03
-1.70488998436798492e-03
-8.24068458607012978e-03
2.97790541809649317e-05
-3.33289376895307783e-03
-2.68307802802025125e-03
5.17444242623576003e-04
-6.71386639838198319e-04
8.34417879710807621e-04
-6.13406585888786292e-03
-2.46208291212314913e-03
-2.37175228706085510e-03
-5.45185347413025025e-03
-4.31823624400048608e-04
-1.16503391576556429e-03
2.17405299270027278e-03
-1.54284030367438652e-02
1.82431371764031473e-03
9.11468449853267289e-04
-4.70134525318570591e-03
-1.63666315657022836e-03
-1.45879243587785940e-03
-6.20060491231269064e-04
-7.21116940816888966e-04
-1.61451804629295982e-03
-1.16550868196834139e-03
-2.94101087230765100e-04
-2.12681561649518021e-03
-3.09842286620379140e-03
-4.50850826251885696e-03
2.61934627846211908e-03
-4.10179029733027511e-03
-1.29494582137491582e-03
3.16644910662545033e-04
6.34164195994381852e-04
-2.03736212182662477e-03
-3.24346851970197221e-03
-3.00290820321796534e-03
-3.70665120725739055e-03
-2.77075118589368598e-03
-6.31868740598473338e-04
-3.02877226324331159e-03
-1.74936239085450866e-03
-1.60212050472962123e-03
-5.86881557001077864e-05
-7.35508342038880027e-04
-1.50731411542222153e-03
-1.49575541946623202e-03
1.77147449694877693e-04
-3.77542724888706507e-03
-1.56507994805617874e-03
-7.25009581341373353e-04
-2.46770288186109327e-03
-1.26253069694179593e-03
-9.59807611255656030e-04
-4.33988589525289323e-04
-1.00650323271395895e-03
-7.77608405017407144e-04
-7.61418689246459745e-04
-3.89629113186126808e-03
-3.37852949963035696e-03
-1.89535179143469077e-03
2.30453014380935413e-03
-1.27872142113846354e-02
-6.31519899801994073e-04
-8.49097241587457550e-04
-2.70743323799871056e-03
-2.60320578826961791e-03
-2.72012620957001391e-03
-2.27438429490405729e-03
-3.58102417930814812e-03
-3.57631225940497786e-03
-2.44432584585059162e-03
-2.59788708495409726e-03
-1.94102668770695106e-03
2.14428572908002845e-04
-3.07801510707290688e-03
-2.78792111664596031e-03
-9.38668718207035760e-04
1.34919448067764071e-04
-3.16477421868896188e-03
-1.61169086482856124e-03
-1.57101476338194980e-03
-1.31742156788057442e-03
1.39740607126381325e-02
-2.30882682524213541e-03
-1.04580606080656208e-04
-3.17549062292111182e-03
-1.42217443643131492e-03
-2.31082855881200146e-03
-1.75055664731968192e-03
-3.77253282733579654e-03
-2.20759849892026563e-03
-2.00291785810904205e-03
2.50310729387509534e-03
-3.96429829009278204e-03
-2.28914680846853359e-03
-2.49324145441396109e-03
-9.88550052542149990e-03
-5.12160222207577102e-04
-2.27083051120714014e-03
-3.20053091707734119e-03
2.19913158563602188e-03
-1.74441635545154574e-03
-2.71872533970519623e-03
3.72064870688874319e-04
-3.18844040712668248e-04
9.82971792020778556e-01
-3.29236956767782994e-03
-2.28513038901099726e-03
-3.55947645629816701e-03
-5.09623099885343767e-04
-1.08143865828011021e-03
-1.69132332225590339e-03
-1.80677911677512917e-03
-2.76791358607471078e-03
-1.46988049646059574e-03
1.85487642355248398e-03
-1.60183665715461407e-03
-3.91222190401450520e-03
5.76196259427576643e-03
-1.61440404966159932e-03
-1.98206883469476022e-04
-2.59780331984380431e-03
1.39039138797582597e-02
-3.87419376197762396e-03
7.14058391774120924e-03
-1.01071582307703722e-03
-6.17359001553328263e-04
-7.25386130678075847e-04
-1.10857904222891237e-03
-2.48480817043123447e-03
-2.39519933068777901e-03
-2.39784360034701926e-03
-1.64135666660648709e-03
-8.34249326236544846e-04
2.35587756653987202e-03
-2.84504014889450877e-03
-2.91153923984640520e-03
-1.43874690333880098e-03
-2.52232790603938206e-05
9.12425604751731199e-03
-1.70760486513305888e-03
-2.36288656510301714e-03
-7.07842122355656941e-04
1.17443775819582548e-04
-3.15531547251658630e-03
-3.14311580047131481e-03
-1.11909127451969930e-03
-2.22898638865254425e-03
-4.25115071644585445e-03
4.02752800813613657e-03
-1.74205419078166828e-03
2.15815101085114341e-03
3.46460494253953647e-03
-1.59424827551622674e-03
-1.09692968532316797e-03
9.54835570284457585e-04
-1.89261653996485295e-03
-1.55355457671102091e-03
-2.06438200184482380e-03
-1.11559038624928783e-03
-2.56613759122331728e-03
-3.15369057426036692e-03
-1.91086907169111110e-03
-4.33607737274677250e-03
-4.55123187543908167e-03
2.49310552761100417e-03
-1.35788539346917247e-03
-2.99348310633248526e-03
-2.83907736428276169e-03
-2.34225400851803068e-03
7.23400427914230003e-04
-1.68478131175111038e-03
-6.19001948087672966e-03
-1.13843316309709041e-03
-3.21014314629504470e-04
8.33370849057301949e-04
-3.24451174746754646e-03
-2.83998145171810660e-03
-1.31443330000465940e-03
-4.10115936567319480e-04
-2.29495035225727286e-03
-3.01172608547398829e-03
1.62623653834279465e-02
-2.47369592645795304e-03
-6.52671984450506532e-04
-5.31191110884222505e-03
-1.65691655755086472e-04
-3.68548380969337076e-03
-2.92243989814097585e-03
-2.19229019181424326e-03
-6.37442905703231380e-04
-1.54487998281833926e-02
-3.93709715444667298e-03
-3.31058174521683393e-03
1.51866497229408582e-03
-1.08772778127129042e-03
-1.13851929989306237e-03
-8.64000168624007303e-04
-2.03974407547941354e-03
-1.26022796190813154e-03
-3.13901158390433171e-03
-2.05079349890481804e-03
-3.27747500739652151e-03
-2.36052869095113721e-03
-4.14931356881058800e-03
4.54639473386002878e-03
7.03454655614029487e-04
2.55193548920520539e-03
-2.72412089345973720e-03
-2.17876049041983594e-05
-2.55699053361936558e-03
-1.86885311210712845e-03
4.20661452422057755e-03
-2.50767349461465975e-03
-2.80655646745669183e-03
-3.09537840826391202e-03
-1.27517066347735395e-03
-2.63491961772652564e-03
-2.52489944611392807e-03
-1.61968072994523736e-03
7.01073051401482784e-03
1.76481737918958372e-03
-2.04376581655111265e-03
-4.60111890971282890e-03
-2.41056228017978973e-03
-1.54633642575899809e-03
-3.00512355771406000e-03
-2.92479077841819495e-03
-3.70207623958157756e-03
3.45259365632003814e-03
5.24331047235896569e-04
-2.43458688138039952e-03
-1.10392815340201104e-03
-1.42036079690103373e-03
-4.31026972257112558e-03
-2.11084263350086237e-03
-1.36851619588847185e-03
-3.68995416293927585e-03
-1.53256091297979558e-03
-2.20645356911670703e-03
-1.74847291619794200e-03
-8.91955741173523949e-03
-2.73026655488107714e-03
-4.53593417411264535e-04
-7.64849560230575819e-06
-1.72839418289600548e-03
1.20510654875921747e-02
-4.21619249029748545e-03
-3.20807311742104509e-04
-8.97482772241909969e-04
-3.00867809536406981e-03
-3.62613251468531543e-03
-1.93437384696380473e-03
1.81039488224862973e-03
-1.33419261921975739e-03
-1.58512688173542519e-03
9.64805699863181734e-04
5.39163994899405884e-03
-2.30987485952881873e-03
-2.30058222543417937e-03
-3.56250337809667968e-03
1.18189654761086116e-03
-9.09790365058542588e-05
-1.74621553940849700e-03
2.40520380117057196e-04
-1.03469856504666020e-03
-3.83467269378104164e-03
-3.45471443822141424e-03
-1.08609357063411808e-03
-2.93450882931155102e-03
-2.85942738262532194e-03
2.42563233228833691e-02
1.28402682861954273e-03
-2.06229109459673925e-03
3.86723999386293831e-04
-3.45910090540917049e-03
-1.56416739605799238e-03
-2.69319981649528790e-03
-6.04118124929384714e-04
-1.25174913924859196e-03
-3.00990382406602459e-03
3.84282995598620640e-04
3.69214394140325445e-04
-3.98784567922570200e-03
-7.74945690440309500e-04
-4.04728105817175627e-03
-1.38709405779563282e-03
-1.98463884795048538e-03
-2.26239299228574468e-03
-2.24207764055943783e-03
-2.59238592404001551e-03
-2.74580113121674230e-03
-9.31666189292845661e-04
-2.17020401823916562e-03
-2.04089937205358379e-03
-2.86215975138201864e-03
-1.93851283191511349e-03
-1.68160079368727356e-03
-4.73846100151376418e-03
-1.53000845374304359e-03
-1.54701536929201201e-03
-2.88371756691974948e-03
-2.00434615735738315e-04
-4.55874660537452549e-03
-2.58555204505868689e-03
1.33420539154908415e-03
-1.83426056073025486e-03
-3.52974188757859122e-03
-2.77237346987458571e-03
-3.24143680950378030e-03
9.17753993102776006e-05
-3.80248298118708019e-03
-1.70493386725762580e-03
-2.07485963815287394e-03
-2.67647873500728240e-03
-1.25363597905030840e-03
-2.80720867530754800e-03
-1.26233006414425142e-03
-1.60639543267150327e-03
-1.51836291816866338e-03
-1.26663923022802822e-03
-1.33874773914360260e-03
-3.89721869027564267e-03
2.36153165776048805e-03
-1.82213050381929633e-03
7.66508195813514329e-04
-2.08361607972202406e-03
4.80950081073168619e-03
-2.20128653976562925e-06
5.37381999455269210e-03
-1.39788827857628738e-03
-4.01585107475086519e-03
-2.25029393148483241e-03
-2.60677869543416221e-03
-2.87587116607458801e-03
-2.12131101973949115e-03
-5.18917703130678849e-05
-3.88509555519714247e-03
-2.17367592679252762e-03
-1.59043976422740870e-03
-1.91171978141447705e-03
-2.42921704087965861e-03
-4.05053978257315615e-03
-2.85737400605205923e-03
-2.56057762043469805e-03
-9.54044290892725410e-04
-4.53357629978302533e-04
-1.95138159344855990e-03
-3.24664372405752228e-03
-5.21009763167036197e-04
-1.51215475588746930e-03
1.27199208858004413e-03
-1.18353829169038304e-03
-5.26371016548728577e-03
-1.71138479392676356e-03
-2.06419143317382661e-03
-1.11818542307794448e-03
-1.40036299807633560e-03
-2.79384685599402133e-03
-2.39928434201426609e-03
-1.58458334240720229e-03
-1.86819713267450944e-03
1.06256321643549917e-03
-4.07762926013700844e-03
-2.26157130305222392e-04
-2.40670865250077999e-03
-3.47049946247177544e-03
-2.07501723338370794e-03
-2.18591047856797832e-03
-2.35990373524741135e-04
2.74568857306049796e-03
-2.95105740333561923e-03
-3.74814241076570779e-03
-3.34002180223147253e-03
-5.87493238167233114e-03
7.68887770917832066e-04
-3.69856856639821452e-03
1.98247759296644246e-02
-2.27082086542216644e-03
-1.93542757121520316e-03
8.14059805017803726e-04
1.32431918187003749e-03
-2.16847731328532285e-03
-6.47569456251216070e-03
-5.99500667300865596e-04
-3.02814582490235074e-03
-7.72148549249284570e-04
-1.69395632377328698e-03
-2.49794195583058704e-03
4.66830456349476806e-03
-2.67554445591457061e-03
-3.28083946664797788e-03
-2.48063420022447893e-04
1.61436443454930742e-03
-2.15028887632961064e-03
-1.10177582918971335e-03
-2.59384187364882597e-03
-2.13887340063298502e-03
-1.28678408396620445e-03
-4.54020293644815005e-03
-1.25898113613242819e-03
-1.99830059028158246e-03
-6.45483033216744627e-03
3.21061237594776278e-03
-2.53681950478246458e-03
-1.10555947386545370e-03
-2.41096652850191417e-03
-4.50526072790253303e-03
-1.22469875376789118e-03
-3.81661232906142008e-03
-1.81645907380127095e-03
-2.63402207224030290e-03
-3.71333681088735663e-03
1.77325584101211007e-06
6.60908018150724503e-04
-2.35351301408585987e-04
-1.23304907259639868e-03
-2.84659610214518886e-03
-1.84993739593522196e-03
-6.74221926272764458e-04
-2.90935218523376586e-03
-3.49919442305476674e-03
-9.54045595714419787e-04
-3.52884389720894412e-03
-1.71329060831275143e-03
-2.65668715126103671e-03
-6.04880300490583068e-04
4.99330891713227324e-04
-2.39569341562433178e-03
4.66715490564726895e-04
-4.21256977862741536e-03
-1.02985905988219138e-03
-6.41697411095677305e-03
-1.02889144505909536e-03
1.13306368003089782e-03
-3.23163848093976404e-04
-2.02031757458416041e-03
-2.38640651195350063e-03
-2.10438245136984744e-03
-3.23288076436628428e-03
-2.71480632238370410e-03
-3.50006812689775473e-03
-1.67807833182649115e-03
-1.22058006041395251e-04
-2.92883644334429464e-03
-2.63510140336090755e-03
-1.69881500415589135e-03
-3.47935304325301372e-03
-1.07337167709568035e-03
-4.40394213985971505e-03
-2.20568969898287705e-03
-3.15272024541490923e-03
-1.87051970138966077e-04
-3.33881223883392966e-03
2.61116926414750698e-02
5.25230904234784586e-03
-4.66280710859694365e-04
-1.43035987017729955e-03
-2.43121127530495111e-03
-1.61395772786733331e-03
-2.28538629363587292e-03
-1.75642976841661864e-03
-2.18536673371224439e-03
-3.30869273700927806e-03
-4.25225854736610218e-03
-1.06228699553738096e-02
-1.80988438087321024e-03
-2.66227559298467956e-03
-9.10282334914121389e-04
3.85649914546783363e-04
-1.85426294496427195e-03
-2.54787185419554345e-03
2.56265077870793838e-04
-1.41061357225460613e-03
-3.98098018823712712e-04
-1.94413544219543526e-03
-3.46251516226322867e-03
1.09273068945525730e-04
-3.10041718269492327e-03
-6.02338931055366707e-04
-7.24842722636547427e-05
-1.48236255093203012e-03
