%%MatrixMarket matrix array real general
1000 1
2.48738084861597109e-04
-3.76115839684970968e-05
-8.54188862728899714e-05
-4.31389474435428226e-05
-7.00798272802395699e-05
-3.40491875526906145e-05
-2.20896187398517650e-05
-4.29592829716545107e-05
-5.80853721486410631e-05
-3.72334702540930450e-05
-6.53268477718803027e-05
6.60157849627770538e-05
7.90969092310580413e-05
-6.42922658299151012e-05
-5.08082657494928787e-05
-3.06306567062835874e-05
-3.73660579868297690e-05
-4.49935391578059333e-05
5.21931039990141597e-05
-2.64903637475270624e-05
-6.41383591066761326e-05
-5.85221356500152884e-05
-2.20462547326208110e-04
-5.97640198205697383e-05
-4.69853631259922321e-05
-5.36291472181332912e-05
-1.82386382154814268e-05
-4.93620802086330087e-05
-7.51969838972005322e-05
-5.87746603391510252e-05
-4.57249756571051331e-05
-9.18716462282501264e-05
2.59375552997358635e-05
-2.39232582731059569e-05
-6.93095066625450319e-05
-2.25153280122785500e-05
1.08587513173510983e-03
-9.85600744048143867e-05
-4.95264792469562472e-05
-3.46820870604291217e-05
-6.92829006462131994e-05
-3.84821254293094239e-05
-6.08942378714217279e-05
-8.11300355664294444e-05
-7.09786543613997388e-05
-2.71452512087705399e-05
-6.41109737249053883e-05
-6.46181006745014336e-05
-4.72744596965190184e-05
-1.52010697531228798e-05
-6.10943852730374398e-05
-4.39574081270194774e-05
-3.36579404148513311e-05
-7.31774495473220643e-05
-5.53499238896445860e-05
-4.88956345193128014e-04
3.75298958849669189e-05
5.04075431975179044e-05
-4.45719991924969144e-05
-4.25304485910119805e-05
-6.99961002046644296e-05
-6.60459646756274201e-05
-1.62741195690486526e-05
-5.09822084251828277e-05
-4.43641606483518574e-05
-2.50142980721280978e-05
-5.11492714720583554e-05
-8.72079274146420378e-05
-8.69606130158117311e-05
-6.86205180486748167e-05
4.19078818141570362e-04
-2.48533499391955754e-05
-1.01681593829116012e-06
-5.45665595880822306e-05
-5.91130748182796181e-05
-5.28353964022630767e-05
-4.73790687958190119e-05
-4.93786907305981937e-05
-8.62544416593777352e-06
-7.13778847402436642e-05
-3.83254384086857344e-05
-7.68060594913701732e-05
-3.45696842513253192e-05
-4.56981708285645054e-05
-8.20062263965293996e-06
-5.47039120885219795e-05
-5.21850098984993948e-05
-7.69720076402243713e-05
-7.53000595626040223e-05
-1.89687600991928277e-05
4.40249848695241410e-05
8.61499868474598334e-05
-6.47435455199913486e-05
-3.62944144629060274e-05
-2.73867700102224592e-05
-5.12399170680677949e-05
-7.20749003045298084e-05
2.37736430813366266e-05
1.55446772248741668e-05
-1.79060902625194921e-05
1.34922197569587257e-04
-2.49918649733582435e-05
-8.85488373607713590e-06
-5.21230359194371656e-05
-5.45702604880946303e-05
-4.95674061655946554e-05
-4.49283686598693429e-05
-7.45648193543857577e-05
-5.62525119981148469e-05
-5.03742123146163910e-05
-6.32791335440071397e-05
-8.79251672973268022e-06
5.30078283159790977e-07
-5.72508436956551645e-05
-5.21420314831843082e-05
-7.89709058303263405e-05
-3.26313814027458048e-05
-5.68513862916588319e-06
-1.09631519527369023e-04
1.00235908556599839e-05
-1.87961989873215105e-04
-2.82253904792779690e-05
-9.49953951325691857e-06
-3.42251743857639385e-05
-1.55161558711152383e-05
1.97534800845557417e-06
-6.17507696739949855e-05
-2.24434132971425306e-06
1.43218871477328422e-04
7.48449824639336027e-05
-1.40385590483442183e-05
-6.95961440085532266e-05
1.12549270954384142e-04
-4.08855196621211474e-05
2.01417539529183902e-04
-5.97791393931042351e-05
-1.42734618636997907e-05
-6.33394358962765641e-05
-5.86224056101304730e-05
2.94024705387124080e-04
-2.12356358684832667e-05
-9.30988758441719094e-05
-2.97261584696610449e-05
-6.19453456064065209e-05
-4.07533580303822860e-05
-3.03048188917085659e-05
-4.06094709331941104e-05
-2.05089942404757944e-05
1.97697288562004337e-05
5.25735144363379155e-04
-6.10989914852834182e-05
-1.53324651780549587e-05
-7.15018784955828029e-05
1.56172062720175484e-04
-3.04656739486514983e-05
-2.42106103494964622e-05
-4.61574241850680578e-05
-2.97797687339172281e-05
-1.24889537617572222e-04
-1.79060270296178265e-05
-2.67846704619022712e-05
-5.58881278048600560e-05
-4.26352725180802601e-05
-3.23508918597217843e-04
-6.08086388238016285e-05
-1.37876050977705827e-04
-1.10932535464380682e-04
-6.32544744144135709e-05
-5.17761137073058055e-05
-9.87956368946658772e-05
2.23935951091917086e-04
-8.49196495206799482e-05
-7.58974175412993146e-05
-6.00394304505501419e-05
-5.45660497580818701e-05
-7.08462818605138029e-05
-6.53080391846913046e-05
7.36669030580233079e-06
-6.68920463863549174e-05
-5.08748897524613321e-05
-1.55979857745678025e-05
-5.38815368611449643e-05
-5.56972944910564852e-05
-7.47789704930917274e-05
-4.50759202213167609e-05
-3.96560299021688362e-05
-1.37480298533726607e-05
-6.40023302501835519e-05
-3.26544151354388112e-05
5.01448265154260569e-04
-7.11741104737821878e-05
-3.82594973840359972e-05
1.89567355191901359e-07
-5.51726060293722607e-05
1.47566701450968334e-03
-4.76985555718929032e-05
-2.38135088005767085e-04
-3.37794902649269524e-05
-5.14008615114782002e-05
-5.89601481493788235e-05
1.15330127496836299e-04
4.31264231786848839e-06
-5.86706025397482176e-05
-8.76056819626264919e-05
-4.70470663277464284e-05
-3.72542001512289099e-05
-3.60753599230411419e-05
-3.20536817179235462e-05
-5.81953041875878324e-05
-7.27004099546987468e-05
-2.65890671839003420e-05
-7.36829751291756118e-05
2.38731100100104260e-05
-7.01396205556413008e-06
-4.85157508828355972e-05
-2.60257584061514266e-05
7.68212246045611887e-05
-2.66227384999247737e-05
-3.07527208403413286e-05
-1.02749906073436455e-04
-4.29503189160211824e-05
-4.94354851740058803e-05
-5.26121117432152300e-05
-9.59649025423157367e-06
4.85967723036524063e-05
-6.96721666751612824e-05
8.95205067200923827e-05
-7.66768919390438321e-05
3.17769188953313418e-05
-7.35707582176700614e-05
-6.06085777470477533e-05
2.61740207783217279e-04
-3.65396577635039054e-05
-6.64288069893589309e-05
-4.34244368299026451e-06
-6.04713083006813142e-05
-1.05073496683975095e-05
-4.85809487207629868e-05
-4.82579623924387540e-05
-7.20048227404708143e-05
-3.09715853959417216e-05
-4.56023964994575358e-05
-1.42524272987114440e-05
1.47567486188302215e-05
-6.67884584466519498e-05
-3.16467742569720683e-05
3.09621730311075748e-06
-3.84512505916110350e-05
-5.72329582351143953e-05
-1.45075878126058836e-05
-3.40371730426195464e-05
-5.93904529832033686e-06
-8.58549065914895445e-06
-5.03488353377880968e-05
-7.35864768568988265e-05
-7.05567027459851493e-05
-6.54273222505451864e-05
-6.38551437032348088e-05
-6.55885470955291508e-06
-3.08245282802119627e-05
-1.45959613794400000e-05
-3.58052204147783957e-05
2.35363891231003727e-05
-4.47995652978049950e-05
-3.15946134489339262e-05
-6.94725471082801904e-05
-7.03056653041377348e-05
-2.90634695351913835e-05
-4.03410261794668438e-05
-4.37063910004591605e-05
-6.18703250215893837e-05
-6.85741251907740591e-05
-5.99589967726724284e-05
-6.11200752706401822e-05
-2.50797447416810067e-04
-7.22573553581748348e-05
-7.40256655214911171e-05
1.04743926803813867e-04
2.98440254562998362e-05
-4.53071117297267127e-05
-1.49490848841209026e-04
-5.71319618069684188e-05
-4.92713935117173891e-05
-8.43451133250372676e-05
-5.71447744742446578e-05
4.19616230330777389e-04
2.92128466229297796e-04
-7.89650649577916010e-05
1.84189171472747373e-06
-7.67506803378599370e-05
-1.16953513284347768e-04
3.48118575917514758e-04
-4.92106322025466047e-05
-1.79672614931861396e-05
-2.89487943447407798e-05
7.19171233128182452e-05
1.50143778061626252e-05
-5.62972068724516166e-05
-6.23466457159286864e-05
-2.16072952504648450e-06
-1.12091450987817012e-05
-8.23694357565674909e-05
4.32823893211754329e-05
-7.01290926941534383e-05
-6.88098212048045814e-05
-7.32610253627098863e-05
-6.83870522183680922e-05
-4.62287718783236599e-05
-6.03389078215307284e-05
-2.79882003163022220e-05
2.34004811326795953e-04
3.64089018679621682e-05
-2.91282264072348922e-05
-2.08619210097069722e-05
-2.13528405286842565e-05
-3.11607350346471276e-05
4.71039807675040917e-04
-1.04266166754090524e-05
-1.85122998316456921e-05
7.04140410910485804e-06
-2.34968533236594004e-05
-4.35020106830175449e-05
5.45471133929459383e-04
-5.88623949983483133e-05
2.66864587255753424e-05
-6.93682872549919189e-05
-3.40655557635696798e-05
3.50452541347056983e-06
-6.73593603210123290e-05
1.77560872851796267e-04
-6.07765904099291058e-05
-3.85259594470248546e-05
-4.71614143176423938e-05
-2.41536862699796026e-05
-4.09895321526628474e-05
-5.42447267270632904e-05
-6.76110357690121150e-05
-7.55781563442052285e-05
-2.94880106410226390e-05
-4.58400619381975805e-05
-7.77731534564359017e-05
-4.54571960462371279e-05
-6.44813035142279733e-05
1.23693768040239016e-04
-6.84133425441485065e-05
-1.83977730608809587e-05
-4.82374283531668264e-05
-5.51371098134140357e-05
-6.24229484913148877e-05
-4.27645388106233013e-05
-5.73943480828248382e-05
-3.06943651419360706e-05
-2.91674591700281382e-05
-5.49828130097679572e-05
-6.36104347583802662e-05
-6.19473981885887860e-05
-6.34888623109436644e-05
1.75740706038960052e-05
-3.16677768908101066e-05
9.94121536716396253e-05
-6.84183856001573218e-05
-8.43891007052408057e-06
-2.22784552995089783e-04
-1.15581179391513719e-05
-6.07951991978450100e-05
-5.04623560203735542e-05
1.10738155555992033e-04
-3.50127244557375155e-05
-4.01447106127846197e-05
-7.20702285175228903e-05
-5.13612815846757205e-05
1.13530970670895935e-04
1.79975955442297325e-04
-3.58813038342029863e-05
-2.48602625938871077e-05
9.37121425647118939e-06
-7.26813823254474555e-05
-2.82333125489168341e-05
-4.61076428699639998e-05
3.78836239903722338e-06
-9.78400104886227996e-05
-1.55149110834399989e-05
-6.73002829192188916e-05
8.42390153867616121e-06
-6.15554573536418589e-05
3.08756591103655264e-04
-5.15293409727155918e-05
-1.69733210702569002e-05
-7.23024907875174922e-05
1.51826483674651599e-05
-5.23506081788983679e-05
-6.44305921240114756e-05
-7.51091872925652344e-05
-2.15919226980564394e-05
-4.52897111012709046e-05
-4.43817431677449682e-05
-5.80292870688701429e-05
1.21347480189911089e-03
-2.80760116952394630e-05
-6.43175479631810974e-05
-4.98584027260176303e-05
8.34321964200233432e-06
-7.71690521223243256e-05
-4.57836670524385729e-06
-2.43933278420910889e-05
-8.48963143383296524e-05
-4.06847383398298464e-05
-4.16341951675343704e-05
-8.29920946596805873e-06
3.38684260227046087e-04
-7.61889430261113382e-05
-3.80629000725010917e-05
1.17911576820446567e-04
-2.90563309317213346e-06
1.11001948961394684e-05
7.29569783576905273e-06
-1.60186605023829594e-05
-5.64286719761768467e-05
-4.61699155696188837e-05
-1.10825787757854103e-04
-7.35647527148713379e-05
2.12043189947446256e-04
-4.91127210909167412e-05
1.59857158510819133e-05
-3.04696704785371609e-05
-1.46062317426107363e-05
7.50820803389854884e-05
-4.88554390867182301e-05
-7.91533160727502270e-05
-8.82546007286759361e-05
-2.92086484133425388e-05
-6.51815084140192839e-05
-9.17875851917231031e-05
-6.35779280506028831e-05
-7.21996909855151620e-05
-6.58311110042407389e-05
-7.45631987082110564e-05
-9.43438128697863079e-05
1.92589545394365313e-05
-3.91031305663508776e-05
-3.64211679944550533e-05
2.11837336573506788e-04
-3.92417941732469330e-05
-1.74786241664711032e-05
-6.39563262501327941e-05
9.37106921339863908e-06
3.94200390896108600e-05
-4.16526982293981415e-06
1.98585064349993362e-05
-1.98638850202478418e-05
1.31028228060511305e-04
-3.58333177385041686e-05
-1.86503367826029712e-05
-1.00985969054435948e-04
-5.07227943749595224e-05
-4.21747022924913865e-05
1.12535848226742140e-05
-8.36885695171796072e-05
5.97987772902835286e-04
8.50164577435172960e-04
-2.99992444925491025e-05
-2.78853933651019508e-05
-6.53922297912337707e-05
-5.39931737869704740e-05
1.02853621978732609e-04
-6.85324981335774509e-05
-6.23516540743089288e-05
-5.34474862904842177e-05
-1.55960302582114615e-05
1.46919545124674693e-05
1.24966055700955644e-05
-7.41993275039813579e-05
-1.76500095821410493e-04
-2.19146734855212182e-05
-6.33742373849362625e-06
-7.44741693303217832e-05
-5.29821131182966326e-05
-5.61817373991868607e-05
-4.03789922619852363e-05
-2.76484965703952024e-05
-4.34163565808839394e-05
-1.24531539350992651e-04
-2.54049983824939830e-05
-7.03913500331593018e-05
2.40468432977315516e-05
-3.56276628379515348e-05
-5.50617535499807288e-05
1.40441059623760077e-03
-3.32709025539299410e-05
-8.84609887738112310e-05
-6.88593579241721115e-05
-7.72280833253501732e-05
-4.32840778867618061e-05
-3.77431478578876031e-05
1.11176124662477519e-04
-6.44410083397904757e-05
-5.57969204594301852e-05
-6.25922844268660789e-05
-3.61067392787267600e-05
-5.56953469825847557e-05
-5.33380422569385793e-05
-7.45789685931732947e-05
-4.87921167354869145e-05
-6.29684129170979587e-05
-2.36180515886937897e-05
-2.54044411114045675e-05
-5.07309949431498513e-05
-5.16315353944589450e-05
-4.99615584044855386e-05
-7.54076996599597885e-05
-2.73023656241349352e-05
5.42360735334460970e-05
-6.33820412976558576e-05
-6.71749490355382433e-05
2.91558282088788230e-04
-6.13154781632877107e-05
-3.84687420922645695e-05
-3.64943213068570497e-05
-1.76397417914778018e-04
6.37440763118330275e-07
-7.13428415913589079e-05
-5.74330968821426728e-05
1.10762434081237437e-05
-1.43714843653596513e-05
1.78612781384795508e-05
-1.31303821609383460e-04
-5.27025472038210308e-05
-5.07689591806408103e-05
-1.16700604864130778e-04
-9.24347625913156460e-06
-2.49383376310643461e-05
4.65370722833061837e-05
-3.30255384708667431e-04
3.90506669555640604e-05
1.95105976188535141e-05
-1.00635469629296390e-04
-3.50338799895472835e-05
-3.12264371093953395e-05
-1.32728134985500215e-05
-1.54359950353260026e-05
-3.45598489499785656e-05
-2.49485003233271060e-05
-6.29543235716443055e-06
-4.55259243583574846e-05
-6.63238335966814775e-05
-9.65076636356809845e-05
5.60688757497729035e-05
-8.78015909633157808e-05
-2.77191896895346149e-05
6.77799812163368696e-06
1.35747128245980143e-05
-4.36111118971838741e-05
-6.94286337502773003e-05
-6.42792777405731472e-05
-7.93433719306017708e-05
-5.93098000246668116e-05
-1.35255770472607540e-05
-6.48329154113088806e-05
-3.74462831950918415e-05
-3.42944712017190421e-05
-1.25625960080335265e-06
-1.57440526976030836e-05
-3.22650764221446240e-05
-3.20176547317132986e-05
3.79196077567645659e-06
-8.08155695419107895e-05
-3.35015930762835894e-05
-1.55193196392603538e-05
-5.28228464516735676e-05
-2.70253220638353747e-05
-2.05453300063113001e-05
-9.28981880058640174e-06
-2.15448813169792740e-05
-1.66452329724509901e-05
-1.62986811753289812e-05
-8.34027425655839720e-05
-7.23197052218197398e-05
-4.05712848899966998e-05
4.93300238149384012e-05
-2.73718954494987332e-04
-1.35181098747741435e-05
-1.81754997915332645e-05
-5.79544365967878106e-05
-5.57233776584758437e-05
-5.82261382235747246e-05
-4.86847315634892269e-05
-7.66542405698103307e-05
-7.65533787427654186e-05
-5.23224452119199748e-05
-5.56095272154309012e-05
-4.15489868885706771e-05
4.58998839176974206e-06
-6.58869917323859637e-05
-5.96773339850863096e-05
-2.00928377299453126e-05
2.88804188687397477e-06
-6.77441290989104565e-05
-3.44993312217523328e-05
-3.36286318049420742e-05
-2.82002982105432082e-05
2.99124205246860853e-04
-4.94219971803679215e-05
-2.23861848861394789e-06
-6.79735209684031229e-05
-3.04426041039460400e-05
-4.94648456400258445e-05
-3.74718470620421119e-05
-8.07536124933297948e-05
-4.72551365053564779e-05
-4.28738091815839017e-05
5.35807017902969215e-05
-8.48584817085344635e-05
-4.90007331360423990e-05
-5.33695168489018763e-05
-2.11605813724937385e-04
-1.09631353837370273e-05
-4.86086604192694419e-05
-6.85095253721809715e-05
4.70738965066837443e-05
-3.73404099688437563e-05
-5.81961516587825882e-05
7.96429978623139923e-06
-6.82507198486959293e-06
2.10411749394326282e-02
-7.04753937015949850e-05
-4.89147589647294761e-05
-7.61929970106344162e-05
-1.09088265625348607e-05
-2.31489246995961260e-05
-3.62039177431604844e-05
-3.86753269853343083e-05
-5.92490592865192107e-05
-3.14637845320401557e-05
3.97048823126824334e-05
-3.42883952533690504e-05
-8.37437515009836086e-05
1.23338699975539354e-04
-3.45574087760165029e-05
-4.24275217478689170e-06
-5.56077341749206037e-05
2.97622664922341299e-04
-8.29297334433871111e-05
1.52849020290928700e-04
-2.16350546573059118e-05
-1.32149862871258678e-05
-1.55273799292876822e-05
-2.37298829437201001e-05
-5.31889967042299187e-05
-5.12708589820025677e-05
-5.13274613589930471e-05
-3.51343477391922719e-05
-1.78576701374500808e-05
5.04291500691977178e-05
-6.09000054408802730e-05
-6.23234633844391703e-05
-3.07973489509964654e-05
-5.39921318168115020e-07
1.95310861659937302e-04
-3.65524351626549457e-05
-5.05791824154081348e-05
-1.51518385853863301e-05
2.51396332338776917e-06
-6.75416582500733682e-05
-6.72805160304737292e-05
-2.39549043723426606e-05
-4.77129587258216250e-05
-9.09987515869742553e-05
8.62119565200676250e-05
-3.72898462388014738e-05
4.61966796328996710e-05
7.41622081963505802e-05
-3.41259608204201093e-05
-2.34805205938649718e-05
2.04389001142164621e-05
-4.05127349889392794e-05
-3.32548847210078298e-05
-4.41894906940608505e-05
-2.38799654961004372e-05
-5.49299078705418485e-05
-6.75068762052582924e-05
-4.09034427542621383e-05
-9.28166640092321476e-05
-9.74221914182093844e-05
5.33666072360974549e-05
-2.90664537302103479e-05
-6.40775271790307793e-05
-6.07723680110459739e-05
-5.01375286130444956e-05
1.54848746189869312e-05
-3.60638815903634042e-05
-1.32501546669792019e-04
-2.43689305584843892e-05
-6.87152816381086969e-06
1.78388657412130370e-05
-6.94509647425350528e-05
-6.07917206121915625e-05
-2.81363323302838598e-05
-8.77880854508014678e-06
-4.91249619071341918e-05
-6.44680304550783261e-05
3.48106911855933579e-04
-5.29511316172403288e-05
-1.39708845311178234e-05
-1.13705044042373694e-04
-3.54674177234514155e-06
-7.88902694928441496e-05
-6.25567993368169131e-05
-4.69274518512377884e-05
-1.36448958163053669e-05
-3.30691991802215099e-04
-8.42762230339228776e-05
-7.08652376575952297e-05
3.25080491784491085e-05
-2.32835476309591523e-05
-2.43707743744546137e-05
-1.84945070080117286e-05
-4.36620992299967541e-05
-2.69760304674833884e-05
-6.71926625061297389e-05
-4.38986196000144081e-05
-7.01565655805762393e-05
-5.05287105275500261e-05
-8.88188586772781013e-05
9.73186491366222141e-05
1.50579218959525806e-05
5.46259022882203825e-05
-5.83116471306896429e-05
-4.66378394577409306e-07
-5.47341089254684118e-05
-4.00040627701531010e-05
9.00454243188215844e-05
-5.36784444056955217e-05
-6.00762362540957330e-05
-6.62586649180068048e-05
-2.72958890836188390e-05
-5.64022335923539217e-05
-5.40471775291372710e-05
-3.46703596806765714e-05
1.50069420502724237e-04
3.77771076582819891e-05
-4.37481873138181041e-05
-9.84900570714227700e-05
-5.15997132886677465e-05
-3.31003753407740575e-05
-6.43266989021083676e-05
-6.26071215156746440e-05
-7.92454416580114641e-05
7.39050985064111627e-05
1.12236601096021886e-05
-5.21139761002588893e-05
-2.36303275279925568e-05
-3.04037819260864609e-05
-9.22642338307432707e-05
-4.51840118732075221e-05
-2.92940132348872541e-05
-7.89859604222695628e-05
-3.28055011711528857e-05
-4.72306285089013297e-05
-3.74272433909593366e-05
-1.90929149142738958e-04
-5.84431991628898300e-05
-9.70947337848669640e-06
-1.63721211655058633e-07
-3.69974445445492550e-05
2.57961193993422148e-04
-9.02504471501099060e-05
-6.86709712781759276e-06
-1.92112247462403115e-05
-6.44027861781355565e-05
-7.76198149466142233e-05
-4.14065783409063370e-05
3.87527248871955547e-05
-2.85592938999690272e-05
-3.39307112277341459e-05
2.06523174689701812e-05
1.15411693700723732e-04
-4.94444310630179725e-05
-4.92455159554927065e-05
-7.62577903147817695e-05
2.52992936521921719e-05
-1.94746770881401619e-06
-3.73789227128607082e-05
5.14850114194975489e-06
-2.21484214466693031e-05
-8.20837582922888712e-05
-7.39504952741844524e-05
-2.32485662411583438e-05
-6.28151429578518560e-05
-6.12079738935775706e-05
5.19222979302752562e-04
2.74854612743358380e-05
-4.41447333988758393e-05
8.27808833383754990e-06
-7.40443905642876419e-05
-3.34820592930388242e-05
-5.76497605976321618e-05
-1.29315563820195838e-05
-2.67945355442610996e-05
-6.44290237390501976e-05
8.22583699704236386e-06
7.90328341097870841e-06
-8.53625294733229332e-05
-1.65882357696648297e-05
-8.66347838931153067e-05
-2.96916849129648452e-05
-4.24825346259745173e-05
-4.84280496343075532e-05
-4.79931858115050978e-05
-5.54917711580840529e-05
-5.87757272597406959e-05
-1.99429438702782073e-05
-4.64546823947752075e-05
-4.36868291331771836e-05
-6.12664620907666714e-05
-4.14951761078528032e-05
-3.59958004541218054e-05
-1.01429957283851561e-04
-3.27508640586972351e-05
-3.31149085697871024e-05
-6.17279216892603687e-05
-4.29043828818850593e-06
-9.75830492876846961e-05
-5.53454873659234696e-05
2.85595673038095422e-05
-3.92635858487553111e-05
-7.55565084878083166e-05
-5.93445261090235811e-05
-6.93851436197975738e-05
1.96451438829413440e-06
-8.13947157594501906e-05
-3.64952606490405476e-05
-4.44137715591337589e-05
-5.72918345594650776e-05
-2.68349246237363414e-05
-6.00901972035813208e-05
-2.70210273857031693e-05
-3.43859789214568049e-05
-3.25015835050539124e-05
-2.71132679944387705e-05
-2.86567993170104869e-05
-8.34225975813030060e-05
5.05501797097845517e-05
-3.90039337907706113e-05
1.64076255003328111e-05
-4.46012091048822153e-05
1.02950612369985051e-04
-4.71200236585654084e-08
1.15030245544621489e-04
-2.99227424989138906e-05
-8.59620038749869076e-05
-4.81690610658188029e-05
-5.57998581468647245e-05
-6.15599641843953948e-05
-4.54080947479424321e-05
-1.11077838359738402e-06
-8.31630936880779965e-05
-4.65290009428870322e-05
-3.40444370650987884e-05
-4.09216527695447201e-05
-5.19990310378770767e-05
-8.67045390896078219e-05
-6.11640199822796919e-05
-5.48108929413435730e-05
-2.04219622454086718e-05
-9.70442619015915339e-06
-4.17706406376822074e-05
-6.94966011422659029e-05
-1.11525657820882900e-05
-3.23686935995967423e-05
2.72278495421987401e-05
-2.53344362947397958e-05
-1.12673270302538609e-04
-3.66333470908476402e-05
-4.41854114291286723e-05
-2.39355140137257689e-05
-2.99757155402435762e-05
-5.98041784394753796e-05
-5.13583014071436472e-05
-3.39190763910327122e-05
-3.99900210857982567e-05
2.27448831219222069e-05
-8.72844076465878449e-05
-4.84104608096401093e-06
-5.15172237867681640e-05
-7.42883843770118996e-05
-4.44171449930363542e-05
-4.67908897846135743e-05
-5.05153329268730953e-06
5.87733178713638688e-05
-6.31693763576427684e-05
-8.02315191571852977e-05
-7.14954219567110329e-05
-1.25756894554220555e-04
1.64585619113079065e-05
-7.91703575453587606e-05
4.24362715040276948e-04
-4.86084539467749650e-05
-4.14291340191052948e-05
1.74254998047366095e-05
2.83479463065910216e-05
-4.64177211091820643e-05
-1.38616614688752849e-04
-1.28327165827315461e-05
-6.48195060741169158e-05
-1.65283610743887331e-05
-3.62602789189070087e-05
-5.34701342470494525e-05
9.99282113584581023e-05
-5.72718356844515648e-05
-7.02285841019665208e-05
-5.30996500549113595e-06
3.45565607876347459e-05
-4.60283853348637085e-05
-2.35842555753612892e-05
-5.55229367420961514e-05
-4.57840293700418065e-05
-2.75444821918095955e-05
-9.71861095315153147e-05
-2.69493413192510361e-05
-4.27749734452389206e-05
-1.38170001749549521e-04
6.87253258067925727e-05
-5.43023344344065016e-05
-2.36652470441258225e-05
-5.16083664956630528e-05
-9.64381479635953697e-05
-2.62155037769824635e-05
-8.16971639915179570e-05
-3.88825330029361917e-05
-5.63830210261256635e-05
-7.94864817908789252e-05
3.79577362270568132e-08
1.41471823936398561e-05
-5.03785352246778521e-06
-2.63942479874213203e-05
-6.09333116712325448e-05
-3.95991590905438442e-05
-1.44321755855686441e-05
-6.22766480041397251e-05
-7.49026193866434917e-05
-2.04219901764295781e-05
-7.55372863974153373e-05
-3.66741423341464847e-05
-5.68681823455569871e-05
-1.29478712644475681e-05
1.06885148990618370e-05
-5.12814352037449891e-05
9.99036021409178447e-06
-9.01729005618348789e-05
-2.20448285664941776e-05
-1.37359663773269189e-04
-2.20241161203574612e-05
2.42539931498702245e-05
-6.91754037735184190e-06
-4.32462618636233678e-05
-5.10826427594984070e-05
-4.50457273111486511e-05
-6.92019956962762332e-05
-5.81122624454708615e-05
-7.49213216042956404e-05
-3.59203997801963554e-05
-2.61273403356351036e-06
-6.26937217067055240e-05
-5.64061248356620458e-05
-3.63642822536232443e-05
-7.44779012514340766e-05
-2.29762455213668599e-05
-9.42693551742844075e-05
-4.72142773549741779e-05
-6.74861056607072859e-05
-4.00397372654990046e-06
-7.14695304348286319e-05
5.58938412371709297e-04
1.12429221563253452e-04
-9.98105346462484074e-06
-3.06178188418241819e-05
-5.20417189712163894e-05
-3.45478549549667465e-05
-4.89202367760737089e-05
-3.75975651852958483e-05
-4.67792505602372113e-05
-7.08248021606130241e-05
-9.10224654549332871e-05
-2.27389704265854281e-04
-3.87417972571292864e-05
-5.69878067142828197e-05
-1.94852080282290395e-05
8.25509682395210312e-06
-3.96917503897922515e-05
-5.45389174370096343e-05
5.48552702869133012e-06
-3.01951360019315232e-05
-8.52155690094952119e-06
-4.16155318768890355e-05
-7.41174750392008827e-05
2.33906382490111964e-06
-6.63665232880982588e-05
-1.28934715362077208e-05
-1.55157479234018467e-06
-3.17309713339498602e-05
