%%MatrixMarket matrix array real general
1000 1
0.13120442050519807
-1.6795781022642196
0.3455715902513767
0.7358520929385328
-0.2730015236669801
1.1465296514830787
0.40231607429209637
-0.03855371680635816
-0.28709498018600776
1.744735564141048
-1.2983117016772903
-0.8694050192856554
0.28090966687009755
1.5815435640604891
-1.5672590430902973
1.7488187548979652
1.051529604055624
1.3080737980548736
-0.39783469677320293
0.2656781243478325
-0.6752238917756866
0.37690930231430514
0.8387042266937587
-1.7320413891069033
-1.4760019245421068
-0.9203812455334572
-0.5597889497296034
0.6069228773805386
0.09977904325090199
-0.8563728198424618
-0.37780136721345653
-1.9244939108128256
0.6706965359270911
0.9020541347289939
-1.0502779141486513
0.271917922445377
0.48624435772676283
-1.302996606998137
-0.1749925973384518
-0.11252816848133505
0.10367962603504642
1.2432183029784925
-0.13272348941663104
1.55030231541225
0.36438641540645844
0.34816016317684995
0.3406525718088667
-1.4266171654908473
1.148660122514937
0.4491172893699513
-1.5795097150637842
0.8617767349456295
0.17382988797357837
0.16882415716489174
-1.0896072330440205
-1.4301165549671617
-0.04932054367212413
-0.4074579754840097
-0.9722910680673008
0.5502718467007786
-1.0884633147393035
-0.3503527768735279
-0.36601267886988037
0.40143380820898894
0.7750300658298719
-0.31510091134345847
0.2873168813659047
-1.8621389021043624
-0.6470069678476281
0.7898253815543015
-0.6048968115510105
0.741073670996144
0.43530386877972216
0.3385830778384187
0.13440647896648922
-0.40648798193206287
1.4548692515651445
0.5133842351710781
-1.7488530125878108
-1.7800853459568302
0.5963332093661805
-0.2564622617500664
0.41292335843214734
-0.7428731604815734
2.4744251073254753
0.544560232281459
1.0110784578335934
0.6350470500533013
0.3695211055679087
0.1302893575401447
0.7026391752444284
-0.43533843007751466
-1.051897986156064
-1.756127843561197
-1.0951463395756016
-0.8998772400099899
0.8687668035135685
0.8473644379452494
-0.31100956170249483
1.4042661372619156
0.9895386519399832
1.3677083470688305
0.7746233675147622
-1.4860034017721526
1.7054678688210456
-0.19359161933898647
0.02639000259750057
0.5831062618969748
-0.42432996005543056
0.2368756482384143
0.8266980502034674
-1.104486526597946
1.1292324028064071
1.912325112711818
2.4789939415710234
1.2624602440495767
-0.9774518648171256
1.3350488882330869
-0.8605447102069195
2.3399757963144565
0.5729088315358951
0.32015677309351775
-1.2426293650590698
1.1708223448551978
0.6299220658548997
0.48213465401495736
0.6993707867330581
1.136612570644614
-0.7993725914126912
-1.0997552108907933
1.3631631297503497
1.3655710435501733
-0.9832476200216648
0.8765422995188202
-0.6157063247040342
0.7640414604142741
0.25496023658641354
-1.6289383669100221
-0.5099901667509484
1.068042117015129
-0.5268596070334177
-0.014602507069282145
-0.1982633556792073
-1.1711726982507633
-0.12956220015367637
-0.05962869865323063
3.2627298739615513
0.7398613266308312
-0.9706316947663834
-0.15612435855541054
-0.04563962010973935
0.6263191680751715
0.5415116561542029
0.23587375784209996
-0.08819569020473692
2.7872688205324225
-1.0089943018373462
2.038711858722046
-0.35923785775376355
1.5431005283859631
0.5259934640054285
0.7413334784730904
0.35240998314019406
-2.1792976130433863
0.05805504073498178
0.7491007026743708
-0.29924247069675275
0.05613675930330301
0.6133872881973704
0.5783881378133119
0.9366574797962569
1.0006454362989994
1.2583112267716463
-1.3075639499880753
-0.7253907754977453
-0.18986318013509415
0.5952139925169242
-0.8008205272365834
-0.2307213259450581
0.1694018616873161
-0.5337930498966292
-0.7174730697025664
-1.093891374647399
1.5749278775399471
1.7064241426727602
0.4469179219017258
-0.23254166384943983
1.6148970584606372
0.43064219387909686
0.9087480960232406
-0.4398536779552759
-0.2576431860835403
-0.8792789881877149
0.23450654307404795
0.4771779111821121
-0.005135942889005178
0.43824610992694985
1.5073293758962247
-0.36751889324397985
-2.1957804960036196
1.028813503775992
0.5777150805203322
-0.2756757951385179
-0.7722078567038413
0.6486390247791411
0.22423963149391352
-0.8218193108714935
0.9498263053945112
-0.5257951081166156
-0.016910033515308613
-0.9335476845937241
1.3361445612646747
0.3354680821906299
2.7277437124883734
0.13459665801899504
0.22046331021227544
0.7004949843158919
0.042950453179288306
-0.04391032587018034
0.8352558477789758
0.9929348909668788
0.06808300464964541
-0.9655243173255028
1.5391101202792148
-2.174740673377341
0.4917290143501153
1.0983373388683946
0.1594718816076958
-0.6575908028855333
-1.2090067565722444
-0.3929302308320249
-1.7684397878703866
-0.10058811570382949
-0.2866332936164569
0.9067928965961679
0.38520450358931246
-1.8943192077065756
0.3119558885149634
-1.6845927787426953
-0.41495010652397024
0.5710006955935515
-0.20753553640770822
-0.5703339090214201
-0.6177008056105027
-1.1538042501283192
-0.4293388224049032
1.4490053056540646
-0.1296631222294497
0.192564859702556
-2.697135255271835
-1.099520514970785
0.373746359331201
-0.24218623698812136
0.9786221909208604
0.2554591352926044
-1.1673710850776173
-1.1285861208904353
1.226744009803744
0.2783138985612068
0.13607684356425015
0.13651635166259782
0.2942350681624278
-1.539093088507073
0.45277722612377974
-0.6671200455056275
-0.8513827653276219
-0.09880020313026923
-0.6300483964055881
0.7024337574033099
0.255293072226077
1.0155653628868968
0.985955934639295
0.4479085325275261
0.3660407088785409
0.5599591701095934
-2.3098596921026164
0.12161717362222156
0.48395013222228667
-0.2527074699957455
-0.6329240304246305
0.3179095555766103
0.5334877917996153
0.37019842410601594
-0.23951695422124858
-1.0635990217607951
-0.46768389143477185
-1.076914252429351
0.638771405675915
1.9461989111158133
1.2759949137529412
-0.43442071047394465
-0.9589089662710334
-0.11245122427954175
0.6215665892838247
0.2852646016350375
0.5058391630028527
-0.630765727149216
-1.966756229279658
1.1686951683767552
-2.105372438486332
0.07156140493383738
1.4673941835155355
-0.14761748335240515
-1.388117560459247
-2.021798001935493
0.7846877583050321
0.3038920722023899
-1.0288686787425114
1.1821758572735173
0.3337725802182396
0.05009811817016915
0.3126352543625893
-0.9311829958099135
0.15270409614734962
-1.113978132096933
0.36018217983992573
-0.12013040008483834
0.2493307449643952
0.10122456751919094
0.9190600171490478
2.042430867643088
0.5762527419152541
-2.1035255350778197
-0.839269654497445
0.450611362823184
1.3793925308344246
1.0876155080251022
-1.6653382432163117
0.6741082395196255
2.4527415566931636
0.4779305445422293
0.10333142827423353
-1.6504667941097744
0.4901222569498925
-0.8110294956787584
0.7091637668200131
-0.3769749488116925
0.8639433994367628
0.8968275661456113
0.2812752410499433
2.0591906794380823
-1.7548972645069691
1.0464717701598345
-0.7350669021109897
-0.3148682790076147
-0.4385786697174937
1.6207165616865584
-1.1481418395975604
1.1214931762340803
0.4953527583785838
1.102847424326187
-0.4197835063376866
1.3098246635665234
1.4869918866216816
1.8071798874568048
-0.945415624008512
-0.6243305288698897
0.05855643521533011
1.823489758643991
-0.23699828349265495
-0.815708585196529
0.05638682673093447
-0.6932010301278775
-0.6052860415561402
0.4840306066510023
-1.080665922185064
0.3058143648752056
-0.3058665443403397
-1.8491598282775716
1.6204354333837154
0.3717684538373293
0.32619821495745366
-0.5779119551630155
-0.7320454311191766
-0.6172183831655178
2.244917295461047
1.5797228698674544
-1.3787601517139263
0.24400334184572106
-0.9570099296211082
1.642416604357124
-0.20580768728821253
-0.2839847123232708
-0.8901004076620291
0.11226626155704851
0.7499231874731438
3.081011861801273
-2.246186403677367
-0.20313636640883653
-1.413449192796068
-0.5612140457951535
-1.232576747706142
0.3335272976121366
-0.866377965104888
0.6303788666251207
0.27413055179352647
-1.1459291855029297
-0.5305939469895361
0.4459482727331425
0.8926654282264875
-1.3412813062452984
-0.08701711785887897
0.2393058464395434
-0.5841396791216701
-0.18929876449692953
-0.7754379599731455
0.43259767240110125
-0.5837786048381933
0.47549181567413956
-2.485276799612324
1.2456329312084444
1.372301390339892
-1.1484830783044264
-0.03588132986312454
-0.9743989193493603
1.6132689810064407
-0.9982827994574781
-0.2650546946947311
0.3607668425068452
-0.4901948363593035
-0.1599285049806394
0.17425321310775646
-1.114513718854374
-0.23521484694262196
1.9494401283258276
0.6551784543768767
0.084290953779496
-0.32893238144098497
0.19277953100852074
0.04319233318958125
-0.8138457046655311
-0.1810272212681058
-0.9514698988265927
-0.9067094098329804
-0.9434542606814208
1.1385478085186076
1.3863778935513855
-0.7834884804009478
-1.7715479946361106
-0.9195572442429994
-0.20172687445677911
0.1454057095981026
-0.711104269199539
-0.17481200887576046
0.04887311963923572
-1.536468619177595
-1.3076670294793127
0.0491879346011313
-1.0745587764761517
1.629769119244359
0.6945673595501443
-0.2655681022082955
0.9058716640667973
0.03520649530432501
-1.3891445005741763
-0.9254681280154887
0.3683453572202591
-0.5345348804651258
-0.6227435350530593
-0.4035696016984514
-0.924001801306435
1.0696594270791917
-0.31876915965993086
-1.4702990958058626
-0.12656786875893358
0.4399936500605999
1.320377849936684
-0.20400391924860609
1.2708829399621968
-0.6995046492291018
-0.08017950571401274
-1.7777112503936936
0.19108030496735554
1.139390631169126
0.6000486688788966
-0.8928776853753738
-0.8464532870106768
-0.7878916504266379
0.42464685957320725
0.5511428524716494
-0.8469144687966945
-1.3804570424300082
-0.47674433294852414
-0.4059319719776042
0.8951496199380082
0.7959965357199479
-1.6772360589068578
0.26046101223968743
2.5281191130231946
0.632701683353245
0.21456643130596878
-1.1486270393802585
0.5574176224833443
-1.3443190328571908
0.030162148417375058
-2.435484686348274
-0.47470992441338344
1.4635833689406783
-2.1332356925871503
1.5206742766663979
-1.346625141192675
-0.46084891146103896
-0.22923429902150194
-0.2502228999201353
0.04030927061346032
-0.3748826396398486
1.3679166823391367
-0.7745114855083427
-1.6758129805021862
-0.9653651119169493
-1.0407301783582026
-0.12559450416154655
0.14985721617673495
1.1068065142099357
-0.6080038020059308
-0.08943357466465493
-0.6325625989613147
-0.5448349074702579
1.5254665845274007
0.8521118726575869
0.525166371689089
1.2531194592727397
-0.32117636720804194
0.6293664708562123
-1.4218957857229881
-1.1654899714292546
-0.45366234537710204
0.8498691654285643
-0.8594400467537185
-1.2413345534825804
-2.093216346569198
-0.19037845842137993
0.705124799594301
-3.6903857619029456
-0.40232012666396544
0.4613169989581253
-1.3270219088534512
-2.3707331240336105
-0.24615709720026585
1.4283146444930825
0.49674824372161663
1.454725673917846
0.3915027699194648
-0.12660267659217755
0.4562280398764285
1.9235488950153976
2.079594477023872
0.4730938865957123
-1.344067612857589
-0.9481025801226373
0.9116885823378955
-0.061771433183669566
-0.24579313348031628
-0.5097567623607474
0.708545573980053
1.3006592953490856
-0.3826299267150712
0.042379907287920675
-0.8703335041186567
0.6022071083961175
-0.9715455397604116
-2.4152452131808944
0.18124693673937117
-1.3880554945526848
0.7153531607834024
-0.6656713963730566
-1.7622915158094603
-0.02268342974602157
0.23816304238706865
1.0458753543973003
-1.6732784735245525
1.1541746237173576
0.27818147891641826
-0.32716409122930507
0.3832762789986559
-0.6508284860249304
-0.13065744513121547
-1.1133206344659137
0.014812364413699338
-0.5889759999601274
1.2065756966705146
-0.6578009851448835
-2.399470971616216
-0.11659837256231205
-0.2479309386661946
1.0032678796151593
1.4292299736436185
-0.65774895698026
-0.3840522794705563
0.9241960651714347
-1.7481005770322953
1.3757159862117527
1.0706497848055396
2.481755806931308
1.3306915500265595
-0.32938498588061416
0.4642214695200806
-2.3139186969314998
0.34681007814635106
0.14602545874385867
-0.7571991477876769
-0.7907823353435939
-1.4279000955558958
2.0041882858658697
-0.9591180009883542
-0.021927482540531937
0.7978499140812494
0.3793677580235479
0.03331883763638834
0.8199925082672668
-0.12820837638505025
0.38930694488286244
0.21357403742568415
-0.03512928999640394
0.7563905165791871
0.6077328079807506
1.0288479813293443
-0.4399190949290604
0.1653695019203906
-0.9017599122087933
1.7463070573429675
1.5070755019055517
-0.31957747612396564
0.3655907884000458
0.6718320708803655
0.3836029878574827
-0.9828399355613641
-2.090728458141865
-1.2499055375836128
0.6171215683294475
-1.377377002105568
-0.3615251501818044
-0.33858564956329196
-1.6276317231134338
-0.7959360809738337
1.0429506970927425
-0.6044629783388318
-1.9156148575262004
0.1691994363074489
2.740755955408954
-0.48912077779040064
0.6454957271767885
0.48123760011917344
-1.7269735308108543
-0.027137122448513726
-1.0405063971060988
-1.0860185525640251
1.462315078689331
0.6676034037588225
-0.4887496229565399
-1.1501295815113604
-1.11381900866463
-0.4262426146455587
-2.032949772241004
-0.715056101669523
0.8420845940724416
1.3966694334158025
-0.7268663400181294
1.1821471450181027
0.8834942163358281
1.5782206888806702
-1.444304243878408
-1.1247575253217434
0.9175877468538463
0.4573101869421057
0.3759927600033839
-1.2162218523366466
0.7902211681216145
-0.6936859605863115
1.838867451943155
-0.6661312813608189
-0.04544426127810168
1.0905726745202664
-0.059788802438668506
-0.22208666843416117
0.1402817632109149
2.041081776088564
-1.8266021840820719
0.5433667937295253
-0.17798329965608503
0.07039487671852378
-0.1993212953156642
-1.1263898751546897
0.7895044798579097
-1.6810405831048907
0.734033889222996
1.97595678779695
-0.2263036116130091
0.3526076018694657
0.7288998819962982
-0.2957224123765395
1.5531534727671241
0.5176510540230561
-0.8672890193054165
0.6042717345742532
0.7075718380609022
-0.7902035251104639
1.139046878242443
0.4067747651035869
1.6782197621055481
-1.0107393134763412
1.9276196726496222
-0.33631623460650417
1.309654568070253
1.6895750947557193
0.7539331256813536
1.1516920071004275
-0.6625068121967217
1.8119218105165789
-0.44193579434603414
-0.11564314902487095
-0.5745568498363257
-1.6136407857211754
-1.6641127888499172
0.7055526728199233
0.25057822806368324
-0.04285337172103759
0.2276083943515426
0.26053153158846093
0.7400548583830693
0.33712983383502876
0.31228573275203736
-0.23568446714184138
-0.6725774886301171
-1.2967748585745718
1.8729290599895843
-1.4078827048286746
-0.5182363116196118
0.3786996878925386
0.2375864251257015
-0.4235175985736988
-0.3584441641713979
-0.5810154058988305
-1.2093975675059798
-0.7099195180016127
-1.7040690903054807
-1.139680538245746
1.0068378697545066
-0.31251443969007753
-0.1226378583115716
-0.3478045738100527
-1.786698587080942
-0.5046124082393019
0.0441740823694497
0.29985549582896687
2.6277700892228175
0.6286789846799117
1.608056564976427
0.7791933178431879
1.486405936454319
0.7789701645004412
0.22734518939236018
0.10432774014584228
-0.9544743895034419
-0.654751582255857
-0.8058587164746188
-0.9030512113074786
2.053965575126242
0.5103677521334692
3.007706507771213
1.0853647631811556
-1.5351208334198985
0.6711028873315193
-1.0825227545674578
2.2776615268952782
-1.4388564313147452
1.1423423371201256
-0.4549955111343808
-0.13452383633738962
-1.187557957029666
0.9829117334960203
-0.3915140392381547
0.41630157978295823
-0.6480115375873999
1.2223814596680573
0.37529614395432975
-0.35718396063564284
-1.3158417325152296
0.2915850856573692
1.495621376774773
1.211862560262394
-0.943301461384642
0.03317531318470866
-0.35485468342762455
-0.6801742723562895
-0.05241896659993263
1.0092544252801594
-1.0673533895504042
0.17798997639956743
-0.802079653914688
-2.1010684817656218
-1.0814753433480242
0.1757678123365172
0.5882078440740622
0.12885761969359757
0.02831089741688602
0.8469431077898633
-0.3597927145136346
1.0452462489903083
0.6614415284852538
0.35252158342700995
0.2898490018548194
-0.7869097729253277
-0.7446241859489278
-0.19658228600202082
-0.051687609494407344
-0.28964390430694753
-0.6433477288339657
-0.6184690576575458
0.30092100216957346
-1.0543071058350515
-0.027252088977516874
-1.3036123014875534
1.4517703116330478
-0.650672351520159
-0.3923463508468077
-0.9598309722653554
-1.86688503375031
-0.1912847849876743
0.6303105389058826
2.3026512829083443
0.3528519269626225
-0.6920109392451791
0.4421827797582607
0.9566111611777274
4.183169714196992
0.0452409330548208
-0.9407194403760315
1.1059050144239801
0.8974225528403627
1.3124878152720958
-0.02232841583854684
-0.9047559049960092
0.7281413650807779
0.13507375183754944
-2.509555311130734
0.29154490979950065
-1.1199821727263866
0.35333009541900745
1.02590180581774
0.42333950954295096
-0.2908554756427618
-0.8424269365927899
0.3672038514821784
-1.1341767817724784
0.5085169072501272
0.1929606621424731
-0.840687648232197
0.6908198135343815
1.3124320855030815
-0.5168234320836859
-2.486262671502392
-1.1031788412842494
-0.12393660744169617
1.919342173215385
0.1600915278243701
0.7859800046421588
-0.34060190961630604
-0.04538856919276757
-1.6910918344108457
-1.6688690534243829
-0.6859657914133965
-0.35939387546480267
0.47425077373079116
-1.1731788479530603
1.0806994088344657
-0.5675867557181411
-0.33977411492496895
-0.6482970818115268
0.47969251942107227
-1.780286845376121
-0.6567682280342315
0.49684784949325644
0.14434561423502146
1.580270029572383
-1.8291609934339903
0.09326301852715274
-0.047335831117153795
-0.7304679382412818
1.6086558873256522
0.8874414950102912
-0.10399225385060193
0.2537488681007377
0.3223056079820678
-1.2604256022401497
0.3246893537788445
-0.7636024530135733
-0.01901236637052691
0.4760251607345431
-1.136355475063145
0.013867158032917956
1.4321728640232476
-1.5401787372333402
0.14331657875067558
0.1710904596201948
0.09695342702031944
0.15326828392535316
0.22026300285397524
-1.360005170663255
1.1844606417195114
-0.6283395443720314
-0.4827555326194714
0.6302801315357301
-1.4910735867053677
2.3934311493863727
0.24062157260617256
0.34737208189089247
-1.0883806794260316
0.4812548887321542
0.32860738015867724
-0.9187414339585116
0.9038527910665611
0.6563558797785619
1.4220526207164637
-1.4954469080444326
-0.34241763125567454
0.9595389184541425
-0.49186175034600543
-0.8647372398346367
-1.5879305989699093
-0.8948858291553803
0.7383959229168962
-0.5617076874789909
0.509652005789448
1.118215055785373
-1.0683474556428254
-0.25785345463853815
2.260568339951936
-0.2450471063843953
2.2770899111346448
-1.0131979533732884
-0.8471571384816451
0.8527203838154703
1.2120039319860387
-0.8904647749643391
-0.24973653689973763
-1.306291672644627
0.7331922040522272
-1.0659063048921587
-0.29485815450451686
1.0558360002427596
1.324030606811951
2.7090270793559963
0.8638646119323989
-1.6554196590651764
2.317236246856989
-0.1331867672553506
0.565837195773872
-0.6880323880447756
0.11188357154325484
1.069091653972157
0.14553055390116695
-0.4431813047794976
-0.4114533356495491
-2.2955496206350903
0.33106853768507777
-1.6540443098839694
0.12453915022168797
-1.1658927282321532
0.8716546412413039
0.3682609305621504
0.5096305534858167
0.9807252637194511
1.3475460205304113
0.0011314586429394622
0.9225575361613106
1.2604435001394383
-0.10148635668043074
0.9786937668937893
-1.6299765858802884
-1.589612146971999
0.8946144608985154
-0.8600195408906314
0.18720561867054403
-0.8023418141833099
-0.40265128169451625
0.45619154432276043
-0.20439492507232565
-0.6719875895915587
0.9802097214890073
-0.7594420255830496
-1.297932845278317
0.8561811114009156
-0.1403907043225736
0.013387979073299087
0.4657154046997913
0.6654053664036552
-0.4600602253782425
-1.364667972729238
0.24297019998836222
-2.004120023506772
0.19081691668294973
1.7499981995134974
-1.2378394226760379
0.6016713926785501
-0.7673236709275244
-0.807278112501204
-0.8434683715275813
-1.2909303845181992
-0.16550703164985764
