30 30 39.0
2 1 1.0
3 1 85204.48482939006
3 2 1.0
4 3 1.0
5 4 1.0
6 4 31446.109045834968
6 5 1.0
7 6 1.0
8 7 1.0
9 7 2.3385575165958526e6
9 8 1.0
10 9 1.0
11 10 1.0
12 10 2482.6823925675103
12 11 1.0
13 12 1.0
14 13 1.0
15 13 16.31618121781004
15 14 1.0
16 15 1.0
17 16 1.0
18 16 5856.480940816639
18 17 1.0
19 18 1.0
20 19 1.0
21 19 164420.79575413253
21 20 1.0
22 21 1.0
23 22 1.0
24 22 82.37588464998369
24 23 1.0
25 24 1.0
26 25 1.0
27 25 1.8077958419136845e7
27 26 1.0
28 27 1.0
29 28 1.0
30 28 129841.71358114667
30 29 1.0
