%%MatrixMarket matrix array real general
1000 1
-0.6041723401553875
-0.24154970487563315
-0.1645207383125788
0.5489590255078465
-0.006647724135199822
-0.02971534352076376
0.08668538273185286
0.29297208210765324
-0.07853603259850457
-0.05125187438104347
0.4178000089328636
-0.0811236280041596
0.05107296143048215
-0.09748725532083843
-0.7541076396980647
-0.054271910404295076
1.014431872689613
-0.7753024415975533
0.18423286265601083
0.06094529688678129
0.10833006127563273
-0.9786032617524728
-0.38406332001438775
0.1314248149454407
0.47115567402143904
-0.3343291930284784
0.28355713567614366
0.8371740907140716
0.28736152420410804
0.7718313009537328
-0.06123932449940399
0.06962219923775474
0.24116979083455836
0.24952031724633622
-2.730287185196751
0.11786912090674449
0.7670280208081878
0.47862504780055176
-1.4939241506037233
0.12025873769357767
0.47764112138813986
0.02422641062985941
0.26449785670311454
-0.029487174472516604
0.01394477004234689
0.8511352104412804
-0.9944538484871623
0.6895255523560581
0.3741535806501087
0.33791061819633944
-0.5712515664018137
0.14591881290640454
-0.25420778540442657
-0.23297702366640702
0.09128741942116864
-1.3437731164886546
-0.052979413853463525
0.4564573395092381
0.08136709878158088
0.31402863983888807
0.12367917539803076
0.20071315795737482
0.06585528690296301
0.2554709641188973
1.3514106043443401
0.05221064510240255
0.009312151654297144
0.1844186452676747
0.24299718480496615
0.1761534259428293
-0.2874501533644683
0.3072600923351631
-0.03423999782399871
0.06959191753524892
-0.3134054591481818
-0.769750890935929
-0.13916041365491655
0.04897228886944336
-0.1412496787311496
-0.03796289603626627
-0.29696317106106196
0.27121922422890987
-0.05048592477596153
0.29251240197581835
-0.4070881667002195
0.3098928893898712
-0.024063915325901433
-0.0803810623296482
0.18972723757991908
-0.9876693129635864
-0.579770534425197
-0.6161836205889202
-0.13766056663121254
-0.13312901714337852
0.30539925791737615
-0.30278783126368003
0.5424371164264231
-0.06618852200344874
-0.7666418645555656
0.07048513841420101
-2.099056373330899
-0.36434757184613903
-0.31989617525185526
0.18399935821666047
-0.14590203223632847
-0.3720312230148352
0.24949377817876667
0.08251117917095176
0.919630184412925
-0.449242976380963
0.1888784678112047
0.23910809675839298
0.34185917081131356
-0.07894380322031805
-0.05046740669240686
-0.5480291776569713
-0.22469931696654621
-0.16045547228982893
0.10511236540875464
0.497185980681456
0.1583011825173694
-0.15073474273696327
-0.3632216786813305
-0.26611374346991046
0.48985891958401984
-0.268295961265783
-0.7920350194315414
0.0926623070261909
-0.019964549647713502
-0.33853608740890667
2.2097836998129603
0.19527342498897607
-0.9269727806874684
-0.42996346853345746
-0.26902353759970454
-0.1623561808261088
0.304079741448701
0.11308561651769723
-0.9093694862919822
0.09138257947086871
0.09884326444601
0.1164755402342431
-0.044324906806159727
0.01188671823970689
0.28374866315472924
-0.18838046150681662
-0.17329745858161463
-0.9694440431772408
0.7633739465688414
-0.021109727197811578
-0.11277559829134896
1.3054567724204253
-0.2144871897000811
0.36037459921865866
0.04811574439734919
-0.08013772404662424
1.434184489124132
-0.2595835380251488
0.15101688909012279
-1.9238897659012233
0.35744038814422974
-0.29465385034455466
0.002662985458139851
-0.3879094074363585
0.18394694070849052
0.48105068532928685
-0.06614721157931301
-0.23013181679784653
-0.44949429212670255
-0.1859883587071228
-0.2534549337845214
0.26107668567437703
0.3889901345694284
-0.14374121833755982
0.013285145591880711
0.24461487847799618
-0.030667602281081542
0.6112594394957007
0.1180191038261471
-0.19430528943760736
0.2030872810085198
-0.39944699943024764
-0.0030129908606654748
0.29874914849893336
-0.2900492439709028
-0.425794285511168
-0.6852453179123296
0.0219095255990685
0.27693553514796376
0.856237841891863
0.3632896333495544
-0.22602058164131097
0.14771790856050118
-0.31234999606090563
-0.8404714238621619
-0.21402960032027724
-0.38719825234828936
-0.20484173298638111
-0.03375572621272174
-2.172154143713667
-0.39692889809236204
0.04212549577899669
0.6393185284351413
0.2375091526099115
0.056503603347238286
-0.3491164228156583
0.10925699451703216
-0.1147609405833681
0.04680724301191425
-0.05218676900239977
0.11366855345336925
-0.5276778331272415
0.6668081931052894
-0.4127670467287801
1.5662683493381828
0.670571898595708
0.615256709987851
1.0134409857145272
-0.23567258788439138
-0.07332931140662212
0.004523344266010196
-0.27538499530312693
-0.11528690538659256
-0.05705367522966068
-0.2028474871186884
-0.16631108423001179
1.2743189774323833
-0.1000131609696611
-0.0930222868971598
-0.08883513796867913
0.02874383161201448
0.12550237646603737
0.07220509684344739
-0.03976513672723911
0.11992917360581977
0.24238105370694013
0.8144918936592698
-0.24755734643617403
-0.29118789564431835
1.5570881222956046
0.3444354449631079
0.07091007784968496
-0.1308438830220589
-0.06840515219411285
0.25084065135332195
0.38018288701931163
-0.0772945409213197
0.22682037310945843
-0.5190793979819516
0.07409221225423504
0.31180849401332844
0.24647676340771255
-0.09057932004578537
-0.041057772171439987
0.014757111397965804
-0.3402584478371937
0.23815960511872
-0.4221721274776352
0.07090529312818511
0.3684446780374489
0.037701520514259915
-0.18591762885972485
0.032202111367294256
-0.5483912404486846
-0.4421203734207222
-0.3160391544654075
0.11216724049858721
-0.08080235574905642
0.3964577850370676
0.30524583193864174
0.06137887244727651
0.3484992707801383
0.046291980418849514
1.4932470588080307
-0.12666746821564076
-0.5718037072898975
-0.17272141241722314
0.12478793351331617
0.16602019897589212
0.10563771840621236
0.05143342592553257
1.43866471377936
-0.025832525748212234
0.05740326086960327
0.028777973058706257
0.12129214417647363
-1.5659023811752917
0.5943298856049034
0.3213403799695921
0.2275913421854169
0.120055927160394
-0.14214580906562937
0.11556333321872513
-1.2449095553723655
-0.4596004681352342
0.40427200420082277
0.16098078850144498
0.052655922178732516
0.6700598148767958
-0.33563659302458515
-0.5039766734287167
-0.2969453765928484
-0.15307237784337308
-0.13486674618061653
0.6130358770680314
-0.21295420610012253
0.6873590446593503
-0.062323126166944395
-0.415651151800654
0.2775155410786641
0.07745541076414186
-0.05662403206062238
-0.19734625814430254
-0.15421104275856581
0.2447294095517969
0.021980774406489406
-0.22439577113071818
-0.1370385836174523
-0.010541265627081534
-1.2003718735190922
0.005508321763454488
-0.2428826087156767
0.26912946345058847
0.21714151186733568
0.18455857796569317
0.4023314280840848
0.3635309487579103
0.007084006319938902
-0.2481542404740634
0.9462815057497375
-0.27552810033612096
-0.7338282667197031
0.31821286418200095
0.5943222367821314
0.09965503540876125
-0.0396687516229091
0.12445859485412637
0.155564087962527
-0.022921796531672423
-1.5331955772238488
1.4739684353364202
-0.14017235345462623
-0.19841603244200043
0.7474114527343149
-0.30653811467316233
-0.3519140633948903
0.04339286498595988
0.0495341430035862
-0.22969702254436253
2.2554065888531105
0.5073976920488258
-0.04296305968601984
-0.29238379822891963
0.3066297136119776
0.002494209382464086
-0.332583583249006
0.9255866522771838
-0.005254611781801199
-0.2911465639838784
-0.023486506732781978
0.12066344599593908
-0.29957337656470656
-0.15291758255024213
-1.4954230425420205
-0.1746593182064116
-0.10399045227456333
1.0765803992032867
-0.0018277567028877361
-0.1975694412409955
-0.14158467713551007
0.25897596852672156
-0.15753680652797228
-0.7059840777006366
-0.008167895185945033
-0.3507097030129409
0.17529898778377967
-0.38825273194468285
0.21530118553276412
-0.08875549046730538
0.768258373667954
-0.24320021250500098
-0.3451157409340709
-0.24597256042836046
-0.16419403288196116
-0.15284338648959628
0.7587574965019002
0.0914844549976757
0.30817331914318735
-0.14458227863435966
0.21080218998328665
-1.3169283919543568
0.11753050745324764
0.14199345996655732
-0.23032624553790884
2.7964016588985228
0.06749600483669622
-0.32532923855683543
-0.4328239918688172
2.2923534940058894
0.0788753490890132
-0.17572551604976402
0.92993946623211
0.42862043706956066
0.0926515631878542
0.09116991798462047
-0.08011938771319356
0.03415161332351461
-0.205958492834557
0.48463284961509157
0.01960783706937771
0.09566808007486921
0.07843804117221656
-0.08113826153738828
-1.6952850697554345
0.17797146723889387
0.4591521173934867
-0.005848614941905006
-0.37212137831325603
-0.1569906075808847
-1.010832636247868
-0.22567972048146617
-0.25257375511436153
0.28260532202507954
0.007533619786045049
-0.15082154860658584
-0.045034470166392254
1.061278720194668
0.05912161931433638
0.6988236325794625
0.16644062340362586
-0.801495345202907
-0.18402442758371423
0.4748418558983432
-0.5540034023553136
0.18840370188015135
0.045245889139128435
0.05381227487560311
-0.23256745776138177
-1.5469326166194608
0.12141362208474056
-0.050921557347736755
0.049955277836141274
0.6676680542437078
-0.2964793097037944
0.16388663460213043
-1.820733365017853
0.29345588325696664
0.643150946068941
0.15298173931483072
0.9876481678702526
-0.21000358751035406
0.045661897526913825
-0.2134994943133549
-0.17464260367980833
-0.09205998914081606
-0.18093946937478106
0.26701582190738926
-0.010696860503545581
0.017277276241794953
0.1972364595861511
-0.04401481820886705
-0.29661878288573246
-0.08100829745018116
0.0007627143336387213
-1.069319925844185
0.4480277957625089
0.09932572324907528
-0.3448001883469165
0.05113091792064902
0.3973911973628499
0.06737614404441333
0.26537658905394484
-0.1879227370779277
0.054903252295336144
0.1376278750616789
0.16908391811059292
-0.27280425913676015
0.12917535385620615
1.583503705231681
0.48643355290675067
-0.44559425883438125
0.18604016760032493
0.3880774695046852
0.04500630574822554
0.24983637054448177
-0.2573774954707586
0.3682399852023852
0.08396596287573878
0.27502525231455605
0.015294981173730121
-0.002728534629345038
0.3905009355357167
0.36282109844309823
-0.10684329406784146
-0.10821148831525
0.3377847944106068
-0.023112570715679657
0.1824866353987305
0.06412689672870439
-0.2555606653022357
-0.6618737100619915
-0.10058832086757544
0.4579990678804957
0.6200973729344902
0.2040414169023797
-0.01857159399215727
-0.787942558211773
0.027782451261509807
-0.3265248389268567
-0.20657804484516712
-0.13659771696934933
-0.08243348869239574
0.13662147342988726
0.8669397593537612
-0.06539535378237829
-0.10550304924517839
-0.07249640648958416
-0.24249301633114578
1.321402475686732
0.32088462998626555
0.21397423990646708
-0.26799331063516363
0.053380097206567056
-0.463482736427289
0.5594940007267295
0.5555263845574013
-0.7991687747649351
-0.050946273824320355
-0.04302446298198112
0.21770681117319032
-0.27786490940453856
-0.40592389034554377
0.5531862439212775
0.06381885569506612
0.20955809773776762
-0.044444033403001994
0.049209652717618645
-0.12654997163159765
-0.2559636179268159
-0.15895320469816984
0.2919653623455464
0.02451336019586305
0.09414205620711864
0.3638455196036808
-0.17297530435396982
0.6814738393415276
-0.6351977294741529
0.542593402099698
0.2213622315543295
-0.6435607525019736
0.22549603079259647
0.13123856307167348
-1.4099858893836466
-0.3062456029278166
-1.2162538479832055
-0.09364761253531866
0.15464133893939971
-0.3322571363939759
-0.20280923819962535
-0.054610283802361714
0.9085118909561943
0.012049995451882983
2.3490195789002666
-0.3396144001763659
-0.2634036566226536
-0.29776453060742586
-0.11159220069294509
-0.10630683439357044
-0.14619233680416832
0.0005233066505210844
0.20230124510968572
0.06533614645705554
0.2237445891439554
-1.5096553584475612
0.0691445763499287
-0.7882200175120343
-0.016941203817389956
0.5955992415894225
-0.2050699194278915
0.07328131131558292
0.9077221055083164
-0.5069755778036569
-0.1773003806083282
0.1323827530896094
-0.5104077106424753
0.27834570869208225
0.1765011483034125
-0.06695918338786797
-0.13162861023644573
-0.49577938831997403
0.1121082880488602
-0.25997905811067945
-0.029168510568559895
-0.2010692316460803
0.9760044018226982
0.3623401837658909
-0.16436867859305623
-0.01633312194577899
0.2295003058499353
-0.14246592550933726
0.27831601457401595
-0.019200273518789775
-0.6403380748739971
0.017007665690593324
0.09139637757494694
-1.626177075473868
-0.7907993933627294
0.0920711747425887
0.2215226149463695
-0.10302768301085254
0.32685593676617114
0.16842295479501682
-0.04372095178997262
0.1427947823659229
0.35303959230217113
-0.28643792198907925
0.3452591976612655
0.32618246174629917
0.03663772623232973
-0.5725650364763738
-0.20179670365055608
-0.813854676696543
0.4421773052139765
-0.1985957273508986
-0.3651812133164593
-0.39124829722184146
-0.15743372643776699
-0.7390227028806502
-0.1826337670047389
-0.2736850134641461
-0.13657403288763809
-0.07216631199589907
-0.3191569900648814
-0.3146439233015671
-0.08025265204226247
-0.017112796399377107
0.09204384793279423
-0.03878801034361569
-0.311343001764053
-0.7175785257161752
0.005639339955594247
0.18496375791302586
0.14853289380875376
0.35448305153504706
0.002233574306800275
-0.22879847527002045
-0.5447737380501839
0.02815415086244887
-0.09973556500302967
-0.07380427125543132
0.2705509119114743
-0.11864314304964405
-2.0814465573528476
0.035148641533958046
-0.006139972580825679
0.22022695403503365
-0.07698830323136802
0.08077826105713143
0.7332081507674801
-0.25168042814197294
-0.1637466416121346
-0.10322031365120019
-0.17687093058299924
-0.04483697695125055
-0.07151175348895275
0.4023561464013481
0.0937823199341201
0.06477764382279007
0.25956466257937716
-0.29835608941881364
0.13062946573542467
-0.09376372999961019
0.3184082576769992
-0.020245430560046143
0.4210899029880226
0.0906299727966423
0.12818408666114156
0.03936507885836881
0.12236338569253707
-0.13624215259761155
0.09095638215029865
0.2402307040909356
0.16926093123420483
-0.11176927660893991
0.24992207312797227
0.0805642070214055
0.34895983158543625
-0.4497540152401982
-0.7882149045742268
-0.14126803690268808
0.6999210780429249
0.02717532428556649
0.48828073631329255
-0.2313421485866927
0.11873640986003409
0.34032060053647
1.0862809462997332
-0.22696856319124012
1.7841810072997162
-0.29643760517196804
-0.10445106722315214
-0.11859354207117005
0.19861425842737226
0.053005686563643496
-0.06236872645853429
0.6494972623401956
-0.06681747108748014
-1.5539611720924438
-0.11910211335540898
0.16591120044561106
-0.29919454731723477
1.1091422750726163
0.25754239605117657
-0.021985996618831716
-0.6263918189520085
0.9525265552276908
0.8152391772527757
-0.13996296116431772
-0.3917306630221925
0.15287585213616633
0.06055276005818059
-0.21880701862996077
0.14626485044507673
1.4084096270771942
-0.330422007715589
-0.15848052129241122
-0.05025988557905661
-0.33343132962289357
-0.38485227147027434
0.20829515806078494
0.21399486390062977
-0.18800498166733487
0.1776170909163798
0.25470803665452685
-0.06442386997309668
-0.4469455927234121
0.0924811140764891
-0.9811037854726034
-0.1056310718726113
-0.45437194207799886
0.27482197517166584
1.2753868288925487
1.5237742594291042
-0.08011862840687806
0.9938825131864216
-0.35839678169982453
0.08125917071586737
-0.20907851736706418
1.0326567403663738
-0.1424409596097664
0.2974313640252287
-0.9381340120339781
-0.2061369447576227
-0.2700589661125748
-0.08639826641984955
-0.1081919067323925
0.018204971860474158
-0.6204452004200179
0.027810311911661768
-1.1336375277462634
0.09493815423641691
0.16906164645798627
0.3743846129903174
-0.3070676944634193
0.15518647657643167
-0.23755754391463252
-0.11327418586126467
-0.843642288956774
-0.3630474464528709
-0.19337896995926415
0.2772914719946373
-0.06311696972930762
-0.8459269986622389
-0.15839527858296892
0.03330788370662372
-1.0495513117453967
-0.18434861133427916
-0.2528954502789333
0.14569003195835445
-0.10629206069230614
-1.7021763929664198
-0.09042027005633488
0.06253559309889045
-0.1363984720486485
0.04006441957209503
0.30406531717522206
-0.014411940981341308
-0.817366684824819
0.08814890530375424
-0.24802608289937272
-0.3855216227570964
-0.03773845848244289
0.9008685247377902
0.4080188151480299
0.15355745713898183
-0.11461693925807045
0.17788923254046435
-0.019719512150532005
0.095397582762873
-0.11223208553180514
0.09914958885505896
-1.2381791211353768
-0.2654867148021756
1.3265255469191954
0.21456249520631332
-0.07986214725905606
0.2868052350991996
0.21137521997941083
-0.6683411185584854
-0.0794583609707569
0.4548044800621673
0.12059682342849719
0.7394524466269035
-0.003136668171248662
0.20866718135463375
0.1361289107805428
0.15804385455253953
0.3807648581897551
0.34239864290091204
0.0185428440059882
-0.40481397169133254
0.12283163332296662
-0.10612756841379414
-0.46266202626470065
-3.174697446916244
0.618041662171509
0.12929194819275702
0.5639810230649482
0.12775755623740587
-0.7850665857295037
-0.023380652648015216
0.538724827850474
-1.1655228466794922
-0.27163163129439577
0.09464037351168623
0.2702434658513547
-0.05194460702764051
0.024009411545780315
0.08437674269689337
-0.020702811904054326
-0.04392569469017617
0.05643993698773517
0.10054471959677563
-0.26088090190083374
-0.17677377988171578
0.5857627399477712
-0.06450990637220955
-0.3083715634175835
-0.8370520770257526
-0.13011051163048842
0.22396249829887768
-1.3900195416867094
-1.4083624089352382
0.1290633426132677
0.4177407547973449
-0.03929218526432337
0.6846846428116307
0.34880508691237705
0.38507578373114904
-0.5919416746427788
-1.118149709723613
0.6270987985012051
0.18680884386216026
-0.26864643398039895
0.4693380767176268
0.39815919006553374
3.190941921191147
0.05166993797889258
-0.890396055867883
-0.30030468468926425
-1.1214365937142992
-0.01839680167525262
0.10072915908407766
-0.361412509536322
0.17778239581876373
0.35771442963980793
0.10095377526040107
0.0858567092365424
-0.4764534970044068
-0.04165402393647763
-0.08086432984063867
-0.4533731005766586
0.5683289009052122
0.2559132667427759
1.1646372485041618
-0.0032639682174680925
-0.10881399934016955
0.1272794411120839
0.06587360976208657
0.12144893369924409
0.3239329991815665
-0.45792575180619677
-0.0012295413742889898
0.21212268935191195
-0.3524382521656374
0.2176155150148243
0.005039235979482829
0.3404653078410237
0.09891846957637872
-0.9012811299257928
0.07975401947689194
-0.008094584913025706
0.28975317103504655
-2.447427609998998
0.1873690067467202
-0.3181468828496371
-0.42397515266566593
0.025445742758782624
0.3551526816009987
0.31498964017286013
0.05441666806799441
-0.12525625853700226
0.14897490689710896
2.238669094862292
0.08574859205572637
-0.30184945088367177
-0.27108747032041064
0.4650478736098388
0.0988389453392137
0.0415623688188899
-0.049481434676182406
0.301580670925677
0.30258000373630456
-0.49978964845669477
-1.7331305506840382
0.14106545741643253
0.26430340177710976
-0.0830469110279763
-0.8681038520876797
0.2307082626743589
-0.01174002502777644
0.0035537130527126663
0.26433903475567666
0.1892785754901086
-0.23092271170949297
0.020174926715038045
-0.42469204542863936
0.5029906478509413
0.49076167946634436
-0.1567324000476811
-0.14215107991976145
-0.16334564527832734
0.03066470147994923
0.06337688155479965
0.16803922138036836
0.11248490636242466
-0.03339025565219827
-0.5141707711965405
1.186123527911615
0.2883504637214141
0.06476142310828058
-0.27462032956236904
-0.129579670061645
-0.12022807132141815
-0.14247289582626205
0.5754680096320288
-0.17793732071076965
0.46645958893106904
1.9180016094509091
0.3363882260364214
0.28901429944433976
0.04268200464430588
-0.21247024670427142
-0.13243879375082626
0.1731268585679777
-0.07494062279229745
0.1120003007703742
1.5200107510561198
-0.13541912091529706
-0.3702816003788916
0.16918461214358785
0.10203953233274428
-2.3994354777969726
-0.25478820313582085
0.3169697372686379
0.31220099821328257
-0.0032834314032952967
0.34526687306610043
0.05570910320688951
0.0876005009637182
1.4098631126416157
-1.8395057737339247
-0.3530052758387392
0.7109844193793279
-0.907518235751291
-0.08123022665556288
0.184287807227279
0.318574707872533
0.08831311120363755
0.4863189209096548
-0.21089885989744284
0.46421255831775554
0.1701379858713615
-0.808318303907434
-0.41293665888781345
-0.20297228027694822
0.1828146780034378
-0.10497708375176655
-0.15725661064828275
0.8195031137852934
