%%MatrixMarket matrix array real general
1000 1
-1.09136981926197
-0.11201688411733565
-0.053456868071582175
1.358030233356582
0.18206493799437623
-0.30585949303959287
-0.1289414455167698
1.139069232786751
-0.43211301329472207
0.17027075577858458
0.9269226928584905
-0.5940592207088785
0.40770289464815557
-0.3700236211642109
-0.006998556481470811
-0.25003493728049775
1.0749853994499403
-1.0015231626981238
0.7689152846427557
0.20092904161989775
0.736902699521138
-0.9270863784669743
-1.060348865633978
0.711023957898583
0.4801019194790329
0.007632477837456984
1.4568186992484649
1.9734145939939065
0.46508559487211487
1.1554993907514188
-0.23834073894133773
0.48956032894446877
0.9658919057837941
0.417400772433018
-0.5722612303742103
1.4217563249313931
0.17165075484409764
0.8740912858043152
-0.8837930337399005
0.20730887400472775
0.5087150928711879
0.2746122571066621
1.2029552844323503
-0.10635596569941164
-0.18751657148857595
1.8159769644522583
0.8386767202279005
1.2088035212416721
-0.017785825505575656
0.9410133502924303
-1.1812377633606743
0.38645270687615924
-0.6418543578169191
-0.5252360798084402
0.7368915775658037
-0.48670287884717944
-0.3953773975841081
1.9463417471181745
-0.7404467761166736
1.6727298066678673
0.4370579019752793
1.039865497562834
0.10572155376817512
0.3420808336725973
1.5936486914723202
0.020967865265834766
0.04667794436124051
0.4253444172124038
0.5402004163338752
0.03458969163409076
-0.691906339496614
0.38065023486845495
-0.5439686501269757
0.027144761252049357
-0.9112044614126799
-1.1440532424429886
-1.0259906123628357
0.5865906801629543
-0.1399940443089966
-0.14691942993346038
-1.2963455413620715
1.5366173096662865
-0.28963455674478505
2.064047445319629
-1.6501163062214435
0.061160965209457414
-0.45940274609681964
-0.3640993129506581
0.33696172771102284
-0.5530253690073232
-1.2826875427903193
0.13331710717366102
-0.5344273287931169
-0.1913318648095191
-0.46798928225415226
-1.6172932423157733
0.8006882337305088
0.2037622702933519
0.29284389364718194
-0.354775030582636
-1.736923764427637
-1.3019496869270148
-0.02206082773047552
0.21772387711421692
-0.5396318438570882
-0.11654908475744849
0.7610983828233884
-0.11563764584879394
1.626078783359981
-1.3673513060447144
0.5887862765610485
1.0839012279828955
0.42103924904123924
-0.6365644567473503
-0.30065375096982955
-1.6910820605819448
-1.1803173299592735
-0.8791755489672374
0.6277462229210933
1.6513760266357
0.5874848274069495
-1.0589436636613148
-0.7432007640164056
-0.5659730370509998
1.8152733052311596
-1.1913429719071236
-2.432130206793887
0.1526989635700033
-0.0922383994133881
-1.0247334493812355
1.3884916112736758
0.5083790222873725
-2.2203448892680107
-1.5811775754970232
-1.8919747208753774
0.2619993034904143
1.1836174098206664
0.8753098425916755
-2.01053761336453
0.978855541697501
-0.015599562723239813
0.4208925678175194
0.035960040565852364
-0.2150917222182594
0.8602765627183261
-0.9338751858913267
-0.600026472950561
-1.2535841180328453
1.5047191831567155
-0.08018312751669332
-0.2889218580765825
0.5289142341089459
-0.18745620039884855
1.7652978808978268
0.23063010830599096
-0.4152286732411513
0.4014727816689027
-0.6938397693786271
0.01819732532461043
-1.8598530812164538
-0.17525014120599086
-0.11814801388959265
0.21273703496710364
-0.8944672215928664
0.92022850998217
2.5575488374125612
-0.577306189323556
-0.8130567147899218
-2.5211017842029313
-0.3067579914160999
-0.48244742764356874
0.5325368682437119
1.2218067796782115
-1.231405637763277
0.853976128857734
0.5730521281276314
-0.1962611181503201
0.9880587495990869
0.6293104985122334
-1.3353522258975834
-0.08615719717807108
-0.8082801730451183
0.060941743476344595
1.0954178195514097
-0.25196286033965637
-1.7111710948666417
-0.686763053222898
0.10418403533403436
0.7226356722084766
1.9435826252106523
1.2693483334295965
-1.095332384431651
0.7684559588053886
-1.3128238631855118
-0.4142488102869305
-0.924048701291761
-1.737843642241769
-0.5803882434628344
-0.21951996456293926
-0.22837153737155247
-1.2657037911932216
-0.11390018628062926
0.043285759236950355
1.453436273984619
0.2793927290672565
-1.844895620402159
1.0773018206597316
-0.5646008401142582
-0.21899220204910785
0.27094835491377817
0.49594131727365176
-0.7562158820227107
2.098797261083453
-0.8631035995890983
0.701212153176245
1.3078667888779067
2.3977770921645996
1.8841513672438892
-0.16597520285621617
-0.46348906273851254
-0.04696888013223986
-0.5800763627770201
-0.17823017177474365
-0.03316261229884533
-0.35556595977091304
-0.2032201028413666
1.2448421444453683
-0.6896912133403373
-0.157319426520549
0.143297436437772
0.2237581405852569
0.8971811002820198
0.36508412924294237
0.4364417174581911
0.5098962759297623
0.13948052537399558
1.7785774776927734
-0.934908948005559
-0.9470006398194055
1.916681427244992
1.1065287386795604
0.0788099173221448
-0.4904366374949044
0.10852596042393792
1.4852302095271246
0.8885098307794521
0.434623975975124
1.1210225238030727
-1.7483640545240728
0.40643759428048276
1.134686460915171
0.5527659669065659
-0.8295408022903237
0.8119646828521067
0.13387284483452136
-0.9768148117481539
0.17209358250116683
-0.9306032255274325
-0.07474456600134419
1.033793544223907
0.43103740556880177
-0.8603493336423719
-0.3432400884457088
-1.5781425349100204
-1.1961726505433887
-1.8129184605386734
0.2551351051165827
-0.33470695673982526
1.4035342545192944
-0.15944068721051816
0.6810665015903371
0.39063608688763524
0.39336888549303645
2.673965519557483
-0.36132694140430893
-1.2933030394463427
-0.4176244076470885
-0.7422136532732069
0.3355956514562012
0.7339357913504349
0.37732472533700306
0.969837734524212
-0.8283304747309207
0.5302153526840879
0.05385663789854507
-0.16037417639134596
-0.6165868457748119
2.0309829083250395
0.9699635951555382
0.94231554787817
1.1938237037703774
-0.5607305505167981
0.2982598119954797
-1.629882010415561
-1.98123709500102
1.1304000181419656
0.9901779766938809
0.9748005300156188
0.9937439010774852
-1.7388420571746583
-1.2314588943178644
-0.426892770772031
-0.9074540260260767
-0.3699395110154203
1.1438898093304666
-1.379515238145749
-0.03190254210956604
-0.37862649837240037
-1.059181819961962
-0.10787069414010966
0.5613496733802991
-0.31299309580530676
-0.8826130233593046
-0.07211770467201836
0.609981183418894
0.2156482792645785
-0.3183959497913053
-0.8170716953660812
-0.4852821153100082
-0.44970706483143297
-0.37132409836884755
-0.8603367935309794
1.2007953403727656
0.3438283490262439
1.6188268154398293
0.6011236205060824
1.2970494652023803
0.08413273593519446
-1.2771248063014622
0.5388533363335651
-2.2152117086027756
-0.9572534749214434
0.4317792647564749
1.1852326928677253
0.7689396920631778
-0.45215468515708157
0.46157941687449394
-0.40488959750886094
-0.7615463310939002
-1.9072552903735345
1.196637755646981
-0.5056576615889657
-0.33571743647703967
1.7268171863627768
-0.8649023381559195
-0.9105144364487744
0.26973018507320357
0.08257425368780005
-0.6625913937373823
1.0371489915308896
1.2724918139163262
0.17220551250344285
-0.6941030345392128
1.3268775365162737
-0.09885188158716521
-0.33324327579892754
1.1258272483618574
-1.0119849345629637
-1.1593638225496534
0.10158289709742382
0.883947236380566
-0.5940521935568573
-0.7429827279151168
-1.7795149731042323
-0.5465765891270916
-1.078908372860367
1.1101235359987565
-0.14409174899452765
-0.119391728162702
-0.30329831993526263
0.9873101886731706
-0.7897519978208346
-1.6491153997323864
0.14180091501848824
-0.761512227524622
0.5652931787771777
-1.483858051869067
0.9723425543026313
-0.5430145826811632
1.333439099420981
-0.44459059212092233
-1.2026021931786737
0.28178040086218903
-1.0386233114738384
-0.3781142886559915
1.3383207121956981
0.4650832576994254
1.3939232767789607
-0.3150019011614794
1.2119675114171222
-2.173411806109438
1.3080366041993652
0.9198405091968163
-1.4782759339729945
0.41950093287444695
0.10931021200047997
-1.2853743139767309
-1.6206986042991478
0.5964748403364476
0.5271768839932809
-0.5823350612736665
0.6626081491674517
1.6680537815294605
0.13615954291187166
0.40825159155938745
0.055294847009059726
0.26298412123921616
-1.3791929378078762
1.5487443780431318
0.19778682943199513
0.2551738166939326
1.0216550040179564
-0.5339136273432852
-1.4269235165292427
0.8408387252707087
1.9342601356990798
-0.05186606950053965
-1.1054152773364052
-0.22803148939048162
-1.1988234499918529
-1.2102274473564467
-0.5258598382096396
1.0679616917442085
0.2547987428993449
-0.6949971349666213
0.007877842521486718
0.27115181020774903
0.2849056924958381
2.2210677694315604
0.5749440952404489
-1.0495558292938036
-0.9039148602641219
2.5493986207844697
-0.3143768696556514
0.3289145270994198
0.5180509335976513
0.34690989496833596
-0.7052254069956341
-1.8187088547824244
0.9693176363626197
-0.483765771605597
0.3809411697725589
2.0635609461410263
-1.1230172878191387
0.6323194748170347
-1.7351838258269003
1.1851797110140776
0.7768556066838046
0.12744553496984157
1.402119017960095
-1.0016581776943838
-0.13855813448007756
-0.9640704352874803
-0.09711467078263647
-0.6897856311941504
-0.940775870966795
0.39999036327334875
0.2288611712795675
0.17362756456861583
0.5510920349313884
-0.20971959120046096
-0.5753649955807898
-0.3452892783644852
-0.45082371302267654
-2.1525989364216787
1.0114398367711999
0.3851576615443131
-0.5180246343981149
-0.019333640471274255
1.0576644700905171
0.2568610857459599
0.713877339436759
-1.0153474036794112
0.46212799839915514
0.3671315157624001
0.5256078722743338
-2.631177841728226
0.9522488067176402
2.5259608650575234
2.1108141513751697
-1.4374226913292585
0.1498383305427115
1.8552706172950986
0.6640879617709035
1.6688308349921754
-0.6029644023013458
1.5124541608909066
-0.17215720134383494
0.7232669709218785
0.45137333016492137
-0.22587906435736987
2.886526404001374
0.465559348231121
-0.5846913211408777
-0.6594849450092972
0.5728840358249332
-0.204756218673106
0.7795970395097878
0.16768322318795448
-0.6952779042725998
-2.2035256942587598
-0.5653252055662408
-0.009813183845362644
2.1642957601585007
0.5028711648000128
0.21572799384507363
-2.035445724620883
0.08673452675793535
-0.909788607640423
-0.8509143858049979
-0.6473366599262347
-0.5137636053199309
0.9813977575557977
0.6026766453293766
-0.6433423180943366
-0.46887935272212933
-0.6086271695244206
-1.1895461168905312
0.035502381673818376
0.03942463914118365
0.19885046197298223
-0.7596094990077539
0.08905847112269147
-1.2667145327928646
1.2124878110367805
1.521493698507615
-0.790442822886077
-0.34455891284679085
0.28276151250390263
0.7122665919235687
-0.6515512489095137
-1.650077007637374
0.258081588251848
0.3876290425785023
0.5627622027264546
0.2986880169781717
0.5151150354379601
0.23096115898370917
-0.8733254870590379
-1.2309881002522733
0.30666679485199844
0.2937287296794361
0.5504603238203165
1.4427163459140238
-1.2559219340439622
0.467889647130815
-1.2191325037683602
1.030101057860238
1.3990608085626657
-2.1804190738003877
0.8650357070150148
0.4650280936453518
-0.6110205935804933
-0.3390859505811707
-2.1538524168534976
-0.2025090839103929
1.0903386621918076
-0.9350554891339949
-0.375833242144199
0.215255093081845
0.6920027697735972
-0.09364971852961343
3.1814105929334384
-1.9186441158718
-1.1958335826940485
-0.41846696141408285
-0.6004546534394214
-0.061080570325852596
-0.45784281679156746
0.42328376977028415
0.9167126140795852
0.3616971766021994
0.14111418453489694
-2.4466127997430376
-0.0959659649162922
-1.7985693975188768
0.03310692452407882
1.4247396383178503
-0.4054218975539376
-0.12355492958136902
2.0349625681063537
-2.6567371221495
-1.101397350991337
0.8438911871685927
-0.965302800799617
0.6683312577017723
0.14366205896458928
-0.42252253578500387
0.03635281987043512
-2.7704503459097287
0.18478869789799574
-0.4091877897549476
0.03951185821795686
-0.49749985766793026
1.6096311029629378
1.0401655977818078
0.5744618752488935
-0.42460165202319905
0.7010870846718817
-0.6928957275617106
1.5014961206138773
-0.21932327581069927
-1.839755429758162
-0.08526610342115987
0.6826427146030482
-1.1419319026920187
-1.7998305245644877
0.503297734370112
0.06280299260235753
-0.25681592620904825
0.7125457758514697
0.8235867672463201
-0.02974785109276279
0.24598817951295343
1.5586325999708235
-1.1219991485701157
1.208834399441538
0.9192828436582762
0.00903300914126852
0.43503668843869403
-0.5242886202539412
-0.6224789511577209
1.0555005216407003
-0.5312320719471416
-0.33528413333179036
-1.5077432812978229
-0.5705458431508084
-0.6675931167096311
-1.0941372953953699
-0.726380180849014
-0.21287083172428145
0.2177722273583022
-1.7975529117842597
-1.1520889284350861
-0.7190654753186189
-0.2589996370581586
0.5629624002520177
-0.11567082396033973
-0.7385548196710046
-1.6891062146129816
-0.07682538049251486
-0.4709840838358822
1.0450943977659832
1.115026864571874
-0.18180085378414731
0.08625643124268703
-1.0705643872501276
0.12328625565473673
-0.5251536653275605
-0.5564691496445338
1.1631659319532375
-1.0821263575918056
-1.9912147037441037
-0.08476466548183947
0.1466111011412613
1.5758317025444109
-0.34876612770707216
0.1859154891691102
0.7101734261005915
-0.8574784582698547
-0.7570907734602961
-0.8044287768580215
-0.8762449987670152
0.1694248414322729
0.19294653584651716
1.6695613162018226
0.5289767257780233
0.4857647261090229
-0.5746376466911973
-1.9815782392072525
0.2466800848015867
-0.6239561183987059
0.5271660283994508
0.17777699770950556
2.3469962611804394
0.025401633488882976
0.7716338828443059
0.10803572359462899
0.3656371843079475
-0.8791720965489462
-0.17102425199373347
1.2271127209940091
0.9095890405266449
-0.6069311137710323
1.2035861741300102
0.5250212675320977
1.5891970196009066
-1.0725958756539866
-1.1577921935137814
-0.27849729358625575
1.766951229662976
0.034420167392975945
2.4800144200483834
-1.1015323919046154
0.41833758785507463
1.2492129639985414
-0.5544958740497581
-0.42374621719452554
1.9699552822164204
-1.2586363292058518
-0.40312165444514475
-0.6697289784667854
0.8339459482681345
0.1890348656106099
-0.16266898782558512
-0.010756762353856156
-0.04908532910725316
-0.845178710705949
-0.22004751171466375
-0.11678479123504165
-0.9226474557309855
0.700649347916707
1.4164960844751258
0.1652386127781585
-0.9204803855144271
2.7400611165403
0.8697089487864081
-0.5615245393786197
-1.1924249225056893
1.2476341997788196
0.26409819431611425
-1.3537199600642733
-1.4628006745819566
-0.29338843344202076
-0.837132752014288
-0.29416924407293965
-0.17847743329083074
-0.9939846649311335
-3.143885485731582
1.125114078870235
1.2667032871880681
-1.4456885869938183
0.006778944725176636
-0.22488061261719522
-0.46539357955879
-1.2517672284764756
0.3605211018998837
-0.4191730166508816
-0.1880579134863938
-2.3232388788608587
0.6010787109499102
1.7502261088550586
0.7451439153486829
-0.047047164168888045
-0.7450728869765113
-1.04528560647486
0.45944023053194155
-0.9424390971036036
0.5617277797800679
-0.3768587832718007
0.9724625202258045
-0.7537128770608954
-1.0319737850066204
-0.11416148495047843
-0.3787571608161921
-0.7223992490218204
0.005302923533155271
-1.0141948415625082
0.004642537277710405
-2.373804462694923
0.4635226594928454
0.6681609601942776
1.792393927380576
-1.6011070432251528
0.23056868878096076
-0.7983326903339556
-0.7992068526495654
-1.1429724602470481
-1.4236249930271556
-0.3161676646387534
0.7752053899924337
-0.3225272851193146
-0.5018127987138958
-0.7659362463368312
0.5720313288334502
-1.6068855371455768
-0.3800318459820885
-1.9390282985031364
0.12314092166942531
-0.46582972860048044
-0.9222894165083473
-0.23520057527023275
0.19958410146137923
-1.0734748830546579
0.20802931340138858
0.879071338437857
-0.13324582502726323
-1.2234429983720985
-0.1260445313228718
-0.11057515129613565
-0.07481413685708813
0.4620739086379805
1.9518857335810087
1.1004112814913252
-0.5057906063213178
-0.5232320242182504
1.1003182036909245
0.026043036740027975
-0.04329942737298152
-0.8877281144190748
0.925073257004925
-0.4629254793843758
-1.1572814882153288
2.28446980367202
0.5355084565915835
-0.43585784781094017
1.2039769409366214
0.32674316452589725
-0.19820742777659817
0.42638426940273383
0.9400601363934081
0.05582894876985641
1.1977573383074498
-0.28433511829065433
0.8316805598277751
0.40055181326210154
-0.09465060539409517
0.9664533853574209
1.4004935266619865
-0.013421283347457028
-2.3043014691310684
0.6299460952036714
-0.14211958946062173
-0.9808595288527768
-2.1326652658437073
-0.3316212579997859
0.5342313132754565
0.5747624950720296
1.1308323030323666
-1.2924861980207354
-0.5021063485669968
0.9874617687783852
-1.293862116997422
-1.1204850211819004
0.7037767282113689
1.625483401105507
-0.2543537035772368
0.496287330350982
0.8454058150537023
-0.03824688312343076
-0.43639677548734296
0.06745241201447728
0.5213955003974493
-1.4556006513894355
-0.0480544496938443
0.3251381588859137
-0.002822919918891109
-0.7030313006057298
-1.0363732482193058
-0.8248235952844418
0.9396492332835301
-1.1761991945720554
-2.48117220078151
0.3779471912007597
0.37770678914418615
-0.3781488911003867
0.3420180085002207
1.758998451860922
0.6336561800632279
-1.7162827326129426
-2.103366361336147
1.804338287434703
1.0389531166022603
-0.5469150511494462
0.8232643893008624
1.7515599657357908
2.1448499263275727
0.01818839715732793
-1.3620088666759909
-1.8021659112661212
-1.1697895719201823
-0.2455309318945299
0.1935871918077409
-0.038106133414016724
1.3612997682160342
1.646102415928849
0.7070660171566177
0.32889341150541634
-0.2509306075383423
-0.5432631163068687
0.11581281642530177
-2.0693495970106595
1.182467087837566
2.0472239162749615
3.436074699159257
0.21665873975111
-0.655922534340739
0.5028084300808925
0.4958447289607476
0.16152426104728507
-0.44217665215803914
-0.6261998654477309
0.10472145840379687
0.6436160702233971
-0.37046225086749107
0.7764568498530604
-0.014052195963576514
0.4060933022500896
0.42850204323139013
-0.6784547010307359
-0.3441319870077539
-0.08132764831542089
0.8393034687674815
-0.6012456916690541
0.7655664921009846
-1.3008742184139699
-1.5286554779909134
0.6411086129532156
0.9605759653316556
0.4212335492784774
0.09535324730040945
-0.6676235489131791
0.586484998772716
1.6178669677790438
0.6132082416788801
-1.3923858356241916
-1.1016051066892922
1.3650927128867307
0.4209438225331591
-0.08440234662649562
0.10675059820191928
0.025278811719450484
-0.20076542478367354
-1.5637578104566483
-1.5946743472529004
0.8105889702080535
1.1832718917247114
-0.5442374610936734
-1.5990829792478116
1.3757630966098933
0.02433314498230582
0.04435455586535432
0.981389621131539
0.11013050110950684
-0.8587899487416325
0.3616086800594308
-1.6499987454338252
0.43292942439008786
0.6996694796540668
0.30653331367812925
-1.135356916839821
-0.9250595968747871
-0.10764865913488073
0.6284391823908735
0.16531619709328657
0.19909180402095703
-0.3781751943507242
-1.9055314161844314
0.6395633890300303
-0.254242835926836
0.6537023618050254
-0.21510313538252873
-0.4442392838957223
-1.0530225097301662
-0.7720784287099306
1.0784387047450883
-1.2332395951381974
0.7612853135408783
1.310135455343024
0.5464583046446714
1.1152063296891332
0.38075598920339143
0.31762359996462525
-0.3673334810499748
0.5240343392962143
-0.3516679705543199
0.5994296877246222
1.547693744141024
-0.10036762502361699
-0.7277036096364017
0.9266904753281091
0.8223976454403179
-0.9926658025747133
-0.8540717617236361
1.576102138530477
1.4766115227158894
-0.4836506293594486
1.9025622981060493
0.3404947418976092
0.31183939449427805
-0.18793445989071894
-1.227144550797334
-1.958582061003153
2.223209105771898
-0.3350159899472025
-0.2264552264883269
0.24400543214642453
1.4840307847921732
0.21952079963503895
1.9246364985373725
-0.9914451350147853
1.3958819213035991
0.9333700175931957
-1.5282414262470603
-0.8087134914890513
-0.8235724595032046
0.009744830212343361
0.01642723528956428
0.14258302494671804
2.051905546174159
