1000
-1.4317659958162555e6
-1.8282270015776247
1.4317705377750604e6
-86.53579804966492
-3.042703121009928
88.4351809862345
76.77508889924714
2.001402841324686
-80.27137288197
-71.88434027529345
-4.897566822352506
78.82361407199194
-388274.38981823844
0.23497028479378718
388271.2708461995
24.744975128329635
-3.669737259082718
-20.878133650453844
-185067.84182778958
-1.3900094121702653
185070.05369585566
38.69023587171429
-2.1160282950051403
-37.37782831435922
97904.28400840527
2.4891531286421684
-97904.71671219432
-6.034794750129824
4.936012394236408
-3.065489585035789
20.31347929499616
-1.9557346969276805
-15.433881930538211
1.5513071329999897e8
3.6674330557334702
-1.55130719632511e8
331.31203381652483
0.3143564903768882
-330.46040291094175
13.44445157789742
3.396005609458559
-18.223529080569207
2264.6089891014553
1.841814740815295
-2261.3407862769222
-26.6753157877133
4.4224115864765725
20.737851081223177
-3009.578306483076
-1.6024307491057372
3010.8698251602154
-510465.8052558202
0.0994214379098029
510465.04125417996
-2110.820076466488
-1.5154243224302766
2114.1252131493093
-8328.563811474598
3.0959674321068547
8323.64894643824
-518473.5208895205
0.36696678207587463
518474.03021168796
-12.345035540289786
5.057524829638995
7.040260533176832
-2.337686793015088
-4.562736874943081
8.431561875136905
8827.23122586974
4.436880983712479
-8834.257094535616
43.27232443876513
3.3129025012620326
-46.196466739794396
-25276.56533482659
6.180415656212231
25271.232072967094
-5.887601155036727e6
2.0836035529985364
5.88760080331084e6
-4.526297028102237e7
1.4305765856409842
4.5262965103612475e7
22.987521705605634
1.91490228843952
-23.725333243273468
-5.209530814008983
0.18965366725150834
6.432816441182257
-728345.9099054539
2.856467862070816
728342.3598064088
8930.908981172473
-1.0413359907344077
-8930.375872518482
-2776.186597374705
0.8033391166117213
2776.2603535686258
53567.917529087616
2.7686038179365884
-53572.687290661925
-2.363063872277723e7
-2.6359127791387422
2.363064282059952e7
2.027928299523586e7
0.5536169751945209
-2.0279284809423074e7
-573.3934965562908
3.31406171477828
571.5558188938288
3.004590929380446e7
2.552698544565073
-3.0045913350140877e7
-688.4991622574096
-1.0441894977525683
690.4246621418906
5092.8551323174115
1.648019285195105
-5094.854142266029
3.180165726349644e7
2.2455345618747224
-3.1801662188271757e7
6.911265863441567
-2.616241896025835
-0.8777032700206094
-1.7809139490150292
2.0319234719144883
0.2488272302970881
-423667.1670986639
2.305948336656871
423663.3498180109
654841.566676777
1.2071099540831625
-654841.928542897
-63.373501398958105
0.747219218360361
62.88862993174921
4.740509113959255
-2.127619204889416
-2.4741176083446477
-2.323624652274558e6
1.7450642822881997
2.3236213786646468e6
-0.8377814781518299
-0.9772151764788856
3.027785237062839
-31015.897905338035
-4.386716104301072
31021.91016995106
-9.661520254254771e6
-0.8523525851700492
9.661519932557248e6
8.091603354608779e6
4.70340701852673
-8.091609829386207e6
-3.243459545862646
1.7489460871602134
2.2308640529743027
-3269.5489176238348
2.1603649727412604
3267.9068718367766
1.1591328370879692
-0.46666458310029596
0.695105680770847
-0.9615779854004894
1.2560495020670661
-3.167469341897422
-201.4032801563594
-1.1601409115346177
203.8313767763056
-5.264571733997497
-2.665643159339021
8.184075625775181
2.5450028350969474
-4.527929090912925
2.131162785767857
282658.56092746183
-1.13209972190911
-282657.1937973392
-2.3315972016378155e8
-1.535664187644646
2.3315972251744208e8
-3.193373813443851
-1.6624682392439258
5.368177141440053
-1.3348504617887004e6
1.1606462505923376
1.3348487542299586e6
-6.96018927190836e6
0.038946239689925735
6.9601868841374405e6
-60535.39772741407
-1.6691606401566852
60538.881649101386
0.8693601938023701
-3.785015330510576
3.371280169858405
-2.6179096508463746
4.473031426867492
-5.413511044905867
-318.36160978540386
1.6297689114323073
318.6538164927898
26.786411343946877
0.9583519105638707
-26.398279601867788
-157109.74313105128
0.659979221443749
157109.5133150294
893.1205479942918
2.8431901666387183
-898.4874814699663
-1.4363617036799246
-1.811900030330146
5.098575578593914
1.684617460256824e6
1.9058833214297908
-1.6846198710266075e6
-5.046853617585578e6
2.384924880856075
5.046849840949292e6
-121.92935930310654
-2.1173049046954193
127.1691001175501
-492.54349119387643
0.308414952866331
493.65067618633657
-15.163034902633708
0.07424075968787244
11.71569083923198
-2.952429283254819e6
-0.5309616660122567
2.952429261936889e6
41959.76364025679
-1.174212048986668
-41958.13278815349
0.5997304968445861
-1.6842295507511156
1.481029563116743
-0.8252171515276531
-1.175927730845585
2.672888468385797
-17208.487446208717
-1.764825704413092
17211.399968782054
-245.2217545642392
-0.5271246569873228
244.50131844922
-139.5324252135152
-1.2701137406090264
139.96975997310116
-19667.3592104185
-5.284229536971023
19674.013699378145
-1.3538245546181742
-1.25069086006225
1.1080046007902566
1.7600451825958681e6
-2.0987329483627444
-1.7600432785779187e6
176.5643690999419
1.1352082734578568
-179.03691526726607
338.1502314907602
-1.1226287369423256
-335.57295698632277
26634.778216680625
0.5605590029847681
-26638.339282812947
10.96008066017076
-3.5845502031741434
-3.374318321602197
-3.0904967316323853
1.7326444440567546
1.773901063118338
528.6088715034138
-0.44849666762571416
-531.6837721233031
9.85313670988547e7
-0.755001234208965
-9.853136421401446e7
274811.5570779835
1.9479965631938372
-274815.2865862167
-43.18846638060255
-4.093139380038478
50.49576667444421
-44798.103158597034
-1.1159177330739176
44800.13150838035
-361507.362407954
2.6874299464666307
361501.4142220027
-6.0724335905436024e7
-0.9457638988070763
6.07243391701274e7
-44873.165795456516
-0.8794839175108112
44874.63458848284
-483.3166819114666
0.04237478112721594
481.055064488304
-0.28422933768479863
-1.0910113190270443
2.589361045192814
-95.83834928352809
-0.4076553091228764
96.17654234371285
-1.619962847100736
-0.31999086851270664
2.537831185399805
-6.707086559643342
-3.106868334761172
7.583375286412498
1.094398110492585e8
-1.625069078781156
-1.0943981095937641e8
627.209561021167
-4.300480633753268
-620.3358475989278
-1.517818048401645e6
-1.2429697228270218
1.5178205496566675e6
-6.59430001056688
0.6438148247230536
4.33633693471829
5715.694158029079
-0.4248354196021063
-5715.137314569199
-24.92245651940946
0.973963761050022
25.04807910253977
-2543.689860882623
-3.227482462355818
2546.59910798313
-55.38328348408409
0.7394586880151912
55.66843146299326
-373.0342170842366
0.3066796270187483
370.3827843869762
1.7111945848028767e6
0.9789756213199338
-1.7111971600961692e6
3.7323851164465713
-0.34299800845168493
-3.822731714677247
7.832773050645933e6
2.024383196513359
-7.832774948769592e6
106757.7058693682
-0.03008553710747774
-106754.47873507478
-20.545226248422324
0.06913239203601396
19.593600759760886
-368.58491208797307
0.37209049953723417
368.918633606336
-4058.633939790243
1.6755367937432204
4057.2025909502636
-1.0212880321021011e6
3.273101524168322
1.021283050624709e6
4.866621570290721e6
1.9551505456167533
-4.8666251108997455e6
7.580038363102444
-6.112422899745516
1.3344044893117477
-3087.6910158750447
-0.8614267814241504
3089.923855397771
-296.16939216580124
1.4524565567888394
293.57497322725357
-47882.63289714002
-3.942343721979794
47887.80604786347
-4.175946825914536
-1.1517940312074142
3.4828985453287675
-378.90778462253223
1.3051639240798911
377.90171919787497
8560.367232657283
-0.8817244787106764
-8561.994112560762
2.3298178954207882e7
-1.2921453092593564
-2.329817646213575e7
-476.68591571272276
0.9638349890058823
478.74307402034026
-5.625588730518892e6
-3.341915269821151
5.6255915843988815e6
-2.7795837315277465e7
-1.1184097713942902
2.7795838060735025e7
742126.2646048898
2.104202406760243
-742127.271697164
-7.092383510165626
-0.4618018563289737
5.598161414019017
-10.844882299947246
-2.5657706222519616
13.418201673566301
8.269279850072505e6
-0.891103122943886
-8.269279607522436e6
1.7997386131903613e6
-1.9871650242853482
-1.7997372585253336e6
142039.0739674261
-1.8967914893523732
-142036.7575569777
114690.36513323669
2.9140362072289987
-114694.95750988701
960.8340050860705
-3.5422574165683445
-953.1496245676358
-87.09215604569769
-0.7111566246577968
86.87383746308574
-503.1032026954969
0.3407704129793794
502.927519742181
-54230.20478161784
2.292835081923288
54226.944356243475
3.2814481125508994e6
-3.8122794242322966
-3.28144416550163e6
-1.272336509860194e6
-0.7345265077976156
1.2723385356163683e6
-1.7194842349891965e6
2.2849703955480916
1.7194826778406946e6
-4.430702583137051
1.4963909314140453
-0.1946765373466658
1.5995846232911468
-4.110927070083456
6.468905567186329
-6581.5402911069295
1.839616866460828
6576.79274511844
17.30560915991278
0.821790091177985
-17.6680572055874
-3.2693804509824743e6
-2.58144098734589
3.269386230518206e6
-1.2982132996925658e7
2.704069443434501
1.2982126543173617e7
-1.4042773775346724e6
2.379344831228902
1.4042750185554728e6
-1.9877638639917774e6
-3.847008591226173
1.9877685159696126e6
-5651.013384270181
-0.007072619074249493
5651.409582079405
-5.00519060603835
2.7370272724725275
0.32769106074063536
59208.79578044539
-0.9559696318625391
-59209.61767338632
173.2518079301781
-3.821764148729936
-168.30756400676842
3.62831659369658e7
-0.6720178404762015
-3.628316516747759e7
52354.53090456583
0.9432069780594293
-52356.10849308374
2916.779909229036
-2.0961623910921103
-2912.823054257309
4.1491379989079586e6
1.8462937893198097
-4.1491426245452557e6
31.23429941538606
-3.9371579882752967
-26.157421898357253
4.86756802189849e6
-1.7632421212991385
-4.867566356194756e6
3.6313569601606055
-3.561449253650237
1.6926971778374553
-7.497947322640311e6
-2.1327625085347153
7.497949964232712e6
-72.32570664194736
-3.838244038800293
78.7857765836667
-4.66280931982579
0.22539351282695635
0.8734647692782497
-2.1803030501511833e6
-0.13391671050681445
2.1803034956513345e6
230511.0737390642
3.746371032186356
-230516.34410459627
-271.1112334984015
1.2340975305000352
270.8621411918858
0.5899202373061555
1.355336338254033
-2.022489497987963
-8273.50384500995
0.22314798762251714
8274.999702343597
-765.7112916122298
0.006381434254975897
764.2986247458451
512.0462459573594
-2.143435663718557
-509.35312737837273
-7.07650220591457e7
-0.18602515700759925
7.076502332065484e7
-67196.46135114708
-0.5504470295202896
67195.70165823388
-2350.5710730752185
0.8462393501990738
2351.185611012905
-3.157223186583488
-0.3171919609197114
4.180450127353086
-427298.60311229946
-4.549726093815275
427301.25097057666
-0.38544173129080417
-0.6583591433371677
1.4803616488222842
-28744.587782069637
-0.674467625998988
28745.5569324223
-1.6328393474207084
3.7765895741936677
-4.952599839945239
284726.4776198231
0.7411746343417421
-284725.19176279695
-1.0101634680150569
-3.6300913594781616
7.200448693998342
-4.0606586162170405e6
-1.66706011494768
4.0606583894185387e6
-627.4535587490773
-0.46278078846520354
628.1642661697268
5.578083758371617e6
0.03336925146613302
-5.578084759779964e6
-1.551318688971137e6
-0.4870497564106898
1.55132184859733e6
-557.8631358804336
4.028052614756114
551.0611647489163
-2983.59930001096
4.37363752976298
2978.7013929137106
-99059.02279133453
-0.20062749314354034
99057.82391479595
5.469987106104971e6
-1.1023029630505927
-5.469985163322945e6
2.246976550679551e6
0.4185009510453184
-2.2469760793433106e6
-2393.283975840648
-2.846079842335868
2394.8500230404265
58.355558333410556
-0.9332208366301489
-55.21920787537694
-650486.427791374
-4.024627810768753
650489.3202311631
59845.76830105361
-1.4690937590834623
-59847.46809733425
2.691871143572938e6
-3.5177833569758183
-2.691863081126379e6
-3.954062677346949e7
2.1588570260295237
3.9540622432126015e7
981.0308384843731
-3.1067524838691924
-974.5288301452277
-705.7778759565482
4.509596357407323
697.2592593999684
14192.067810767023
-0.623153777401643
-14192.54860321735
23.661809414085965
-1.580444639224926
-19.685384223148375
-123.8883358911332
0.9312186221482589
123.50477720666383
10490.62885979549
0.699955056149803
-10491.425095179971
440266.7390637922
-0.22933736535764893
-440266.78342723433
-181543.8895225289
-1.741398605561881
181546.77169479057
144.64377164024668
-2.331803322611813
-142.9382411204183
2.5510469886467018
5.208206956765269
-9.663664569384695
254.8449203150549
1.1398618945077545
-256.375465469354
-27610.422180506484
-0.6246196062187187
27614.7012836561
-801372.657579024
-0.6523794494414836
801370.755145294
3.4176894648503084e6
1.4515366108768155
-3.417690114188806e6
282.03209273846124
-1.286950098934671
-281.8397434582186
2.4822701572460808e7
0.797479835795024
-2.4822702941691518e7
323878.8008391099
-2.172194618309347
-323876.93853417493
7.09009775003396e7
-0.5570029777359743
-7.09009730181975e7
-285143.1727439598
0.4381085887443006
285140.0615659396
-0.6626151632677603
2.9305743989133504
-2.229415616237678
7010.816787111332
0.06261595825391472
-7008.782074968218
-22966.54071512774
1.4950483955369478
22962.77556942205
1.5390915150890279
2.052706639777151
-3.7987516225793274
-66515.47580892898
-1.7171646180876452
66521.49927602545
-339927.00181587436
1.2223358775498445
339923.099564769
385734.11466661503
2.593499142906987
-385739.76555137464
7.7734830310596665
-1.4440976959026723
-6.235761999389845
1.9720854038934417e6
2.1356843062058264
-1.9720853876545671e6
2.199264304796783
-0.8232527744454984
-0.16260526350543814
-6759.800370243667
1.2104238766840814
6758.522710243392
-377081.0856173537
-2.444579122590794
377081.1575352605
3.527440360815148
0.33296208088732415
-4.7708725860592445
8.85516938243033
-0.6470573733331396
-4.730896004215217
-7417.645801806845
0.7916000610791646
7414.048936674634
2.272436675050196
-2.910053183850991
4.336809038986817
2070.1951292109197
-0.12338287949057458
-2070.531051581789
-104190.99366377982
2.131696764018439
104188.33913823741
3863.409022569337
-0.29388063749692445
-3864.0341984874913
-0.6706897333991433
-1.1309239452390392
1.1885277769237488
56.382991532585756
-3.856499488085248
-52.11394321888822
128557.94447923718
-0.9073215237689477
-128556.33381484514
-97798.45251064838
0.34838527340924136
97797.61265700946
-1.8040931334723867e7
4.3900810832486785
1.8040926904862404e7
-2.30510167803065
-4.612780199409093
8.896768086842785
97.39459066532531
3.1714555179941284
-104.6711685518671
-3.3805761365426816e6
-3.9426828283412205
3.380584690175088e6
-615.0155390986305
-1.9596699188364566
615.6439480768266
815895.867437905
1.2123904458498163
-815897.9837619152
154818.58885463877
0.6396564395000203
-154821.8780329175
49792.85103554057
-3.939052440105209
-49787.03414238965
-2.3836759187234407e6
2.640269903017205
2.3836762536920407e6
-59737.51604992272
1.4160369515144047
59735.285534122515
9512.560513613464
1.7558017389064273
-9516.456415837009
0.25129066175451964
0.5634621128068217
-0.3192203497042262
-1514.4520030644626
1.4157147210908598
1512.8133146465836
27935.03648152218
0.7093116694248655
-27936.71107017304
3306.959989528109
0.9577404365850836
-3306.889996054409
-178.35474377615807
0.9017824671359234
176.30610440282706
265.38192151932003
-1.0993896363794617
-262.2621574592058
-72.06718238466594
-0.37284976113069535
71.61266346361577
0.9535211408156207
-2.311900362732547
3.016281131686128
-98402.37864994923
2.751968622877568
98397.90627888594
500455.38023074786
4.556562402562731
-500458.10034708085
-1027.3623003877383
0.6176857794778009
1023.489436015326
2.0530079840554218e6
1.3709714002377344
-2.0530089934410346e6
-30869.55199406147
0.3409579687505401
30871.211736027595
-79.29821605858034
2.893772752151611
74.68123318563734
997870.3332514351
-0.09254639926319841
-997870.2314764989
546.7594881176182
-3.3857848162858524
-544.8350746086696
2.808947050676111e7
-1.2682207766494715
-2.8089467341857236e7
124829.40141297501
1.2139949352441168
-124829.67110225391
-5.296204685897673
-0.004028345273773599
9.718567490974253
-66375.08193633602
5.431989279912869
66361.77968832296
-50.67502121084487
0.5617107619771795
53.15118770470917
9.918238333959
-1.6703877074844502
-6.997631922571744
-8.101503470899985
1.3788400671119578
5.342588651249055
-3702.9843853838424
-1.1999481062875375
3704.1150474964893
2240.928983670141
-0.5284675195606247
-2238.959463299927
-5.431810506403752
1.7860838624308903
4.612262127553376
-1.563275618592974e8
-0.3294204129231584
1.5632756130668056e8
-1.432929627585239
-0.6478067724993385
0.8734197701464127
-1.2765056700397374e6
-4.3446486409766445
1.2765111282243114e6
415328.54728322395
-0.49070585898039687
-415328.92885735433
-48472.09878086802
0.21907257808115133
48471.2775479486
2605.809436227856
0.9566570440418237
-2607.743178519152
180.54958711973714
-4.194340560019006
-173.62575904938458
-3.4519547415789
-1.4443523959235938
5.034028187414842
-8300.26152480812
1.720633277004209
8296.195850102738
274.38524851688896
-0.15532588164334882
-274.17912943331163
-0.20538017881594262
0.026127996229184828
1.1154854408781452
-42581.28479954496
-0.9853440275564607
42585.770974253086
-1.1459676142283247e8
1.6896348329173916
1.1459675629022779e8
1443.101838348033
3.010436344503429
-1448.240544624666
213310.01244569028
-1.7564519677094135
-213306.63989698346
6318.322350122989
0.4449552899771402
-6317.524786909554
-13.63308302232923
2.9252293316430267
7.5666340244658
167.78799007310423
1.2832548835084483
-167.15764202145448
1.1320415289944465e8
-1.7840952875529341
-1.1320415025284258e8
-8.848856619317058e7
0.16485807925182872
8.848856678959985e7
2.713226003797666
3.697657378330242
-11.956966888025303
37.540375439853946
1.0651101355569765
-31.371335363591243
-167176.2100545678
2.429787187000672
167171.00668622053
-0.663945520251109
-2.9834260472430403
3.713216079865247
-2848.5273924177814
-0.001822979345633284
2846.2786854554865
2.6764704293024257e7
-3.585232138098781
-2.676469875572487e7
3.4053855613909145e6
-1.8169271765766277
-3.4053843825066104e6
2158.434072079193
-0.507017558387712
-2157.5529171010544
1.6210499606052977
-0.925534039020247
-0.8764306602817108
23847.747004495337
3.1974986648651074
-23851.515176249715
-0.2051757478464889
1.4077837881626876
-0.9572480922720533
76.13687519093251
0.22130352855705349
-77.16521404507311
-7.150547762083185e7
-2.400227655897563
7.150548458455363e7
75101.8269011464
1.9410042587906975
-75108.01050455325
370709.42242194654
3.155943937685249
-370712.60865842365
-133152.7028095166
-0.9717243914165619
133157.379439057
-748441.9536873928
5.454212055965497
748435.1531814799
-3.2307294167112595
1.730891764017452
-0.17356879044578
-1.5356028292934925
-3.5925272670968895
7.315236133973512
-2.0352322962963e6
-0.517483567466568
2.03523282449547e6
-633397.5648320627
5.528828049968496
633389.4112830164
-63.6880898695686
-2.18182707964716
67.9780063138488
59.32875424186986
1.5663188810053392
-64.44209484250278
1469.0254380210274
0.7978655520400139
-1469.1807290612496
-222.66789604494116
3.4192524523236396
220.15111431024204
43.50888859723386
2.9878303722182866
-45.831838924858886
-171.57145285587413
-1.8201698173231047
175.18074409008875
-2.1541101676940926
0.00824736496689849
0.6166569359885002
-1.3776663618196446e7
3.3687011152517226
1.377665981085433e7
2149.3603923247983
-1.940235628639084
-2147.302475886791
-105.08880726829041
-1.0571431389197539
110.55632924706217
-1.157059179800265e6
5.220977958917821
1.1570478577284943e6
1.8597991520668584
