1000
-0.6033509635391487
-0.22843261720926755
1.9747127307990955
-0.7390190725683914
-0.6357808888139298
2.5101604160513165
0.9397487974267492
1.5779376397498253
0.21472364084907203
0.13919316392526
-1.242265458384673
2.2738427417587577
0.15660529079155094
0.3005775604754594
0.2095795454664377
0.9763438493009823
-1.4087472210646952
-0.12410103224679772
0.4455590530972439
0.4115348438815325
1.7675200469369434
1.515321478618585
-0.7888444242752073
-0.976982032063002
-0.4255598624287307
0.7840287102277927
-0.4955358456569953
-2.000563015300312
0.6533201498394011
-1.628809079156436
1.0304356924320255
-0.43957328996900036
0.04615242465851144
-0.21846547098072472
0.9274110960851023
-1.5941453924816835
0.8063156901210171
0.1423730982780374
-0.8359259838409735
0.3985477031043493
1.1161110960115659
-1.562331120438919
1.0552144600222055
1.3802878084795913
-0.13645358377746075
-2.6289255683618524
1.2420943153197639
0.6907026126256651
-0.2867162516426094
-0.9336766163399064
0.021793768169390992
-0.644713023829466
-0.11658571903797062
0.31212014794457893
0.3101935586214907
-0.3469501733101472
0.5113304172893485
-1.2803085321220482
0.6008338067786652
-0.6139912863266191
-0.5867326311860672
-0.39157629198299015
-0.5633867347549307
-1.4124170288537778
2.0152080029438326
0.38530820520330494
-0.2164719111190156
-1.7314856037183577
1.3162375787262384
-0.8166807444722466
1.319368100631863
-0.9814640378756495
-0.5253946786084474
0.6199380626130874
-1.5476316973265534
-1.4803225379895626
2.38970085312903
0.0793085881362481
-0.7005360489391518
0.9237916054319287
0.46451570690533
-2.0472065978512566
-0.2702499048546409
0.07613020260184754
1.3112411999741596
1.318934292041222
-0.5882749042303784
-0.5302546573271777
-0.4033965527786715
-0.4661921153808166
-1.8211111625998204
0.8122294075797647
0.5891021157893908
-0.07218574800640802
-0.6823993957409191
-0.25127705264016525
-0.40433757939200277
1.2225983199642845
2.0461951028097074
1.0160392658281097
1.3497239458071841
-1.0851951920494725
-0.11419327235238735
-0.9298307063966647
0.8904446387986572
0.39953704813950425
-0.06973932677787963
-1.0926326767889274
-0.32297002876447356
1.6109275860736263
0.23076348623430343
-0.47595791775509055
-0.006292242690920678
-2.089325112090967
-1.292408649676751
-0.9745120543266312
0.38757403887691405
0.30318011486530944
0.8586930575066871
-0.2338132849461832
0.03278345476680644
0.36022695847800956
-1.5578640995846527
1.3879733950300062
-0.754364218785159
-0.28045993647363193
-0.7519431389515248
0.45756811838465233
-0.3648440960928018
-1.3361640514646702
0.49594262512012227
0.022100965148900795
0.5621133265058567
0.8200784722762133
-0.12906633593573535
-0.4342978083291783
0.6486422103381176
0.9843630107459097
0.4167837875035686
-1.0882102974278522
-0.4655851773690001
-1.1719367010339607
-0.026581471240662874
-0.6262905236347075
0.19590358112789968
0.028241001677536626
0.8377935988069162
0.4471991214399715
-1.0550181998379509
1.8294805832860557
-0.186662402503053
0.043744090527285534
1.1265031688285303
0.2844102924945204
1.3594079030746893
-2.269001504771015
-1.3397239705503288
0.06620616053432836
-0.2768097954403708
-0.08388285518898303
1.5253201974701163
0.9741582774888123
0.6487660323594623
0.3137572642611941
0.44541307936407887
-1.2675531002212206
-0.7027991058408386
-1.3940946134266656
-0.23406296747855215
-0.1470720123504001
1.1000598544132267
0.9921357922523207
-0.3403375279896724
0.9928323112082124
0.6310475169129283
-1.7308442607096124
0.4351930526816286
-0.07482827126296439
-0.9051444097556034
-0.6033608262382752
-1.3484125505439681
-0.9044558063513348
1.0751651255868016
-0.4878829157794457
-0.3266091523862083
1.497132850351812
-0.5782502794641395
0.3651122253907976
0.14782847975425417
-1.3806421585435542
-0.7020406241096124
-0.06238532926473939
0.7579687127348791
0.32656443705822136
1.564320801639106
0.5699137967761368
-1.3123536940906455
0.5903941456540052
-0.859637892056592
0.9640806353719596
-1.6852322639661232
0.42312496751060136
1.2635721600138088
0.474250441185566
0.6606320541470494
1.0264173964224335
0.4338508282348038
-0.7262512111440892
0.2448774844924576
0.5560269587861123
-1.034238279888719
0.1405307747125935
-1.5278903372239552
-0.5944122665604078
-0.4598243882009554
1.4866635205895002
0.5698277469717762
1.1423286861528803
-0.19105369599494915
-0.6030030071719114
0.7276373308752759
-0.326647211832755
0.6531148849961349
0.19303280174807014
1.8502556232962817
-0.29241818932039776
0.34080910293213507
0.6656214424191939
-2.892652315221453
-1.408490019037925
0.0014315175585874196
-0.18373893606563296
-0.17690073412945329
0.3608991339198401
0.7280082761549959
0.024301857458716714
0.4948074878499627
0.4052765760940138
-0.3607587159580943
0.5574355428417704
0.0713741221781795
-0.3131218779429601
0.47830985288234257
-0.6794951534912366
-0.683570145002011
1.0771805680011637
-1.2283213069912886
-0.29051795160783545
1.1744100608637975
0.11646895818047094
-0.2822396357287247
0.589165511071963
0.36400338971428914
-1.2441511585641816
2.4319238302292283
0.8365022865043297
0.3639944616109337
1.1421774968806446
1.0432667673484846
-0.5222298231621465
0.011006534790823544
0.1068108039287758
0.11733067328152903
-1.0073577307227175
0.42578443258415083
-0.3786532070733537
-0.06046210968767555
-0.08196571357336217
0.030135615133922433
-0.41832205904270414
2.5606814667161504
-0.22085742704634098
0.5821538824661682
-0.44005472686682745
1.0083514341131348
0.7241131511371997
-0.7141442334359319
-0.9639685088703878
-0.7652961165782723
1.3198437866665276
0.060640783013594504
-0.4435609863295165
-0.4882601021443569
-0.22653882793236524
-1.9128141168133537
-0.1760015623341138
-1.6651944865596109
0.9387519693542267
-0.538596389667162
-0.8118886314408328
0.030736859960271062
-2.3590435489994217
0.004568581966018656
-0.31924923343431455
0.5517263627002105
0.8678277973841225
2.129693130975968
0.681741247079954
0.29274500342377946
0.7832326773792732
-1.2540283149632832
-0.29526920453124833
0.6211151248744275
0.8030967748696471
0.7565452387530065
1.8010050217642672
0.7688662835810869
1.012334339739256
1.6634577051211583
0.7007812161786663
0.7185485356874247
1.0563067238097468
-0.5042472346165363
-1.6453631783162246
0.32038921284611616
0.9904148627144199
-0.7343289242263721
-0.8340036322851512
1.3712089989204654
-1.4746433456999268
-0.020015056466194663
-0.38803521344388814
-0.5124289287066461
0.6061470789584749
-1.0201583777108973
-0.11050011347952762
0.15534332612964552
0.14318612088838184
-0.18432490597948428
-0.08700051314438711
-0.23116575836100417
0.6549448138733276
0.5670916251584942
-0.6766599639358835
-1.4250675717084635
1.0540072829756313
0.12849105603283517
0.8899973901977908
0.9120450364484122
-1.0380778571161846
0.23943922391610523
1.2102766780305036
1.6049068550101535
-0.09153105534999816
-2.7669445869292266
-0.775996738243261
-1.6381759232502924
-2.157357099704782
0.26693535596611506
0.4327172985091311
-1.4258839553603548
0.8721489631285039
0.6742174552546886
0.506371484589208
-0.3926443529571051
-0.011707083368581651
0.30009779428478484
0.2835750536664663
0.6444102262917792
0.633154899480715
-0.08917985873531345
0.804367059518866
0.022377184130682168
-0.9441455275467213
1.0605872928342082
-0.20778141085232743
0.5340717459879459
0.6412174306377891
-1.2067874302282637
1.1205242065197578
-2.374414702565014
0.2430692881965879
-0.23163902742149467
-0.2867822028477373
0.5195014032510274
-1.32661965336653
-0.07972826923518582
-0.285293441791824
-0.9894521163479605
-1.684332780438019
1.5631302775525735
-0.3718353981673392
-0.7878243491666378
-0.05201926885766499
-0.14214263248182413
0.831395471280374
0.4997696510635384
0.1105477883193232
-0.49701006484218674
-0.22284343919216332
1.8965390805549185
-0.1698794176530428
-0.9441526065007905
-0.024696911086255623
0.8851295291237202
0.8311209804286708
-1.2704166204776381
-1.44419397217969
1.7239439460402664
0.11044162628151198
0.11413113548400812
1.2362304161816515
-0.004319690983174314
0.8967163948901916
-0.3064499258958285
-2.6441101652381946
-1.423434271671738
0.25904347832454916
-0.12259280823966219
-1.1929896490055156
0.3023841325814498
-0.0868009050472855
-0.7565151732859943
-0.53512631847996
-0.27575830129722384
-1.7090006830166986
-1.155078040349968
-0.2632100263885074
-1.3799290750361433
-0.599856634230549
-0.12760757905750209
1.0975649148137414
-0.5912987984431568
1.559290700121562
-0.2281023381696773
1.5267620402082853
-0.46477156278393816
-0.48235834097348235
0.2112115055956273
-0.8508468898242699
-0.07627781791603092
0.35752084111368576
-0.8696250136671226
1.2594978071846756
1.095785546214043
0.8362299841853448
-1.1440814538610413
0.6878865324257262
0.2935611253478898
0.0897993538617594
0.6205640902741016
-1.0649909830813586
1.234859950822901
1.2497404892799258
-1.1636364773961445
0.32604524844075744
0.3193360429644712
1.0349472656606435
-0.28321666011948393
2.5095464842847015
-0.7324054131105753
0.897584974638621
0.6879584960278463
0.3539357209648405
0.7143616613861705
0.25299751073037247
-0.5403673095334368
-0.5341438763913583
2.0535205441974673
-1.9379390202276647
0.5555308227825078
0.3449312224590361
0.10315425793413131
1.3590925925396338
0.2356860960170915
-0.026456499990628254
-1.8955214054216654
0.08242228047432766
-0.9846895594274061
-0.15489118074912378
0.681979817104265
-0.7742572126440764
0.9564644914479851
-0.04984107683162382
0.4343941665477925
-0.6550035145874471
-0.7884315637592907
1.4736662527056934
-1.0800026635761997
0.1880925689727002
1.3277106110605932
-0.42660761947750686
-1.5089080094385485
-0.4667603357538721
-0.598617726892708
-1.6736820959901162
0.0028471178501054822
-1.1678587296719745
-0.24240218600108682
-0.42656555249267636
0.27476196008687565
-0.870204316552525
1.7249758245418796
-1.0194488534932984
0.17328445684767735
1.6287450694911465
-0.7281479469254863
-1.3217988419421236
0.23120015778490627
-1.6625194692935317
0.0052101573791242806
-0.2043957269390988
-0.4409856529739812
1.455186929626709
0.7367511535270603
-0.5268911776849259
2.047710530004238
-1.2925511487118857
-0.7042525434539396
-0.3413474509220929
-0.1176580916150615
-0.002973768760236778
0.24562726470225937
0.1577331831608732
0.3740485984807696
-3.156007018284833
-1.7199065996025291
-0.6455915938732301
-0.805374118543109
-0.35427892354265766
-0.1309032606413579
-1.262863935893234
-0.7345358181624376
-0.4741021083433973
-0.4368163860460171
-1.6274935892870674
-0.5967484196659024
0.4276153158011437
0.6432235449923901
-1.2632340378732856
-1.026255956919547
-1.3603306426938575
-0.4449726108752985
0.6564105780517168
-0.7531480842545627
-0.44268036375095976
0.41823438637378973
0.31881566711334114
0.8644450052918847
0.5638349933722115
-0.9963610134712538
-0.5264906667895288
0.2605716409127646
-2.005659345478015
-2.966616884324994
0.6221516707441596
0.25778850135050146
0.04339520873059384
0.48736105954871095
-0.3135628837366883
-0.08382416933918468
0.8203821711581639
-0.2752244984884333
1.1436362266567026
-1.214092622290972
0.4991503215372824
0.5683650209924552
-0.10359491379325705
-0.4173836301769434
-0.7981747001424936
2.451125589470975
-0.4228569931152637
-0.44802499930037415
1.1938671095630526
0.21374314460295563
0.30866736956740154
0.866372383097908
-0.3616782137441205
-0.6367553402458287
-0.9452017181128128
-1.205213217656809
-0.5127680608287752
0.6667268525108054
-2.265861083737354
0.05581719241108893
-1.6505571460957251
-1.809226565279776
0.37857517717099165
-1.8072606100403636
-1.4416604618539401
-1.0934059111282313
-0.5445238671581251
1.22058031301962
-0.18710428108181779
-0.4924859120318057
0.4321392057582639
0.2572241540829678
-0.3361918485367898
-0.30140392204036237
-1.2506259524243513
0.6462318596283849
1.9610524289850482
0.9035068599825395
0.7791821277110368
-0.10912692403320937
-1.5803529825675564
0.9730487697677069
1.216927739980055
-0.8025304875059652
-1.3528949558076664
2.0598740544336755
-0.44149366828308256
0.574921966076835
-0.5569722259379563
1.3786631611978122
1.155441522404914
2.206033780302109
-0.43022125885701334
0.040276185953913884
-2.3043874111224323
1.2838327894869521
0.36245663278987084
2.02681323518857
0.2676877951386535
-0.8682838674087632
1.9000189630216877
0.2471778629311343
0.17478140216636412
0.5471036811867243
1.3109319336199965
1.1435415640058668
0.9682039056498771
0.87181545418126
0.07547194666369693
-0.003585383061918586
-0.3717209488487594
-0.5105191491770943
-0.3158756711303755
-0.43391382748452095
1.1894466218240718
0.2433164440046633
-1.0329196187053118
0.022647641297383073
-0.29720973343599466
1.8430992164753794
-1.2247987902776591
0.35975445926425537
-0.3559160803862709
-2.2114485144436946
-0.23621200480785765
-0.09368555010643767
0.6734605109145579
-1.0057865225442206
-0.6516406862612192
0.3548845995641229
1.2304507456594997
1.2369306749902966
-0.20812600645486484
-0.13475797295727188
-0.8278101391133179
-0.23391220623383585
0.9340566462583542
0.7307055635410525
-0.27012535487041617
1.4695943739022432
-0.31583673342235036
0.07092677766326004
2.12053619018883
1.2486073920912626
0.9336815718305265
-0.9418481276979972
-0.5759839322060243
-0.648228325357495
0.14931140695030043
1.6126681326653933
0.14545045956799274
0.904446572770447
0.4052146122903295
-0.15663330634284575
-1.4949652942061287
-0.0010031368209998254
-0.0020893748719617855
0.9296759477253671
0.9317298476837542
-1.1189228920341525
0.01979589857889652
0.046938543963229884
1.7912458075360655
-1.37633787993597
-0.19522372617345024
-0.23644544985991778
-0.7241139092250588
0.5032595082573369
-0.8628662170663972
1.7068509408051598
-0.694530795127331
-1.6518148350562922
0.8242789873506866
1.465097294619912
-0.029768704215832095
0.2944019377171807
-0.444034628897465
-0.3592184209657551
-1.2484540455760171
0.041108556889001835
0.12024728277079653
-0.7017522179459651
-1.7529966812075586
-0.3596620217775009
1.1909996937190832
0.27297706638152147
-0.9780076417425074
1.4831242184134201
0.22230798206947588
-0.39145088084047175
-1.4075350252639471
-0.817042536675748
-1.0181501090658565
0.7710308179467101
-0.3343755837326494
1.4702711985398391
-0.43974040433104505
-0.8057271177814682
-1.0483309516404598
-2.499037303848892
0.3732366004716094
1.1138137408745292
0.18593616737368218
-0.22435385141795827
-0.34076323261181724
-0.34958425015876665
-0.7766952389654426
-0.07288228243222225
0.5313826020378332
-1.659480502744449
0.006155880659373836
0.19787193981971085
-0.4290513728536776
-0.14865316165726156
-0.6602799704763446
-0.14011997307449314
0.03165475101897393
0.011496307999531441
2.3052276898576873
0.2088779885680213
0.22849992173993317
-1.5316147422781552
1.3210507932137066
-0.6382134827148536
0.7204982504937353
-1.0922455341909472
1.053612558730698
-0.6444699541439268
1.6001303614235263
-0.8649611241737934
-0.90095229134909
1.022726460412927
-0.11110408424153914
0.47173120114685346
-0.15782395921371312
-0.3877209389132468
-0.5681744389060053
-1.388284378297927
1.031340481497966
-2.0016677323838747
-1.0956235060596495
-0.5538393567655211
1.3498452245754704
0.613259903000114
-1.820194450450327
0.7122004212250942
1.8285583414869677
0.2095828370272219
0.8512170254263186
-0.2629505249801549
0.2581744555001313
0.5333982002420649
0.24515983227803367
0.2707523882037757
1.0198439007619964
0.35322069233021436
0.6017869453468543
0.6779621902283894
0.044825765785916086
1.2586690005420589
1.186882201921224
0.1573549668161624
0.3434642915897549
0.8259845425234321
0.4067223264220431
1.7396885576933974
0.38364025375931
0.12698158630554146
-0.5604266058553041
-0.2746309441642202
0.3840144787584161
0.5239749690810152
-0.45931894903797943
0.8692874956764302
-0.6486539234676016
1.0426202778509142
-0.018074143607281087
0.18438687796371356
2.2291840136733674
-0.2825812530788523
-1.916566300814739
-1.1814726859586584
-1.0640648504795216
0.5571286950217754
-0.09949399984230978
-2.1270880948432724
-0.8674803365519436
-0.1082258699513122
0.31007062799963614
-0.43102154828551714
1.387695032138076
0.31263886051091566
1.2947568053197154
0.07943465609789081
-1.0433410937598784
-0.0704516855659992
-2.1225400649568607
-0.788843627961013
1.6454170878728573
-0.08254298965806434
-0.5422822904386575
-0.004704672545528074
0.4510440674434371
-0.30720212771085753
-0.7139301658610754
0.5878140638386704
1.893586638913047
-2.9314758587374077
-0.16333951929782714
-2.827192459670258
0.2180037766832088
0.8896192386937528
0.9995239388279743
1.006842919642524
-0.4493647821154806
-0.23518477628817785
-1.478084499073865
-0.09758178737183326
-0.0959191426809023
0.04125588737495238
-0.1157732076539349
0.9271458037055723
1.133606827705142
0.33761656676202656
0.07009382548039271
-1.1644980008705754
0.6461957559301278
0.6708056504007976
-1.5303216592281135
-0.4598389736947235
0.9400641248626819
-0.3790259380914219
-0.542288277418326
-0.05774384414503465
-0.1695172768584024
-1.72720338314393
1.0597591516480445
-0.1655502140135105
-0.41875070059844127
-0.18124532810211827
-0.5342747038007131
-0.34836710373162966
-0.3815320816428406
-0.1324011157273985
0.13825634096000572
-0.5477432462935569
0.6784729671788827
-1.586239553281556
0.3433884863778678
-1.1598828101806378
-1.020863891599319
0.562507423006451
-1.0784849231618316
0.289128752944201
-0.06389084785311828
0.6401582346561755
-0.03057279543439112
-0.5459779437807519
0.10727793709707105
0.5206728250372764
0.907939716849154
0.6249623397381603
0.4598608456467544
1.2801033792126661
-2.5037046781542687
-0.25144021519558324
0.31118941494656777
-0.029648799500444613
1.3098708287353469
-0.36104588743143373
1.4263858305538286
-0.27100136820540516
-0.21193659915436824
-0.04060162000571458
0.1488808634971282
-0.10659194287631218
-1.1777754668359672
0.5090264315064478
-0.7294010016933069
1.3406351408700077
1.8315245489249479
1.039159073572297
1.1955922812801247
-0.35736194092651796
-0.12622087547936942
-0.8322944505474429
0.533572481196054
1.7345813337885794
0.2672204275498136
0.76632774008131
-2.432222325616579
1.6465002743446202
2.0080669920044905
1.304523574208241
-1.850904037347685
-0.3193895664875554
-1.2176622825272403
-1.5995087335087785
-2.1542997668716697
0.27433524710933616
-0.17335571594072907
-0.07323314072539833
0.028712413936422695
1.8315513928298113
-0.4631991185779706
0.8272825082138855
0.678054227122028
-0.709455975898001
-0.280039002240545
0.2087755890176743
-0.37913111970473534
-0.4600202699385761
-0.34534309812851627
-1.1923578672154338
-1.1138385971812474
-0.8182466863719566
0.7715854252587329
-0.8360811278748284
0.03018387258844628
0.8372043431491746
0.2364410256480724
0.8573460783697727
0.08890635526104225
-0.9008368963038847
0.5271034823039249
0.24064234002927154
2.3544088537530383
-0.7811448867756507
0.0655455448051969
-1.0287682823037958
0.07827712555202936
1.4746261276021388
-0.2849688079321437
0.8523691398049551
0.4959389667828687
1.1112331852782011
-1.4563340156939746
2.1722823629561336
0.34668668574160144
-0.874586657874674
0.6343782272680789
0.41245134849423715
0.8645844483201207
-0.540540715069772
1.646861388738082
-0.08811154871659278
-0.2275860528287405
0.15042301062653674
-1.5952655293101146
1.6010524319432884
-0.731457656670948
0.14757480022391967
-0.3104494600350498
1.413353359453998
0.18429645201840594
0.6185408580883677
-0.5135336167461526
1.8044311957484023
0.3640226990152388
-1.8742513496570816
-0.19886104867743398
1.6987223339391173
0.17705326433288615
0.9499728479905681
1.6376644434306624
-0.6624743332466729
-0.5544347938796957
-0.9474586521386151
0.4796873070264272
-1.2013945701955422
-1.0237125660174677
-0.8542779267054348
-1.0061539368861396
1.1367164455074297
-0.08911428724986648
0.19765070140425772
-0.8051825024962961
0.13221992234309138
0.30130410193083385
0.6901960442267508
2.136231125543279
-2.1050635344184268
1.3969787709095915
-0.32195688257935445
1.537842269386647
