%%MatrixMarket matrix array real general
% Generated 01-Feb-2016
1000 1
1.5898549024408579
2.4877732097201748
-2.1378183876125418
0.1572842193640236
-1.3406966232407265
-2.0872331395313233
-2.8815000657339520
-0.3959125882107335
-1.9659566708083553
0.7389923834623588
-1.3692401943670549
-0.8708592912200138
0.2782667682954867
-0.1995518717318757
-1.8891584174873159
-2.4046553816485274
0.9364221513239109
-0.2445326518576957
1.8173908745724783
0.1083006339274619
2.1072974764053729
1.4638007884385293
2.6034029899681252
1.1455571290005100
1.5839227236006643
1.8702697849935124
1.8812547333971110
0.8670539084962177
1.1151989857893587
0.9206439024477898
-0.4902040655559183
-1.1983126950080174
-1.1082620800018441
-0.4619448387402193
-0.9331174765908354
-0.3176708440832877
0.8135466921749073
-1.8163729382399414
-0.0467537901116134
0.0327011914677309
-0.1199385978782914
-0.4129915994129272
1.3877322797702587
-0.3632811217487306
0.5802539434926640
1.7259613332984007
0.7677674848249613
0.1661508134319023
-2.9925982750692630
-0.6266067895975225
-4.6512486030923110
-1.3671393060546924
-1.2973127213608564
1.2764851022342378
-1.3222795658363748
-0.7389144320897985
-2.0586522180499176
-4.2075833662315274
-0.0488858979132978
-1.7728169250032200
1.8134164192757627
-0.7298598739346178
-0.4480812698555517
-0.4475979790106933
5.0318987663870880
0.9924207444690716
0.7252396860940273
0.2139094619739233
0.2793391498803603
-0.5082102303309821
0.6178142601340754
-0.8713024980538604
2.2099679946507651
-0.0193607527510764
0.8737181597392164
0.1882336457479081
-0.9136512905928341
0.5477327685790946
0.0059028692573415
-1.4683883516106169
0.9927837380377306
1.1967668619896688
-4.0070406998303492
1.0982566587300673
-0.1721687215836203
-0.2558411774290321
-0.2757577150094870
-0.3175037230061334
1.1610674393248224
-4.0338093592268205
0.9909471513872117
-0.4490597956554158
-0.8935391978556098
-1.0491960316607740
-0.5441637800687790
-2.2339833931639976
-1.5976246525450810
-0.6723482785313664
0.0465696188570768
-0.7140229342904514
1.1809794361928039
0.1484093967543682
1.3702705393459191
-0.1974385699430653
0.6590320788344004
-1.7821117499578767
-0.7687041644956341
-4.9955514413501128
-0.5758153698521200
-0.0203499686713071
-1.7065154079468692
1.0842434905503679
1.4625291093505224
-1.5090643331193718
4.2752444461940229
-0.2886044447091982
0.6114685318101152
0.6329747685291883
0.2319950114669066
0.7371299489149963
0.0409676304037160
-0.0185720887467291
-1.7011070366401386
-1.6095152162847159
-1.6781245506287945
0.5182451395991481
-1.3559290699611892
0.2375570762524593
-3.4476669235852953
0.9004607636068706
1.9768083449713378
0.2349960679057632
0.2431314349346131
-2.0080619829853568
-3.6214123875705466
-0.5043853290196207
-1.5390339645289450
4.4900986868867605
-0.4408361332939679
-0.9760527827679550
3.7062172602673034
-0.7453608975780217
1.2063966819437213
-1.1259318122009441
1.5691766314530926
-0.8653458085195413
0.8208635335660186
-1.4177913035309806
-0.0362269685848857
-1.2489639138732731
-0.3456541572504290
-0.5602089945581736
0.0972681305187747
-2.0157424194747326
0.8044612440051968
1.0622469667784302
1.2057153917470467
-0.8490424277708021
-0.2953015582687060
0.5746725990099314
2.3027913936352040
-0.2511688615799162
0.9428394652780792
0.0716487294218863
-1.3489765533726334
0.2523386813601235
3.2504900882616679
1.2120418278381244
-0.3370388362932871
1.3853252512595691
1.2748063428619580
-3.3126301557255826
-7.0593768315452072
1.3266862552865095
0.6238494106126460
1.5256555728662149
3.6049894690814952
1.9127182643234879
0.8515041550627254
2.9789022819421924
0.9436222641935247
-2.3326761563610425
0.3378248526486271
-2.3009454468770878
-0.4922104982726744
-1.9500740993277139
3.3556733218246375
-1.9639492751885412
3.8442286218771238
-1.1230660684583922
-3.0202060035751743
1.7294439271226272
1.6034468649037152
0.1637829960854541
-1.7710572339327884
-3.7568901672080597
-3.0015019136030707
2.5762365412891279
0.8484085809695134
-0.0158071477251208
0.5205510351992542
-0.0288804780212507
-0.5517658130828040
-0.9009290507766368
-5.2313588545304954
-0.5803748862427247
0.6317763331293540
0.2634996222661888
0.4675757836377386
-0.1693015508880451
0.3605781938886583
-0.8490259612289689
-1.6712727032060974
-0.5428945698217557
0.9925608039101818
-1.1879502482498059
1.8346937649944020
-1.0282236802590401
2.1723274170560587
1.1176951095177092
-0.0570508818955954
0.4004252906851526
-0.4838745375577683
-1.1457408000001246
1.4521692549619967
-2.1859855462117412
1.2334553951973186
-1.8121140637314577
-2.1447015725539571
-0.1923472801726083
0.8827804512413422
-0.5595908763496991
-3.5093876863933429
-0.4237198903373899
-0.4395463600074740
-2.1993648722118548
6.4447330486913952
-0.6156880315699775
-0.7663713342654007
-0.3783254919953956
-1.7860568690346099
-0.6970165166179890
1.9167728988981581
-1.2261080852759318
1.2902882366625570
-1.0962044823415344
1.3662179110939223
-1.7917615833081237
0.0850037987579739
-1.3395494619532413
0.3917969153071008
-0.5443108127280886
1.1942225833207138
-0.3986816341527062
2.4991986639237842
0.5040115035310959
1.6462407100915897
-4.4660847796236993
1.1517468128560484
-1.7677433143367820
0.6686493745898610
-0.0735790313435284
0.0261649691844182
-0.4570810681107079
1.3928963871455546
-0.5877546005667252
2.8941845370193175
-0.5797460845157192
0.9668758739467977
2.6182949632969215
5.5121617307130020
1.5945767766366437
-0.7703646323117966
-0.2182779330498023
-0.8008745197360770
0.8063442913575519
0.2707868606691848
-1.9518904394574168
0.1595200656773637
-0.0761379218918440
-3.1984431789210781
-7.3195480154384214
-2.3485764612888187
-0.4266662518945960
-0.4162727015261959
-1.3307185680279670
-1.3508338187614961
0.2405006790281399
1.0043360389503382
-1.6015347387478862
3.3668765451835942
-0.7656826792983662
-1.3502580541798652
-0.4673757428527269
2.0296467492459658
0.5569144015547014
-1.3924384836058075
0.5559762001931664
0.5162588891455765
-0.3032885206314082
-0.7329094233046678
-0.6064512670841549
0.5821851477448775
0.6777625848993034
1.5922858391847583
-0.6882387846622525
-0.8231660346446638
2.2835514111974349
-1.2272537657324696
0.0948718887214414
0.3466921899165318
-0.0167065370870159
0.6847096446070071
-2.3142794070350674
-2.0330047677923186
-0.3605635089038249
-2.2872290219450142
2.0107379287438696
2.0463612524196599
1.1749273682448447
-0.2508106695063890
-0.0566318729324538
-0.5399100824041096
-3.8033269858836745
-1.0243454366749363
-1.9243628211863708
-1.5798035716841401
-2.6786664888984006
-0.6576630392248990
-0.6051107741758939
0.8649974483396798
0.6084724177927519
-0.3962404235275642
0.7467662402234695
-0.6037560542498651
-1.7283770513608414
-0.4108347834361396
-5.8266662547979680
-0.6015512962984317
3.3924977870124406
1.4012008454879539
-3.2607383710268123
3.3061587140985367
-1.4268731385568503
0.9813073109715937
-1.8169231583430427
0.9697072043047735
-2.1851077651191591
0.2834842468446790
0.5240414852735416
0.3586871858591870
-1.4901044531957568
2.4502182268705468
0.2334391365260186
-1.6115310984028519
0.8712157651630585
-1.7089190107363008
0.3006474678978533
1.1739560936858378
-0.7747453614791469
0.7052225656454771
-1.0745639863709970
-0.0268101229450812
1.9505328732842391
-0.2989687969384039
-0.5174198624601325
-3.1071212525985050
0.0422388755011184
2.7201991212022119
0.4929159961379307
0.0264659619551425
-3.6955593836286162
1.4183450034306393
0.2184298469796827
2.3697613152595061
1.5604037535304007
2.2934182012036719
2.8030761180010684
-1.2645881389148235
0.0890026213457085
-0.1720601281543124
0.3880342396213473
0.2688770064150258
-1.3983045355833492
1.3469463635475334
0.4937667473953221
-2.2971802067180245
-4.7771210680836047
3.2311510066822287
-0.5513786291164544
-2.2274163544382186
0.0921878529303125
-0.1649894792627835
-2.9701718806794348
-2.6491077576944804
0.4902838293365102
-2.6087771332918064
0.2069840253133264
-0.3573266142556564
1.3484097976179723
-1.2669833888742745
3.6110808742484681
-0.9332088176743680
-0.2374555303707005
1.3080098400183382
1.0892780759183749
-0.6803630567800232
-0.0440216301740144
1.8782858823230120
2.8252534381990175
-0.0546081024038816
-0.7743157813496582
-1.0245636417477331
0.9896179476935544
1.2533352680399930
0.8053288890456204
1.7205129903191301
-1.6874012878130538
1.9680134495121127
-0.3768863661971759
-0.5883926613556147
-0.3958095182120786
-0.1435984366814050
-0.5777690686302619
-1.2097033542700266
-0.6790451460736113
0.1046841982987239
-1.0109395486127610
-4.1830307437613623
-2.5118825075910074
1.0711960899752955
-0.1494457678921075
-1.4614005284239069
1.2817859475878024
-0.6503168442918007
-0.5690133755046519
-1.7275488190545656
-0.2245150805316030
-0.4882819790170356
1.6558816859669037
2.1484967687353533
2.3800718048697105
-0.6869582519670827
0.9343532981239718
-1.3272114252895544
0.0348324937178196
-2.4120252456766291
-0.2373601319172406
-4.9210010956655461
-1.9168660317495780
0.2377376012182207
-6.1374400806801113
0.8814751418773883
-0.3040669099802529
-0.7054835095874388
0.4605882739172116
-2.0023768180032668
-2.0071154616436013
-0.7636872677009974
-0.3816078406641097
-0.4644026416269262
0.3703516822906975
-0.5263298819978155
1.6915252563214445
-0.9581248967088566
-1.2555897978776152
-1.2927204466517717
1.9383051703309193
0.0372839228043208
-0.0689215039395432
1.4369124192021283
2.5038056077575681
-1.8051343426191409
-1.6694969784397049
-1.4248181446755426
-0.1806425239425218
0.9470444588373332
-0.7214856085803121
2.0179441820369259
-1.3049525761766212
1.0212243179887717
-1.7953516965121472
-0.2541141070536531
0.2487380660995822
3.4392562996318539
-1.4888987975384127
3.6365280239046718
2.0927096888461030
1.3120819315755656
-0.3156077509761639
-1.8489770232143923
-1.5609996316983616
0.8633189340240723
-0.1113373921312383
-3.5135644120057159
-0.7056568417459297
-1.9821417180021319
-4.7750086372320375
-1.8512313837073511
-2.4936004933481870
0.4142024682557487
0.4871398187833006
0.3146998284484806
-1.3059343365759284
1.2843371848728149
0.1623593145554595
0.1910903180047351
0.0348234868239343
-1.3013481013161190
-0.1027085320167746
3.2261261850951559
-0.9425930317946636
-0.8181740417967043
-0.9395038771661040
-0.3664721808223989
-0.0769305354973268
0.8305710693704158
1.2474105354719984
-2.6080132955350237
-0.5164237709527257
1.5962544479386029
0.2791610889354598
1.5425509281872838
-1.0193650662140983
-0.6762616280636375
0.2530063815402201
0.5158424459116971
-0.5955566946038624
3.9651223461163951
0.6952892213210468
-1.0251934167536456
-0.7369048956401114
1.7685263923669865
1.9848066116246648
1.6715394641085586
-0.4000337647145834
-0.6516984143002810
2.1075931833889694
2.6130182393175203
-1.5014510512394428
-2.0108253611867561
0.8405334087864001
-1.6035312815838916
-0.5644524720672488
0.0800748371267918
-2.8004883596187025
-2.2992875399261918
-1.7393744730402292
0.1077745781209324
1.9471115972410535
4.2374351186713088
1.4756677378164138
-0.3050569478011144
2.1678681891885661
-4.0914618440216728
0.8555509355992906
-0.2015575033502778
-0.1786507273716763
0.5421682673918757
-3.1792443409949316
-0.1872453913639101
1.1753087088864949
-0.2956477747961124
2.7680622049815069
0.0371984276986178
0.3553200097740180
1.9232621421679796
0.1587843480837803
1.5244004722725908
0.1568886154033215
1.7686542316094191
-1.7360104257360440
0.3600843253381516
0.0315065945308757
1.0357178217834040
-0.5941009105806780
3.6800500695201790
-2.1787810708873558
-0.0980127638005944
0.6210966282481643
-0.8982371652799923
0.9521756936940436
0.3882427807424569
0.5122844971966375
-0.2054221265084777
-0.3878909862456293
0.1962016308313098
-0.1146694337144846
-1.0405909639850253
-0.8257899335542682
-0.1075066150040191
-2.4695965997923710
-0.0013278870423605
0.2168580317449816
0.3170756443576546
-0.0029207747402099
-1.4602732857984735
0.4496693669822830
0.0978866900084969
-0.3524095293570195
4.0005215623763419
-1.5959089057200857
1.1228479134155620
-0.6974968016817562
2.2692448735258233
0.5249128644864159
0.3509174042302456
-0.7363432789892730
1.0333813305941209
-0.4598724689171579
-2.0107740931907112
1.4897086766325731
-0.9877738569182986
-0.2441119338163670
1.4941046210847790
0.6164632298451631
-0.0045689459245472
0.9974125380457530
-0.7710396223104694
0.5862804490686643
2.1113874673088762
1.7119587068065714
-3.5763343968255179
-2.2989905162075779
-0.6333312310613524
-0.0464411884077556
-4.1236992096618499
2.6454767292235810
-2.4351920756872794
3.6806048111519547
-0.6628514017990830
-0.1024473152874409
-0.3236039014366471
-0.8227190859093735
1.2241681719430102
-1.1749272951186986
1.5426094643448485
0.6444957201907604
0.7851854363454431
-0.2358783809444520
0.3045259443330224
2.3989629270498001
1.3942097266781381
1.3184054742742202
0.3709643914247606
1.2223286478859361
0.2235051648882707
-1.9548465028875210
-0.4407204591562525
-4.2033046656755175
-0.2040801742037490
-0.5052103870914009
2.5630386999443262
-0.7425396596876281
-0.1772924061094320
0.1766072780766186
1.7309069364364580
-2.1891065509565069
4.6349216494054408
1.6913980709333711
-2.2507768623788795
4.9787983091291572
1.8423373188388581
-0.7820708381671004
7.4099603844783264
2.3627296678480176
-1.0939308415383593
1.8033880904569426
-0.7281638647150794
1.5580541800977730
0.1846804268963301
-1.5990109452914969
0.2965475817538417
-0.9159507080778637
-2.0698949859899001
-0.1830866326407489
1.8378417050646469
-0.7523887380287224
0.1578257655596223
-0.7728710317083390
-2.3769806147711172
-2.1148727882152243
-0.5192316344295679
-2.0097941150354766
-0.4689595064363266
2.0326025513686941
2.8079631965417655
-2.7188349322823040
2.2900132260630794
2.1386610005376294
-2.9906513669235153
0.1392703089257836
1.3310455180344474
-0.1853561502783203
1.7727890042689720
-1.1964177819406123
2.5724540486694081
-1.2406980810863260
0.5756212077661914
-0.3277511616955061
0.2113191854796814
-1.7884570488288163
0.2200968279884092
-1.6861350591110589
-0.4636087780706245
-2.0160068415634567
-1.9835638961686777
3.7073693866440172
-1.4326667923955625
2.6452957268134130
0.4941729247700791
2.0479270945185331
0.8325788804600294
0.5107342878494910
-2.8850735354594597
0.3027785969865647
0.0984089619289201
-0.7983515495565673
-0.1087029237729130
1.2328357682866216
0.3361156846175173
-0.0905492118712344
1.9682712446607660
-0.0564005192612454
-1.7566845016526123
0.7268000606000281
0.9368760092941902
-0.3102747115619657
1.7930488044560089
1.3809681309973341
0.7705151054436976
0.6522113445445127
1.0916523463017800
-1.7772364731753993
4.2547322999764141
-1.4147932380769443
4.4871983030409650
-1.2381846688197315
1.2450035934056822
-0.9389013409605669
0.6403813643516771
1.1180240697904422
-4.2289870972700419
-0.3642765318045413
-2.3544370169495736
-1.6586592081412495
-0.7393505546486270
1.4043971823920729
-0.5386167967871056
2.3276593594410651
-1.4677243046308888
-0.9486627535974557
1.6385497272574880
1.7387073418992995
-0.8332402061125729
-0.9342663101039727
-0.1770871725830594
0.2202992139741103
-2.0860857395847150
-2.6343665380735000
-1.9348279457344382
-1.0040740892615883
-1.5410079808835790
-1.0142940955305599
1.0794028789723660
1.2460732568493382
3.4626588293844613
-0.3556921655915050
-2.2718024656418794
-0.1887124683016829
-4.7592982353870035
3.0235243449123632
0.5314989246231168
-2.6487597221359929
0.8714249140236446
-1.0131584009428689
0.4870425200120015
1.1684500057943048
-1.2217381514772625
1.3228267580682658
2.0089673094780789
0.2432616923009305
0.3963797301992958
1.2153711052537612
-0.6491018986452103
-0.4305132496698409
1.3832443437201778
-0.8714783405718163
1.2154257848401142
-2.3111200389017323
-1.1305128277302245
-1.2031104255737319
-0.6416450683225863
-0.1920456633541577
-0.6421764334610363
-3.6266952994968475
-4.0117024701776840
0.6150519747482457
-1.4071908993599858
-0.4290547793885151
-0.8276248250516884
-0.4150047516871768
0.6807678106329804
-2.1229943139619314
-0.4339412631293261
-2.6809258333996908
0.7444451960313885
3.3077868366838681
-1.8508351102353544
-1.3781577208304707
-1.4758730047064157
1.0902030235836921
-0.6247983782047701
2.2169967091531957
-2.2885111154442521
0.4378682662515778
-1.3256746980134837
-0.7499576852347203
0.6424993322918919
-2.1863054653836151
0.0973535993315552
-1.1225052203136980
-0.7385065933028774
-0.0497019077728889
2.3225291307630593
-0.5049296927076359
1.4348298167951339
-2.4111104184015053
-1.7373895425936488
-5.7866488384472961
-0.5401063885367614
-1.0764669897333996
-2.0242889406367630
0.9173140519715988
-0.3323346692367906
0.4275294952204715
-1.8695063923823336
1.0599279222322742
0.1275637413963429
1.4158761075934316
-1.1131185010371845
-0.6277156656235834
-0.9519056820287044
-0.5220979259924843
1.1178066782299083
-0.8751503247328615
4.2513978324997801
0.5490463065147364
-0.7483320171391276
-0.2818218872603164
1.9773928117482904
1.2385364081626553
1.1893123604605389
0.1479481751683361
1.3616891286326953
-0.7696630832516252
-2.0041297172719990
3.0180756901278434
-1.3682678920840212
-1.0727804034148321
0.3155121517601838
0.3670395784394631
1.1290383509250523
-3.2010806987157974
2.2160496725079457
-0.0444447222745443
0.3111933672419619
-0.5675294667227967
-1.8890700551486543
0.1945880683147080
0.1705585224393772
-2.1479817602895173
-2.6596712454375653
0.5884138791463095
-1.1087898530204048
-0.9788970026147759
0.7971972201478480
0.5683172704451422
2.2889311947138213
-0.1425295471085648
-0.2085717794056462
-0.7411158604795745
0.6269753019442521
1.2650455488972443
-0.4275406098440674
-0.8420647470971327
-3.0617873744269550
-2.3479084605870910
0.8821292385949191
0.4667796326399581
2.6571031888200478
0.0752842704691647
1.8099738445239306
-2.1859186340496874
1.1143017655464074
-0.3618972705330299
1.0182986474132307
1.3960999320541760
-1.2965837143293732
1.2694562780656899
-2.0518579075388250
-1.7908659436799117
0.4524774483950471
-1.3747113656072947
1.8374973175617870
0.7983072917146085
-1.2338081062003170
-0.7398376069068808
0.8323366669179539
-0.0249564511624845
0.2161588241196303
5.0147047087975798
1.8699567489331053
-1.0745008438072825
1.0799265646121730
1.3384545327322306
-2.5491101949814419
-0.2847069052034328
0.3850377725514562
-0.6237101737973707
-0.4509872574062466
0.6076728419981664
-0.0129001694298455
0.5162556384055754
0.6089868776103269
0.2845663693807389
-2.9588258701912626
-0.6539381094189658
-0.1432064824558279
1.4105836023422802
-0.8191256631380903
-0.9769056385111157
0.7115929528286732
-0.8684447564634288
1.3099679656667091
-0.4949194276821754
1.1103927691041191
3.3233118914291069
0.7857000011307915
1.5967902853180149
1.9610024361988962
1.6510616669199283
-0.6606539723389461
-0.6703972361378205
-0.0451533767895662
-0.9386251141795491
-0.7793378580906496
-0.0732978214953490
1.8551978292987850
-0.5703945518851948
0.2106292566254405
1.1368317435760407
3.9544208894858262
0.4120550741475152
1.1784628050801982
-0.3483278586556526
-2.8917331034131850
0.0583615598712772
-2.1889689401704429
1.0779014618837524
-0.7229808137886917
0.4716222491498083
-0.9048947225635786
5.2149751755442342
-3.0675595890170868
-0.3010345531937124
1.1110682560838974
0.1457367972626354
0.9483113042990732
-1.0284976479256855
5.1998916723747861
-0.5733156002131041
3.7289470768128248
-1.3573634067915679
0.9049952724869929
4.4337380537442872
0.6496400149861532
-0.3034832382955849
-6.0705722201394003
-4.3686551099201996
-3.4017783865110567
-0.9850167388325233
0.8809556587758554
1.9195353582952315
-0.4365988676976286
-2.4277136801356702
-0.0469920082033745
-0.3214800211643613
2.3476643435180571
0.2689070029011498
0.7441469075230744
-0.4449905911310475
-0.8405955393256239
-1.4103360073867288
-1.7511854207072317
-1.8214893445958593
-1.4825646289403227
-0.1397922086952425
-1.4363759530123890
0.6049193097341163
