%%MatrixMarket matrix array real general
1000 1
-14.448784588203642
7.1324593505081495
1.5037521553783433
-2.046464816741438
-0.6692855886691246
5.627670751917879
7.111766891215668
-12.312141969738084
-1.5427915105992456
1.952491780902947
-8.941846610506254
4.104540321279091
-6.07641754292256
-1.266418412904927
-4.2882061665836115
3.4034254291800776
2.893705307659756
-2.324552897657452
-3.2301408568945673
0.26558040532808547
-12.168224997655354
-5.906998174926809
4.511553203668719
4.205770505269122
-3.771297726632656
3.598978817432189
1.0302041765359657
0.7826786046982697
-5.646221945194584
3.4637149970130348
-1.0680750998406396
15.577733858688365
-8.039944187016438
5.043591392033505
10.459271748173663
4.6143975441251275
-1.0694883108907398
8.018482831331571
6.488817953017291
1.459294711881032
-8.062690475362318
1.8593637921926531
3.7734940965605377
-12.684670694980019
2.486885784425681
3.021527877768884
18.353222883084538
-9.609110933339883
7.956516533376108
-1.3277280780124527
10.0669013493294
4.007647582375828
-3.638318885146246
11.920458710995128
-4.264883718613562
1.337502989264034
-10.44406388509161
-11.619945918898585
0.8548140125315322
0.28763597839580424
12.900646252978664
0.49092988389620135
-4.905815625720295
3.7594570864068935
-4.728718807707953
8.952120865319712
-1.3319617532570702
-4.5081706289610315
-1.9556857799709217
1.7651786504987066
-13.801650410975869
0.8129562756948476
12.507601754337035
3.3929461503447724
-4.369558615016463
1.3575593442480067
6.782324280683732
-11.76400948901414
2.089823597944147
7.199176234312122
1.4581418459078321
-2.6383377463038395
21.989546213779846
7.270563910324653
-7.922425916629604
-2.6344594780512303
0.47438647223489494
2.496392072477442
-10.200994604641728
8.545399093721626
-0.056899024492752706
-2.0240066424118175
-1.2854448437427706
-9.100491588778285
0.16561807467073142
-4.138183006291392
4.838499207949225
-1.5064148685417682
2.362554034180219
-7.550756257275942
2.589456336318943
-0.8150223923433005
1.6865350841987188
-1.2351123884718533
0.9546407803878448
-0.29796684804308643
-2.652127483526195
-3.441514626679164
7.488190573524036
-4.2887947855630495
-11.38484432523998
-0.7307610331357267
2.167233208309165
-2.848544025208413
2.0500769328770136
5.695181890251335
-2.6391287934403485
1.4694152877083444
6.094955471730397
-5.970946598460562
-6.395915640884767
-5.484013949504704
-13.60559806222665
7.409627617531422
2.2821840662312396
-0.15421875004473282
-0.008779736318892352
-4.841577861776362
9.056589579019642
-1.5086436057524233
3.2120440351309503
4.494769668883174
4.3089555780582325
-6.699750438224989
0.8053967193180824
-2.1438481463248187
0.07048186436507221
1.9350314330896246
0.5990475187518755
-5.22244997414217
2.6529212253510672
3.379889044440523
-10.257910013872937
-6.03510112243035
-8.172668240620384
-7.0595051339991635
-0.9907227951467287
3.6811364190165357
-4.481702886362105
10.225648083054793
0.9190198603543231
-1.1977409707212794
5.789408290205561
-5.16635213933999
7.769502798057605
2.2044714337964955
-9.560129518358698
-0.6794801596813176
0.3697251841628547
0.38980923812147783
0.8912917931592297
-0.09042391390470818
1.8283254219012028
-3.4798336111475874
-0.29778373817540427
-1.0429456109515174
-3.3081556374256826
10.527434328370783
6.206480168906961
3.9807844080012806
-1.1689473402847859
14.072861272402394
1.8099560389746014
9.070655919040846
-5.881221861670577
1.3044024491838517
1.4431802948148442
2.644815313248978
-2.3397044172799912
-2.971337193561246
5.567384802866703
9.292495835762232
-0.5440100120923488
3.892001757111236
4.706014881740045
1.3865008680270192
-1.7937547250123926
0.9683985536193951
3.6149933919994743
3.5195651197695867
2.0834098262656546
5.638163783218362
3.304815348628625
0.584896020807494
-0.8013236122481368
-3.8597344957319484
-3.386461314325638
3.5185703704367173
1.6888152774350937
-0.06609609364716758
1.9918166593893742
5.48868210204818
-1.4807260714426884
-4.675767526669022
17.289396433872877
-3.2612563605242837
-2.3312737590005703
-2.058682698528872
-7.15647956966925
0.24058387099746767
0.0948371607524059
-0.302540441945325
4.183006879971864
-14.721203160890854
2.1848085831496307
3.416576696471942
4.695259790302765
1.1853930226982126
-6.699232704092988
-4.944126174884361
-5.433606896637164
8.39379938205128
-5.704233094751301
5.367632847985934
6.5480793136718995
-1.1702268269403073
16.146532723452644
-9.460726591204102
0.391730762029538
-2.799228227117613
-15.296190525867809
-7.583936281421726
-3.6931455687150905
2.729499508806045
-8.675496510477807
-1.7779408501272067
0.6454163945470401
12.563344994396816
-9.831967017570348
8.66808686455168
3.392521560691983
-6.754061464152325
-0.3564681123022192
-4.69694449767772
-1.3575230768940323
7.815596462757697
-11.08666900735835
-9.953969126546301
-3.7712681866853606
2.1444655555926975
-2.250225500710044
1.8150413232816347
-7.902998626389545
5.681480948572047
14.107129364918896
-3.4235848414740584
-2.3662276661589585
1.1060441979031572
9.59296528345519
-10.788076760647915
2.3283697153670437
-0.041874887127002394
2.68506662801979
0.42460717151109967
-0.05670161064877739
-3.6101285320817826
4.917655689259679
6.610229309303461
-0.997438914627588
2.92837759701427
0.18086149439915317
0.4665418923441584
4.876554944909524
0.636937309671018
3.9813364975309717
10.056181262944605
-4.022483250084839
-1.0678837409052175
4.238923904957999
-0.43668409879182934
5.049343795792156
2.09841816349045
-3.2551746000399815
-1.834541309752266
3.493382586035991
5.668911415683225
9.4172760901378
0.03846512481378564
-9.788799902000976
-3.8533467565445565
1.760612047677303
-3.1199084550084764
4.640458416662027
-3.966354726170215
7.13346935625126
1.5529995678818556
-5.495729127312392
2.4940677646435834
-2.1452144996268494
-5.7612967537740385
-8.190941383241972
-4.036831884038449
9.428790791823706
-1.4881418575639536
-7.105698132924271
-6.330746367352518
-9.123727904110916
2.303023116428005
-4.276120886135516
8.652543873369684
-5.256436860163601
-3.832420727116777
1.0505877829577157
2.495588347060473
1.3403350407875672
0.001947706811714344
-4.1153727234419035
0.681538079231255
1.9504157882958497
19.102778671400714
6.336574947293134
1.0945634409762426
1.4166213573123365
4.034390731129536
-3.1362562228716113
7.140117873057872
1.43321697648175
-13.080358219715288
-2.6951778562875863
-6.5714480307121965
4.3877661938922286
1.9321056168591695
13.489585599572582
-1.2551412708348197
8.45258206679077
1.518216146214331
-6.003515183372188
11.746442183170645
-0.9089753764096942
4.979195128167319
-14.10064682956068
6.236990077289266
0.09591750264500006
3.788935810336864
1.7994725396479143
-2.1804252734191216
-4.085283659167116
4.245873718798304
-13.774076832402125
-6.604163617150251
-1.5502852596084278
-5.371070121504325
1.0292440415397
13.06824919615128
3.861705823189437
1.4229198937093621
-16.69217965075007
4.313384598211669
0.4065575449643226
4.3982715329516076
0.6252309146188031
-1.6703031600012013
-10.151888742767909
8.612568242606097
-0.33250547839840083
-4.319487452545801
-11.916777381735823
-1.180382238077996
-4.020476562205351
-2.589437458037799
-5.533978315483832
6.150676284954705
-12.017715071992647
6.369757460093335
2.455200514405198
1.485227449962822
4.833469671798587
-0.7706700685016781
0.46057682977677594
-2.5701599179888226
-1.4854777924321103
0.32343429604986257
0.10947349023442458
-2.423498959774305
-4.723987143646408
-1.3074384583564067
9.333604227538729
-1.490503393419554
0.3767705723740353
-1.298068814555109
-1.3508473428435686
5.058416069843796
2.7307347901114536
-3.9971121820706683
3.083724275514171
-2.1669670624344
10.366366218420586
-1.375489542958775
2.4788752537740164
-3.081913842879909
-2.8398417535153997
3.189898937922953
-6.024663496178843
8.57953395632908
-1.209920539975722
1.0591140244898194
-1.6196502429933084
1.39355634671487
4.894482166050024
6.5807822735215895
2.273145631187449
-0.7632747595012325
2.078369486959411
-1.2223709599854993
-7.179822695078967
8.456322726054674
3.01543581476552
13.147218394497136
7.037942245001945
5.293031417505756
-5.626986872252162
-8.259549262744926
5.740158667144866
-0.08593148902144129
-3.939092538026181
15.735133904736175
7.441447364987077
-3.683291478581203
-1.8813581687822483
-7.116258894952432
15.889314713552698
-5.4519837484289635
7.778474721429603
1.6691939921076062
-10.357681663726956
4.634640491637399
6.639865914900361
-7.876926457182111
6.4420939776105275
-13.229296416961201
5.1345907958245665
-1.3734425661466612
1.8086965670347457
8.335403001603572
-3.5347571422775212
-2.8472970030643667
1.386546861254906
-1.616067989305421
7.5437695671377245
-3.201501814590471
-0.6392424752857669
-1.2108353386001525
0.6370305342410076
-1.5493611058761312
-4.724896075510962
6.113135690959577
2.1212734497767562
-14.839210192826917
3.18885984443649
-0.15233788588324676
3.309293665436097
8.371252793225104
14.64576098185231
-4.70779625007634
6.566504503941798
-9.520041281314834
5.987835933918721
7.344176374653166
-2.8375077306127787
2.052714367621322
-2.6519501194211323
-9.5149937714261
-4.947653368923982
1.3711575317351374
1.0485183341668236
-0.7715069365837488
-0.7453914595629386
-2.183080594210544
-12.725664232451598
4.718037420832575
3.4371644049981134
-3.711130914863978
-3.7629778971479064
3.428287878868102
7.562717024092878
-1.409240441204585
4.140805547664479
-2.424921279737836
-0.023980203514238626
-9.557168554112836
-2.496888320184337
1.7549438041807088
-6.418999949514275
3.216013366634271
-8.77825149394128
-4.131290085383539
1.1273656439840147
-4.260450891057986
0.01285188475766297
-5.357660142885401
6.615594044620766
-2.3477430602213802
-5.0314600131033265
7.726377172849978
2.6520777507763285
6.857342175706106
-14.796824042781997
10.305923715624127
0.8665763900530421
5.995582689242898
-5.195748731752296
-2.4333495893071566
-11.826234950283197
-4.0915946588753345
0.8936107590933475
-7.362148270515917
-0.4590638073248577
3.364290326092448
3.7307646011627638
0.8165961222052767
1.4702539930322396
2.413661945413813
7.239210936481831
-12.103896935873223
-7.855944402238237
3.119815414927725
-8.005954615913566
-12.941877847365635
-7.673288173749201
-8.370504249289178
2.607967655660838
-0.48730049829161354
-21.30273332802889
5.190903884083129
2.9532834605799083
-7.271429574208595
-1.0512600679547688
-11.683904559974009
7.874605687682382
-3.301603580102717
-1.854828097342358
-6.913564731787936
5.341910686960489
1.475178659541291
-5.70236409077978
-7.58289907350676
-1.0091523715778785
0.7399294580465382
-4.683642108956359
8.216754234707706
-3.800677354985093
7.382514890961162
3.277692426355521
2.5689606105835767
-1.0978907184371114
-6.112211175345832
4.378589191132364
0.7080386406871206
7.900890146488309
8.589209871181026
7.965796200397447
-2.065007945057424
0.7591993906137123
-7.873246902451352
9.886484619293274
12.942982793563063
11.777132353931302
-0.05278320590755649
-1.160395021477482
-2.494120756715266
-4.518696445923856
-3.26427394668819
5.743334541532509
8.673154042160345
7.555647874731132
5.8745436780129365
-6.693767494601479
8.943912664208698
-2.9496081657825255
3.3217082290258566
2.2010644446280363
-6.742860553654744
0.2779875859269332
-0.8868012944195798
-1.264288960779852
-2.337299591192126
-7.010280724788299
1.6631655975482533
0.470524821155115
-2.4688409852108615
15.201028103540049
-1.4366152428553465
-8.265799873630128
-1.2745676879709393
-5.269719317598958
-2.3237096285773586
-4.738481228746603
-3.0074353826061087
-0.38717934153883143
-11.98419493195185
9.6815949851414
-1.6526578571897035
-9.304927232413556
-8.515365860030876
4.345733651678287
-7.508089680214102
6.207246617658034
11.57812949310171
2.9435332812745028
-4.837460853650157
-2.7041880024243126
-1.217204504808306
0.5574377952840813
6.518479603126666
9.758767246097696
-5.706286276010057
-0.25394420639771986
1.1614295271281627
-5.887651988922476
-1.872092905421811
1.9670426806448955
-6.072556920145925
7.308506830899644
-7.493841355394652
-5.096190197058048
8.51473528574478
-5.665324689462765
-1.0937997976420855
1.6921460001923527
-8.988529827221816
-4.750820357407578
-5.3027301510021525
3.429963142396266
-2.1271158288530603
-9.87975711570002
5.9007159432313765
-1.9499860076166942
1.7715839559543938
3.8015838575362912
-4.032751996692551
1.688754494528024
-0.23863116917513616
4.912448629107401
-0.7889157710198719
-6.543842646126402
4.263314569865737
-6.3363544975637724
0.20679481088118573
4.399807063833931
-11.6720874707886
2.1713563051806526
1.956888606929559
2.9330377197625754
-0.16838074103377404
0.48866728140865867
5.721496866036404
-2.4756573376859974
8.358998662674281
-1.6612554200823997
-4.911166691920735
-1.9210578163854073
-11.988698437583102
-8.074056644729017
5.308982118239654
-14.815638769224488
-3.2226087703587787
-6.290442111209843
6.720914457687099
6.719885973374983
5.626553391240372
3.9326997511901154
3.7714549294087036
2.67107907218583
-1.8210856995892095
6.4071225746878975
9.67658746313937
2.9417343305664447
-0.5522665174254178
0.041792102442208094
-1.671656959250852
1.3567087105873825
5.082158711903025
0.2863272485933846
-2.7032382875889986
-10.300389308326041
1.501841549054433
-1.1348733176585932
-8.303786406539007
5.6479809802683025
6.427210819646902
-3.570734013521709
-7.606325827570532
-0.31266137681778117
6.515254764671978
-6.0727141006425205
-1.0030885697557577
-5.654707915670016
-12.134866418066922
-14.846616977004633
-1.1435186748148713
6.313844184934744
1.3187719269760916
4.6670304010466115
-0.05890782525700363
-5.9780660632357945
-0.3435209172073262
-3.070899175580962
-1.20169494892377
-3.491403057857363
2.419600133398608
-9.713028884721105
-2.014818470125975
-1.1855395538858806
3.343051604202934
0.930992691512861
6.160800879662969
-4.589164180588475
-3.461941191439784
-1.9128464030147199
2.8218856462996698
-0.5582977927266727
-0.2288941807506613
-4.994463559031557
2.834433917585857
0.25665534187447797
-5.59153272847804
-3.0350285477257355
-8.951138158370549
27.342696811714305
-12.090280978862861
-5.893511778441114
-0.5568538464055592
7.237783788228203
-3.2721794234098596
2.697542352763159
5.085443715422992
6.5269270843334155
-5.086924338467649
5.510865227240432
-4.363503990896359
-6.116530301253106
-2.046808281090459
-7.4262193599118405
-10.732057417688175
-0.4101228555207422
9.50312130487886
-3.600360962052366
2.442428454169043
-0.9626660443546127
-2.1228115333708377
5.585473820721564
-1.5876584324843126
1.3026837303779775
-5.367561187630018
0.9696694273904858
-2.428862304865384
-0.4908899463956089
-10.710573299026855
5.5668775184933805
-2.444739604844033
-5.5360913791239845
-5.301882859153875
2.6709570845532276
0.3087950213689697
1.6703043195908647
1.6410785177320537
4.399223272957605
10.864090634695483
1.7104462988163334
-4.457576515245503
-9.058021675992878
4.248900562837213
3.277198622026609
-3.7314050258577254
3.607316342260997
-6.699253210124132
-3.2670457004757782
-12.973895561200312
1.6712017865975237
-1.7501097969505035
-2.2820070849094556
1.2504350306350978
-1.0242760142980682
13.097703791825689
3.981415222928826
-2.419428504771912
0.45798738837633274
7.566009417592158
5.984466213521769
4.840733910152176
1.7723471288362171
3.5168858370692115
-13.468007915216123
1.2039437583151629
1.9670832136406726
8.58945653516939
12.720765934163245
1.1795533974412566
2.0024125293949075
6.927610620571986
-5.009375951315685
7.796186877142398
11.343086617813208
3.994334211542568
0.24403887629626642
1.7192884872695295
13.47498247313321
-11.463581434994369
-6.7012680975935295
4.6887864770069605
-2.4135767516786095
0.9759560690716933
7.495087523388301
-6.222733091771418
-0.7402637383644003
-4.546529015786524
-6.747961087770777
2.9117332025547933
0.2477193817265304
0.6948956292931656
0.3509670077310307
4.0513420791870125
13.19746692040192
-5.396060614208065
5.027655357308341
-0.15567435271466337
-1.072071276018976
3.8406975396620138
6.573445567305889
-9.773294795578249
-0.8200239738921944
2.805381979088409
2.5261081769369724
-3.0632908649034367
-0.7545518267223803
0.35220078541914474
-8.5609690385123
-4.639615865825583
17.373944636815505
-3.0225926176122124
-0.5789866490127215
3.905896931846353
-9.902386578364332
3.705241706606742
6.835515845418233
-3.4068189906910993
-3.4676434041585416
-1.821562133538096
-2.3725664176922066
-1.4905185725306214
-0.5117186973999963
6.140878513123098
1.9005289374713819
2.9619124732664264
-8.11918830339142
1.033468126569124
-6.479029105233113
5.8662722196813055
5.328600401942633
-11.94988354968605
5.202106979650688
5.572053004789163
1.3927840390250938
-3.0142389872142306
-0.8074897081130626
1.304722748750357
5.873676552057995
2.3439689332528855
0.3337117194619574
-0.3142497332369653
-1.1858547066845948
-7.08543249319817
-0.8874904435518647
0.930372238431615
-2.907273648030387
4.478251924475223
-1.5598446902020804
-4.630008299537238
-3.083481333210062
-8.739268738607283
-2.978583665953363
3.0856203124755988
9.312198349921731
-2.3270759098270544
9.402015007633512
3.222201124722891
0.10689203124758855
4.350801972385455
5.159188129534476
-7.554130472066413
-2.113013850203838
0.1351446863963559
-6.161094082878682
0.7666699868110083
-1.6427660289551067
-5.804571253085787
6.750198015860517
4.101198099549199
-1.0220437963745455
-6.93354862080639
6.657809943422063
-5.697588664250406
-5.922906165041859
-0.651423400935923
-4.147310440494448
7.041928800023153
2.0974928543668008
-13.474156658464524
5.285827520986993
-3.523728759106653
0.5130815206134856
-3.503191343498839
-6.275231492423956
1.6678640604368848
-2.5876235038961926
0.8068462660145971
-3.186956395878207
5.13258165082344
7.051414218298404
-1.2343057263463217
6.883289722631814
3.9698592998127777
-0.3252573086190417
0.1468635050705998
-2.442149872538432
0.4504082749523139
-1.4962320896342751
2.4125539217466163
-13.29946546868808
3.8802295775300735
3.280005171766854
13.586657099540158
0.10714807777734407
1.3540466477816693
-0.6552116998288808
-9.370892676916613
-21.857725668694737
-1.5464429184286486
-1.4563405968553027
-2.2750767386758497
-0.6424546257702819
-3.1446752876116646
-2.334333083890094
-0.4412528132070969
0.6308716359788626
-8.485790291610392
1.7682962170135457
10.790691194907762
3.394554055555011
1.4169409544989664
-4.448727754741389
-3.1276449404921025
-2.4352518289057556
7.901294782533503
2.987222019813595
0.20224748960428718
12.724199448264903
-1.136830579355492
1.5452139640267468
-8.835247916255504
3.077072301261321
-1.7316186078912272
-3.428398588579703
4.143736987426437
-2.0676830340266754
10.090517503717535
-9.973442371253253
-0.5580163546747676
4.28889656415608
6.267240698699213
3.4221389793637407
7.833960009606956
3.5420361413358554
-6.296567677646912
-11.541451401429718
2.8484051291954247
2.272076251792556
-11.181024458141941
-0.49018686048921983
0.8295316004155628
-1.49410520753865
4.336712504619091
3.314122501013054
-0.4830931421645233
12.635309795929954
-7.687392036816147
8.355482869982332
-0.13672285557641345
1.5472840537222219
-3.736319005809887
3.0642298504240832
-7.493282607318113
0.6597801523301461
6.627764506291273
6.242150786715871
-2.540204294970665
0.1895137439269005
-0.83215520534966
-1.2539705091757372
3.9236318096615497
