%%MatrixMarket matrix array real general
1000 1
-2.633151970874698
0.6681386603198048
0.34268035124267804
-0.2729044407250661
-0.08341831851401323
0.20915186347042186
1.0807695433307183
-2.239204257718573
-0.5353681773118802
0.8769019146911881
-1.6592123268290986
1.2731222662237798
-1.2596225128439549
-0.2851823515149065
-1.2465384338108636
0.06927619710024951
0.4139057630953338
-0.11497821922492794
-0.4329472906851674
0.2678345422092078
-1.2625694728317745
-1.8832747580176588
1.2155770595651887
0.5438980807597108
-0.5632163365299326
0.7461009351503978
0.1816516977853826
0.12113621031574194
-0.692030352309226
0.9822955113262802
-0.3241443080433731
0.8983095733530168
-1.9563069504696937
0.4304485113988625
1.7940594921543522
0.7688658877955169
0.0036036552971042465
2.1764035399573336
1.5155205184491325
1.1056494969483075
-1.7211498534770622
0.28065832068177415
0.8128196641516899
-2.315681602233898
0.19311388625119602
0.879743068248365
2.1340628287959706
-1.3146704619861187
1.1321774195560304
-0.7824652838710602
1.4266573083791971
0.2038827902750613
-0.7963785184471548
1.5863654592159222
-0.8628967036061225
-0.12187375339292213
-1.6240624128604064
-1.7113933179919723
0.5523697094454598
-0.11255271198994461
1.5541788647601185
-0.08024394564786669
-0.977009451614189
0.7343237238695386
-0.983564625886953
0.9855151108186534
-0.5777379869223677
-0.3449063957623696
-0.5676634503594918
0.3788828011548049
-1.9971913471795177
-0.14121835659561177
1.9591923375527902
1.537996432101311
-0.876192384952581
0.33804123379355255
1.2939514560057808
-1.2668488999382193
0.0859900463227087
1.5203814990049465
0.28261667986339273
-0.614296355982087
2.801027784501824
1.6303715863987454
-1.824951989405136
-0.35314005355634753
0.17264309611673978
0.7387321462870038
-0.7217564256832196
1.4967287457170553
0.13282629468393503
-0.6017338316501156
0.03370049163612272
-1.5274754754798272
-0.6974100919116617
-0.3375764975914981
1.0088438840571374
-0.5736381928349391
0.2437355152639571
-0.9737892418669909
0.5424880450774716
0.1287347279689869
0.5944930577010793
-0.22070383182926145
0.0627459894935587
-0.13712182562656872
-0.2855429217393371
-0.558628528311099
0.5024777106997093
0.1591560850096027
-1.789774933248812
-0.15100909490432318
0.7583750236346387
-1.0508487331082033
0.2618023115262821
1.4107783958563813
-0.34421741360972635
0.4274138496467305
0.7234479387645689
-1.1522771404370638
-1.4156001904413775
-0.4256492308069825
-1.9666282633952579
0.899207540907558
0.964977468540302
-0.1591107489384928
0.045969832525497176
-1.1784903805085962
1.9635661140464953
-0.4454138493528026
0.5535459785502954
0.9831689700242322
0.03609276666934387
-1.3207615800079955
0.22210170219943193
-0.1618985909975283
0.106590298580829
1.087758415427828
-0.24844797554389225
-1.3729222959336143
0.862187196283074
1.1225608652737953
-1.0429453281716705
-0.7843586890731458
-1.4670461460942932
-1.1934971929783664
-0.5052095049438426
0.7020031347085963
-0.5674146294925679
1.2236969518999095
0.15043234837933178
-0.36108995182689885
1.1939247099993384
-1.089902418650671
0.7674554566991661
0.4450510283871248
-1.6367353571295797
-0.06737495344371852
-0.28923848138376757
0.367716328190647
0.09931185626018636
-0.46283631096308386
0.6647212568345898
-0.47283306454543916
0.44896557910382695
-0.06585193902724748
-0.8191777451625009
1.3487515289217455
1.831707600846959
0.9229123153320561
-0.1923407249100642
1.7151384655985682
0.7077686896283328
1.3344218430236678
-1.2254611284582289
0.12513299629871413
0.17711514599401473
0.9641779649737108
-0.3918549250071083
-0.20957127863606945
0.9980017845106643
1.268054823680705
-0.15342363027381678
0.47708818589990104
1.044365939773027
0.6452699808717579
0.053636855677171386
0.14801989558012113
0.8306900518695887
0.758593419350786
0.6653914477730092
0.6797925465004273
0.3859618102970656
0.3249692672244631
-0.4260857789353163
-1.1921085344508227
-0.07502310947273665
0.4686922264196564
0.09504148807492264
0.22553005708273643
0.3517822907107718
1.479350125901463
0.05301773531847309
-0.5800463240206636
1.7582444674653466
-0.5158176491058152
-0.08753711360930101
-1.2200806960658352
-0.7489817910488491
0.16849556117539893
0.117558555306589
0.3730238275816934
0.5884336522051887
-2.4918993003646097
0.4621067746531413
0.6308412654276303
0.5303978654485529
-0.11038498624248828
-0.40742697950397566
-0.7675977691333584
-1.0581639747869482
0.6219864286903672
-0.4403534769537917
0.8818709647000722
1.035408317466659
-0.437708010583582
1.8525861515881907
-1.5883661770591446
-0.07998731482127923
-0.9350568806365699
-1.4632197363782944
-0.9850887318493541
-1.413587682526774
0.31355878324156267
-0.8688036609202626
-0.279094297137263
0.1896178292172252
2.8750740415157594
-1.9485060413358064
1.9662075330471216
0.6160203789068465
-1.3437143593112735
0.11278986681224716
-0.8470861101041798
-0.6839499445263324
0.9272108361704618
-1.6908792053300414
-0.8102785498634034
-0.1280585719104952
0.3444313504780272
-0.5739773798631056
-0.22129331952753467
-1.0637604129560039
0.8936392658922804
2.2369716195521465
-0.579475239203848
-0.7114287424035913
0.1305760289420945
1.487624645512355
-1.2251656502307855
1.1470314694601855
-0.15444347955117005
0.32951921977029314
0.13141512215360024
-0.638788949507198
-0.009548175952528559
0.8265928176568309
1.44673441002886
0.03467396067101333
0.22110006070893412
0.2919620831388491
0.165614317115316
0.5441889071414985
-0.09032083711937947
0.4518841277173963
1.7920385372171257
-0.22460558464697306
-0.1762339242879592
0.526693103771818
0.24682904006713496
0.8679246171891957
-0.34515615792125853
-0.6303923148202754
-1.0547825331551608
0.638328592024727
0.8938880644115722
1.8041787417968462
0.3986598817001424
-1.233009991818894
-0.6925298989557926
0.4181207477941381
-0.6789197512472787
1.1784100312429857
-0.9560076017936922
1.5155362996680528
0.3943477003362285
-0.8378900237572896
0.14670668557856198
0.23958690800707505
-0.9524610798030232
-1.2245651045293588
-0.8222998066220399
1.1892792969984565
-0.2646640036232184
-1.1832301368907518
-0.48727596198196077
-1.126072176177355
0.45019545162440466
-0.9109313264715253
1.7948758801891793
-1.8572635968224367
-0.8077271713021703
-0.0039315688152255675
-0.133658535596126
0.3712176850637005
-0.32086756948823764
-0.461034033049757
-0.21502911011251846
-0.07027648078039479
2.2872809354301316
0.8935211993629264
0.259080438078967
0.4423202355101968
0.5118312798352181
-0.4068511833224729
1.8106275400231266
0.15830182803132808
-1.818506970246748
-0.9118214487305849
-1.3935472331255296
0.8328064317148344
0.2354272332166052
1.7930883303603438
-0.8187037341763264
1.5817148351135422
0.6770797709658768
-0.8131980745107283
2.652703433467011
-0.294797861986713
1.043708918129194
-1.1518935305641311
0.7546314658552702
-0.008633798694272308
0.7846114858243591
0.9779518994341734
-0.33193701247568036
0.02298065906750481
0.917809585715004
-2.144873556864277
-0.851854528271807
0.050970154498091454
-1.1010875945735823
0.6611820547710713
1.9563032656420987
1.0917554824470816
0.3830585213645252
-1.2063408661800163
1.195357572048022
-0.2663811353546186
-0.13652128270889707
0.19133148854369558
-0.3212801084154767
-1.2305902204596033
0.9985442302463851
0.138995254003449
-0.9768433866236981
-1.9720148487183427
-0.1463739805693725
-1.656245031481276
-0.05842257259496203
-0.505057748783865
1.0547094292476487
-0.6448434901206495
0.6074140937242604
0.3910253882943425
0.1772077974109858
0.8204874198707596
-0.2835138375669539
0.28125178764102127
-0.5077996248640948
-0.5234838767823863
0.1422364319769185
-0.5975916244109074
-0.6977886066567459
-1.1899046061196161
-0.07310749525200692
3.182518997381544
0.21548688698086677
0.07376015882526445
-0.752359200814016
-0.2615275851553007
0.6324051546263029
0.2918786251611051
-0.8785702184570809
0.3429450295804402
-0.8470202397064783
2.0028639137721043
-0.04228722986544495
0.6252808173951857
-0.4382242940008214
-0.5547515172122768
0.15776648531816756
-0.8252424528285077
0.8662502685655675
-0.10349846544003305
0.22442326567091692
-0.1349779423089541
0.6117798890372603
0.6663697580496668
0.7865176705668886
0.4219672287171947
-0.10736681526714478
0.3239126877857459
-0.1756985515743883
-0.7678522374021902
1.2254674733676671
0.4765910393243368
1.768329566806699
0.9885135826450278
0.7889607744923239
-0.6858443592721075
-0.8325966292684736
0.842109957288484
0.33147735086684116
0.21466890724588733
3.020914371688431
1.4717050546651005
-0.4189955234403344
-0.4660803164477762
-0.815475032546547
2.3376493560365152
-0.8205850292332041
1.2409611900386828
0.2672107633685237
-1.473953557601786
0.006178557991309692
0.8563179319315303
-1.1114601568035192
1.009200884470894
-1.5031162612572964
1.174942077335497
-0.4076578864187861
0.5360538456889545
1.8147188125952607
-0.4846074045475195
-0.8131990441497572
0.5632064278355505
-0.08193584404934733
1.3187881786083095
-0.16754823605949942
0.2400971800310423
-1.1910943752786953
-0.3781346414757057
0.06358943734139699
-0.7641746332774838
0.8739733775806546
0.242493231336951
-2.2122889930164966
0.03591268494558
-0.23814833737467656
1.22926302103886
0.9818853679088289
2.328529636955501
-0.6824576458811751
0.9097325586139597
-1.61817696586906
1.1164694287544614
1.6656687584900944
-0.189271125356879
0.3545501264956293
-0.4419012194462951
-2.472868388281647
-0.8379218152052356
0.16299366069146737
0.04712032554923582
-0.0955414795976041
-0.7702525754487533
-0.08619539400165656
-2.2330572571447287
0.16654172030626702
0.24105166704454778
-0.6281018463255399
-0.6577241696132223
0.821680725028615
0.6838637033383307
-0.6698676534294373
0.7527906471317436
-0.7302075278002166
0.21643825334389677
-2.158388224923464
-0.2816358713670911
-0.012895021742188536
-1.4009660184480368
0.24479582243638387
-0.9494604822492121
-0.6685338144807543
0.07397910914150406
-0.08035919758416142
-0.2810675460690646
-1.3198460589331904
1.2434060410988
-0.257948559662962
-0.688983031410013
1.457963448727902
0.15967693157518942
0.8403480602230068
-2.901268639283357
1.4156822883700193
0.3326092436326871
0.3937762816395042
-0.648037209147216
-0.46379803169237993
-1.0112622321648632
-0.4346451176946735
0.37339320419480565
-1.015701810291675
0.10630364994710158
0.8898871814129296
0.6725127441912793
0.059887264132789574
-0.002814163369308384
0.12688885488758272
0.7390752458991973
-2.0074712512458737
-2.3796315927402603
0.28900569284433714
-1.4277286036756989
-1.6521974061798084
-0.984559913897097
-1.3029410636453205
0.03936501016573457
-0.010725806493805702
-3.314523525608353
0.7439076766677689
0.7217538041855205
-0.8472443700017894
-0.6907535745708341
-2.0349807933107154
0.8157201817417415
-0.48959562497059195
0.1632673286109642
-2.2514230574989056
0.6619680209696969
0.3145979798962771
-0.7234347650777623
-1.143102400450104
-0.17157198086272335
-0.0038606269688669995
-1.2595884984211385
1.4064069287096248
-0.48872990958439977
1.514097267471914
0.5251125175539834
0.9456239831745007
-0.10358412993059254
-1.088005124911689
0.5346985265531636
-0.10968873909628944
1.2507542122203665
0.8301251551964051
1.190799547551109
-0.6017867785219856
0.3444880148646938
-1.548191744974997
1.2585881626631041
1.722017150649098
1.5965539178987596
-0.10118878398096857
-0.25589140454150744
-0.45665462499629184
-0.5671054188644581
-0.6262678560333778
0.8206403411970254
2.2138695232533903
1.9788074388569432
1.4639898814486485
-0.8194451766405491
0.814367523080669
-1.0261123112716335
0.5666599477427967
0.6812087137348165
-1.0517157636949959
0.04222544220193822
0.16110758129465796
-0.02353288989215297
-0.7077570709659046
-0.8632863063911907
-0.199921900353287
0.6657821680527316
-0.5046785005574189
2.8374702472538686
-0.7685712748681514
-1.2162928533665793
-0.5338872851602068
-0.9019798291812691
-0.23131916309348538
-0.49531952587614014
-0.5306777441788457
0.031138064589396768
-2.191113484218709
1.2186971565779559
-0.5585786553069706
-2.2588080909501507
-1.247822336219034
0.9470627618940259
-1.0336391566186351
1.1331476207685631
1.9935074971462459
0.7865628868003975
-0.9153331371686632
-0.6946527619856204
-0.7032152867744864
0.3225107989803096
1.1936391017576402
2.140425986364577
-1.938005891197892
-0.14340057842846865
-0.20093146665170053
-0.9962488261870833
-0.24634540450274717
0.1924544191213624
-0.4393757469042417
1.4315520737877407
-1.1825670274090043
-1.8453170623254465
1.7899745371916642
-0.5769171745799415
-0.662409277452866
0.4584178040313016
-0.9848955751662126
-1.4090661058876632
-1.3315282240659705
1.296531018752407
-0.21089979228671973
-1.8879223378902747
1.6134483407953635
0.02509002080568061
-0.0022781611516361037
1.1057598484967581
-0.6790805156491099
0.44792605380986655
-0.1694586415863072
1.556179299113181
-0.3797979908680408
-1.299761366034401
0.7581215294200844
-0.649976151778214
-0.3507343784692633
0.8267639302108531
-1.5282294564093577
0.34180739629353435
0.09377304592080433
0.461986189482208
-0.2850988761022194
0.3278415426172727
1.4848912513141945
-0.3963572676469346
0.939720088269575
-0.9472580324941096
-1.4489454972935014
0.03699710801871019
-2.107892599053654
-1.3672306835648427
1.1110669465550436
-1.6936149919290313
-0.6438951244631447
-1.0048871881995662
1.540323424226064
0.8775626751708646
0.31144699029268313
0.5178428065640097
0.9887820946291246
0.010472658198701953
-0.3332554333707536
1.1795133686802608
1.6904535610296523
0.8457974289791166
-0.026542155225731154
-0.1391980439133741
-0.050559515333740895
0.12155574044562434
0.5474220172834202
0.06812669367748911
-0.6265628343113461
-2.0237514450103844
0.221797959921136
-0.7656232306841814
-1.3637612145180438
0.6003636274312899
1.219071958153347
-0.119946623656511
-1.3332258901826108
-0.3127610140045504
0.9031668618103602
-1.059330743191482
0.29649342142336077
-1.172225228135742
-1.0674207867990801
-2.059791612600601
0.07351080544633112
1.305783256200881
0.15778417822074642
0.7090397641338256
-0.09315443766504078
-1.0253885388316724
0.17874594922933357
-0.39319457883264436
-0.1340850971078314
-0.39294210992645656
0.5822562284404056
-1.2808802094937837
-0.670721443805622
-0.2793021892857147
0.8493800873710209
-0.16464622457386285
1.3213261048800353
-0.7183932357575382
-0.38682633913250636
-0.4089480459563529
1.3355281108473045
0.05688028703749715
-0.43635849457458936
-1.0728067916242994
0.7449050704591147
0.32537330363044425
-0.6475771215172581
-1.1749614287434322
-2.0581338684278254
3.3770888881654697
-1.8572807890276037
-0.9929955080259297
0.2872095680564601
0.606251113061586
-1.23133240921254
0.39527685857298756
1.0146228161284152
1.458518608419854
-0.9487758079841102
1.6018548741969898
-0.540845319105532
-1.213329758312452
-0.3541918787796979
-1.5755059563772251
-1.6999662830968718
0.09682318980424102
1.0078561249108398
-0.5772191920990931
0.5289270724166092
-0.14685272146888484
-0.5329223082226112
0.8911519916089428
-0.011519979292573434
0.09828234891730223
-0.7237302617287211
0.6693336366199033
-0.1417979091235752
-0.022636636013918805
-0.7249927399545639
0.7681611911101585
-0.2328488991882926
-0.9504619442421478
-1.2170894728564643
0.572666175074255
0.24174332243830182
0.19696951003960417
0.9849350864397716
0.6279746678452826
1.331010211604917
0.7138064315980001
-0.6260667546426997
-1.3363787276703327
0.5024744769420628
0.6096681320020653
-0.5895304862358662
0.4496348106881217
-1.3674176029578227
-0.6932645371930468
-2.1872979272506257
0.3289076110014342
-0.11246187076233914
-0.5168384819780155
-0.10898300202007018
-0.44005836275638915
1.7659377400125273
0.5725204019743526
-0.9141997651873418
0.48249884676672683
0.9376127471890168
1.1185428335526184
1.4638631694128708
0.043306477436625794
0.7557781375281951
-1.2266904191353603
0.1678399511036202
0.6403884993124417
1.5586494941212818
1.1821195484326108
0.02231421601899663
0.41772480372326176
1.3996718010254963
-1.8424968486637785
1.9570061345166583
2.517083726046391
1.2564520763258047
-0.5201145925579199
-0.13617842498433486
1.7544913202990966
-1.8470039839982402
-2.0747304693296234
1.0813905214672235
-0.31432331726777746
0.41046024733896525
1.6286086136348472
-2.053829343051772
-0.06094493865056991
-0.630183902121692
-1.594290054590798
1.0998937301797012
-0.6538818841314749
0.3502173859032398
0.16500963024934318
1.3319326257656172
1.2661134485302579
-1.1569408137894912
0.5952892165760911
-0.31239516144007845
-0.28063175392614487
0.6030898375573722
1.0848287935430403
-0.9465088021818727
-0.49368766942748243
0.37303302470813315
0.4802359334575053
-0.42730611381737266
0.032309004957040435
-0.25165632791066805
-1.2836357678869177
-1.075141166701925
3.6082652238675608
-0.40876281990426355
-0.32036745359869134
1.009749536645443
-1.5499887542316455
0.582699123791892
1.3524222611911676
-0.14135414940798607
-0.6400323117956958
-0.69899966384881
-0.4530170115070297
-0.13226575285396874
0.19518572463774486
0.4462838778063968
0.8169417184102438
0.5700781364290756
-1.321207468894375
0.46158517131231264
-0.8060450692025838
0.9309578714778044
0.6358328755291958
-1.9033071240791404
0.9571736514549785
1.5347251166307967
-0.09461888684003164
-0.36959487417912057
-0.5774020330603983
0.015706990314497796
0.7372133804309308
0.5555108569751708
-0.05566716403411165
0.1882242676120613
0.3264109256144116
-0.8592109913122131
-0.05187515231948028
-0.5093385496359318
-0.4526009143064212
0.38637456930275155
-0.4450312133904108
-0.4573874873858517
-0.4997920040665512
-1.3509239826539938
-0.6839116153834227
0.772914128790867
1.3228895678807444
-0.5209612633358977
1.1859564147141644
0.6710502303506682
-0.09082626584209517
0.9303392155503584
1.328613410685927
-0.9853870656971652
-0.08964383520424178
-0.061461370531879056
-1.4475634261095371
0.18846869421960716
-0.29023955176031396
-0.7796935932707189
1.6202293153596117
0.547832106580928
-0.4470529394198617
-0.8618160935180742
1.112759696682253
-1.1706334977375756
-1.1557734703765776
-0.1825034106014798
-1.0915789823504103
1.02675910111512
0.3169802392357403
-1.8907271791794236
1.1155262652547204
-0.5663952458585765
0.333965139711031
-0.8078987306134053
-1.2778894292975742
0.5009998186078679
-0.9002595441183673
0.07932657252350023
-0.6952316039684968
1.1008130123306992
0.46693341099549546
-0.32504989103744814
1.2529739437638285
0.44365451808157963
0.031223297384437458
-0.36701071738056146
0.05026545751905937
0.12524960426382092
-0.529555253268448
0.36030648231181533
-1.3786252380723343
0.4708049590083971
0.6495769148920094
2.113158904374914
0.144338582768267
0.8388265337074737
-0.2685316122271228
-1.687599016632756
-3.2248633983890915
-0.3440286694781986
-0.8190896257129261
0.17741872885858478
-0.48513236610509214
-0.36937735969835633
-0.3430412521106479
0.33182391298342323
-0.023773476123115256
-1.7161799638811757
0.05733195493489257
1.406678527628135
-0.059813910754424104
0.3931925670018151
-0.9966627128728803
-0.40652181963617945
-0.4817641372971505
0.5722518874960018
0.11158289435691936
0.9088727749659659
2.092576117412582
-0.33117143910241575
0.11389611664134833
-1.2522800773817497
0.11798134193638203
-0.7532641454750244
-0.7395209112871135
0.4517011332767921
-0.7724522225575775
1.2400878468635521
-1.8550071540721507
-0.24321173271994312
0.5992806942929256
1.0034279269970479
1.0549692002768545
1.9513760160631648
1.418228539900244
-0.6945040023291588
-2.0732894908693416
0.6442510984374559
-0.38382410878765666
-1.947829564052775
0.15398098849721997
-0.24424122065046117
-0.666740352476749
0.7119875245741351
0.7564607199687506
-0.6797665804475993
1.5287096303786136
-1.7201906313231867
0.8489951862347133
0.2804897452706963
0.4527685275004831
-0.05107029802476992
0.6849417174913596
-0.991526871193008
-0.014277519256004203
1.789652709660411
1.4397091469023446
-0.2680220112634615
-0.1401033441827465
-0.05978061053641666
-0.18535808821849836
0.940937761044146
