%%MatrixMarket matrix array real general
1000 1
-11.336163298428772
183.1790719810211
28.163344943521523
-191.5418661242809
-35.966754255383634
379.2899716216701
76.10205005434103
2.2661899566487516
40.584256924333694
557.8862307902274
145.84886300280345
89.5511039348869
41.68157793917075
-17.315543735863
84.81905095305207
-168.4834511208737
-17.553419392830396
175.6514086367559
-68.96461970511828
98.99585185196077
-12.831843664573448
95.97574319954147
-134.76176200859285
31.077534106611033
166.66461002809564
-213.11228751637938
-123.95109507262296
89.08511974885175
-171.36989045402484
-19.067295587603013
70.3149025297764
60.286144344733735
-92.92028643845597
-46.754752271348906
-24.725542217373803
-59.1117878513553
-4.782225231351463
3.757581895032659
98.29242453436389
-292.02216165381833
58.20252026999959
14.21024706557723
-180.29937997850917
-111.78630817182325
-18.137814709738908
163.556217673088
-150.930367896054
261.79694226155726
29.597483432995325
201.00763462199987
142.72852637839614
-7.831229612891072
-247.2367316729315
-165.93795902056567
161.77016093740616
-7.14608955440635
-49.57822288950112
30.401165381995114
24.999573485067053
91.52707799039037
7.560905385223532
-22.984489146565963
87.96131449433932
-91.91458019428934
-76.5665429660672
-1.5454120183895665
-111.933419445991
269.268414078559
-197.18660465027912
143.09148570706125
166.2688375179495
-94.15082406923771
-29.39735395645794
65.98645775251487
80.61838215682523
69.04750964686386
-67.40868749402206
77.31416569779249
124.96668100810258
61.476885283803576
0.25780617603357
-13.331843973116802
42.3907349529617
60.45519212641537
84.51378156704361
-55.280532037872696
-129.8702120168834
-106.3307150487031
-10.653581848778787
-125.58155590197714
28.07147631090793
-169.97799478096087
11.055286679692948
-138.62359488698127
-107.62423734839503
-53.73955018676663
206.75704126761377
7.594929411509595
59.107829288859776
-107.2305762848654
-23.766360898112847
119.13904851553198
-37.02465117461677
73.50968954942711
1.8766954577626063
-8.146633047880666
-43.86725846197197
-119.77343906912635
-306.06252846496477
66.89844236774006
315.95719458877284
-129.08736792364206
75.3718731627046
86.11312570673715
154.5729748259083
57.953752468991105
80.3620989266819
-22.999763976015032
-175.23932148657855
134.46766496283078
-168.50885108657891
-57.36804423212341
162.51933029225648
-76.93469655161475
55.58752624142141
111.01472944309866
44.30319612489829
-188.93093576113048
210.91334706827644
12.117838853754629
39.40965618088407
0.9391701843748198
-154.0271876295017
-141.5224842778578
239.5215507797003
170.19093698336485
-291.64746082162395
-174.5285732867234
-232.27884771598173
-280.0317086662559
204.9924183699267
72.43059578956493
86.64217894932446
78.42363923005513
9.94443382415407
-121.46058911570705
23.835316549483935
-58.623907173249165
147.77146513028072
64.3871262713801
-56.8584885926449
25.993055703107775
22.954202149367898
18.58167886227079
75.40400864760012
12.325304311877582
-78.94369379882572
-70.62963553499499
3.3750399084937897
-140.1616805882811
67.40315659904336
94.26403485109377
187.91445375918332
-84.26824211976731
78.83156048360081
12.394984378444528
42.557056817731215
181.70727023417024
5.67495000725237
125.78546740556406
-59.27918149149954
94.4351962645541
179.69150585355712
62.66209016152909
13.323628771209554
137.36108139020445
8.175548368505295
119.35885809765921
116.60151199721523
-49.059959405574354
157.0050819011742
-138.56570248254556
-60.563754936963925
3.0701751340182244
-111.85768318195619
-182.30127857456958
-28.52023416707928
46.22890425723901
-204.56374870717437
-146.80504325674795
-33.907307442680704
77.51539570244954
-7.827779883644055
94.26356969614523
-58.893596766984594
-18.845073491464202
145.3423637247941
-158.78954659569197
-29.63031519109923
-42.438097062107836
-44.680423352746054
73.64230347460187
198.28801356110569
113.9606235682359
-0.8107915902162293
33.856411004994236
-65.43139909164385
92.78229862600061
55.35350151255425
22.662848437352906
15.614560921749993
-83.4557246052674
14.313300930378137
-56.47558962292044
65.11899085365658
-248.49753193554548
-68.76576927844161
-161.587471596984
-125.31184726117907
63.03651425825552
-59.33407665189573
190.0736999780214
-44.803685960798774
-144.09323076223757
-78.71182993882131
-63.95560320124487
-63.337649140455326
-2.963737343031058
337.03393608915377
-55.98390407731935
5.573077591376597
69.95577104796011
83.32180525118702
99.18660644855802
-117.82424914846007
-83.45252905627304
-74.39534341720419
-58.10346590735206
-61.98495717524185
41.6136524025076
-52.16798818235077
86.04281594428478
35.94408646831243
39.70862206821429
41.49433656188372
8.475575320550663
-9.391365873238621
-148.69271372244626
-137.62824082107224
-46.38738770476033
64.73916318502502
-122.95898716114998
358.93195123095205
-142.53856161997425
57.72806633271346
-57.72531431580437
-26.047127407377758
-224.43249529465615
127.14984392585642
-141.8904511701529
70.96714554463605
-23.023030307770256
-29.49714447462238
-147.7220059000935
-116.59685972900053
-15.81439828305278
-100.30097163085665
286.3931991652753
-47.36815489719288
57.38778883738815
-65.56084550852214
46.00286212067278
-12.543227427010645
-109.3386951527552
33.145634884765606
-59.588477054496664
219.6604330751571
41.33623367804285
-1.7967345787781714
-56.73984554360081
-101.51790722312074
110.52946895513264
-33.16451770096915
-23.123972361285052
46.91220431798948
-242.88060432237373
-16.373069774841184
-191.81228761585095
70.70341448797532
28.000648283670966
-92.53398554409458
-109.64933865531009
-60.056546149394954
176.78666770398968
-272.84537875609567
175.41114663997504
-51.756547227086166
-30.27398998542233
17.490282499533407
60.53197109023883
-363.442223134366
54.487714970674816
-126.0774537678779
-141.12119145159338
44.967231029664525
255.72379868399133
-168.32699963155926
41.771469538706945
-54.45068904399401
-112.67984175467952
-133.38251156624193
-73.41556119796262
340.475957172802
181.72517858102685
-19.33769842537941
46.22026224008608
-74.02311192801085
-216.08054558800077
10.735419886029678
269.3708433465901
47.87497386139709
126.79364713881273
56.111601981364196
83.19169461920345
97.62183986525262
36.746809152834615
-6.618272690396501
-22.365178064359696
-191.45249748855733
81.40854726748698
75.30570348790877
66.91652660071269
157.13220358232962
57.65144102049965
59.168013585812176
3.587445848853276
-5.096476555210245
-169.97345242276268
-60.53090742734858
-147.20080862438508
-11.773246382600211
-183.7737786489582
104.23195963602626
-12.301157153260752
-109.87103849004885
233.29423183703076
-55.80947420713653
93.84177913230948
-52.47385542069142
76.74986772313882
16.757585247829713
-127.40454080350491
-118.81644054851459
2.154825039154765
-121.76533941843319
-49.11605815535518
-123.7208003274422
-217.77951977579883
100.27875563852147
-159.3217750751173
-128.85071956078147
117.12632149819989
-113.44895833802433
132.0652512398497
-156.93074297959788
-69.06337550428371
-48.13364436721891
251.64992362582205
70.05472751083563
156.8182138451578
172.3011804751216
-85.69520561418531
33.30672254672274
-45.95385049791689
95.16755184770182
-108.083513048463
-57.061860161049296
161.7727137754151
86.12761734478134
-175.34254576653703
190.2944960889968
-76.67960301084615
-134.87287703983043
1.0030936791144502
-94.39989982945545
30.78428746163683
-90.24932340556651
121.13215670487433
84.40519882174459
76.02096253941139
170.98724845400133
-44.94269920571525
107.55885002205048
-32.68909343805396
-40.79334368325722
-120.42622808529377
-105.85426945050877
28.766899825842874
105.14703550308157
-232.74582837741303
-118.80330583648855
266.48037358899984
35.152506696787995
130.7091309399748
139.095097979468
66.26186125996578
47.09183389841799
37.22850897075892
65.40226764483897
-52.43381775948329
21.326682845552696
39.60095535250582
-105.26723053578482
-160.96356261508475
-16.61866011040713
-138.3165653901313
-124.49370155988382
-108.77932732494146
102.58168767768923
-122.51626007635957
234.14058394237983
42.22099943161839
79.01176200346491
-24.74207256401121
-42.02622738420491
102.56567435297146
-104.43532321135767
-47.26835047169495
-46.67910504092154
227.58860044965155
-122.51265865520966
-80.73846115302649
89.12331024775598
-36.35752929683145
4.642407791893131
209.96978054958365
24.222952214844824
-39.081627560465144
-93.59355676979438
62.640277406747096
101.30004238438269
-81.5859171129135
-62.93682659255105
84.52526226141617
74.93604355238945
12.025661471817166
-80.15822913191673
1.5665787117250485
-102.9208425263697
-83.82701113118813
9.626611983791886
12.732329179389003
-2.685549693617142
-7.534478661369058
261.0870874527649
-231.2020206340012
58.97823710443929
-193.0405948967652
92.62538346111488
26.666574584449407
-137.27920189360879
93.27653749919418
-41.200623506748535
33.43598283142726
-149.3676531856349
-106.09488607411241
189.85311597785397
63.766990179462766
-60.40731004234383
8.715225895504012
10.022872944513084
-16.901184515463584
-117.2515820838207
125.65879988786189
-77.68496974688469
154.41618893511534
-13.954427365951652
-84.54435404522484
108.19282196019626
226.37325355783747
100.64998175135703
-56.65062935736152
-70.62554286215423
-50.1114967837148
-39.45972591232834
63.33718042192426
96.59131681266338
157.22195753508603
170.33747253717505
57.81819726986283
-44.00184441499572
21.49018312668763
-104.16527095460219
-12.17541083780355
159.72903412308398
-76.87149777558426
193.47771932882148
-37.445545195458315
-183.20285373449153
-7.695516443387187
57.083506314548394
-155.92462541253727
91.36282148270841
-0.38473787877626225
126.11303949110952
80.22921649512959
176.06923603879872
-58.175177994904026
-257.1774692719177
84.38744120875062
108.4241292441622
9.746176573175484
114.6544841381259
-61.89814230760396
-165.9404401781284
-38.31828029184967
94.29624926879251
-86.41687441712372
32.35111461955009
-25.80734079767445
79.17689640597713
123.3871397279053
-43.185437471608886
143.9611201574013
91.16995335548538
-111.0642682971961
236.1805057988269
-88.14902248987784
-187.36300188618213
-7.6315275955492945
78.72800873110532
-244.70102197011772
-111.68357610634664
-122.9280899970371
65.42636826738004
47.55518704863093
-51.19257504694534
-20.205244398212592
-93.06645415013095
22.199735666104683
111.14535548545139
-166.18747447206627
-43.56512801285464
-62.91060986434009
60.44079408530427
-27.730802511054502
-116.5647648930562
57.74599929256625
53.90210719206096
-164.49114745635376
143.00145508949868
-156.27633870126112
54.34859179766147
109.84567996685823
-49.03878157531917
-18.83792203527339
-56.37935109361879
47.533321245747224
135.85947629687283
64.81664253669197
143.49439186856674
-38.47777814927793
0.19887110580388462
30.489931762865403
-134.1779508966033
-85.6569001178126
149.66946678599513
-75.58839874809019
21.637979357707174
50.63931088676733
-33.2161014874154
-78.09289831511262
-2.4382633851702895
-49.72942589924148
103.62175292106795
233.08563418588614
135.2345043127453
115.26022199398854
83.12907875886958
17.76646240656407
32.71362149367158
74.65296518790564
80.08287416810539
108.03910961384078
-103.59855750340839
-95.47125331263037
-136.8471269164866
-32.193565828352824
16.25910318142487
117.43164409171963
-77.28482609018529
29.064747567590455
-0.8629349765751111
-19.72017164154074
-63.54003025457285
151.114204289844
130.4910467149378
-104.69338668653717
-47.46052401896097
-16.566818706171425
91.71499480100769
214.367572765209
-216.0475654930092
-170.32636865763692
71.77423563293566
51.40985636306045
51.68326839247836
90.1965146568898
63.7133555464293
168.12638648914853
-48.78920183930113
-212.61761626798508
58.16928810024994
-287.4991405714059
327.5774328387581
45.967453583120836
-9.209506209358286
97.5077728695685
68.75906277315883
-48.47219476158903
3.9162759127391253
176.00107101393195
-61.351478926448664
43.52796337239168
122.473324685268
-86.65680713960784
31.914389658571768
130.38210935129538
-76.30102312699161
143.68373479990876
167.606941555718
39.768401438890606
135.02882020944503
108.03920311917325
192.76117891583243
188.1388808113029
48.39342994227193
16.313192689461502
-234.73472691699064
39.33157378555493
-185.30553881902728
-16.436526259157798
-204.36781773878954
-40.053482982321036
-164.05225681128556
-61.859281853344186
-125.81104954596763
-51.99801565877949
37.29187461840651
-81.75308587372886
-225.6715838748437
-121.2828398443202
108.5011854213448
-66.11402835578818
56.287449644804134
-43.664436268903984
-223.44674583373248
56.480919650291554
-58.91649568670755
132.2326385290264
-82.61651753422042
-77.16041858936015
-85.21628667182688
299.36247948503444
-129.54045257734128
-134.4428466614889
-39.87641407968325
-35.179407387957234
91.05408791278049
-86.29561712525843
-113.49048227517315
-15.625361238432285
-82.25374416162748
-38.61938990665723
88.83301075818925
306.10197359511767
-105.88572202715444
6.4448452411753285
-127.61605824849784
-76.97449541672142
15.319987900946314
-129.73971275152917
92.84604040915484
11.46198013726081
92.87770937476098
32.80012059396834
-83.06462303235632
-256.66913564542307
39.41739517037518
-39.85560888617969
-11.12495577600948
22.95920048677947
-151.6333624095152
57.0355216594405
96.56897788991262
62.808262403633556
-93.56444215287989
25.343867926814948
-167.01957092689346
-7.140387988196736
143.60851617024082
164.4499384387602
-65.79818318342822
32.61580503141757
162.48633847946422
-77.77775042828146
-0.43656534876924663
17.77021545179092
139.4921922663659
-62.80034096240973
57.112708967358316
33.02924037489753
190.524580900054
-20.111259736379747
-41.142111505150346
-47.53754888288385
73.72968952199724
-138.22171986765593
21.34691605681013
-84.87589102903006
-107.09871412142917
65.46079302704216
52.67873881239344
20.5618620708971
-39.370977012187055
33.791586127242276
-214.0703601726344
-83.76342039645647
-135.77910912728126
249.49071117063747
-36.56383335323693
-0.685776316850411
80.09957425711421
-48.67846492213559
-191.82273632032712
228.35217608647514
-393.9065831488303
-39.33271631445648
-163.71793059007248
8.658297892819126
-76.09492492740863
-8.167502892420961
-122.69743097602034
157.3052034762773
-35.741724909119725
2.9318219067045383
106.48648728251479
-111.25377733959375
-296.0870200819364
-63.8953994464339
55.110666677957745
31.716375732213137
-74.74625951544932
39.68836130717852
15.82207074990509
-5.648640488752511
-29.04482587602285
40.75155829806992
150.74238444478934
17.09503180922811
56.75871741859139
126.95972433398043
-65.47406686833786
-2.352443115077021
97.22369622598715
213.66492289925276
-112.2791833383631
183.90959867025012
-156.12905533528314
-328.66274135555443
-0.3083166199568574
-108.7865331276207
-60.96162885435724
162.29054116115256
270.9911809307683
168.63940266673055
-87.52018729491317
15.618658104817301
32.93128217768815
-3.9667945276383083
168.02120917119427
-125.47992070932946
68.57511645220436
50.77243300071772
1.3085460741657111
-23.877123307123135
-48.809916401383525
-164.9040739777867
64.77383860999234
-11.289782320406772
-67.17953147276188
-26.49229454437348
-38.891989459521746
-14.909589888519017
-122.09662696503604
-78.88433665307221
-36.345721624943565
56.752615888260834
97.39462384885945
103.69950413320507
-113.1922537703634
19.36016373498476
-19.303003444222206
62.52028039138587
67.38121166108692
-112.56055732409182
-2.7068092293843553
44.94821588483898
163.4034139701962
-216.44033403231376
-169.57189294201365
-70.91197095578163
135.7349124156516
168.8512950982065
-97.34001403316623
104.568546885253
56.53208955869595
-208.539271859413
70.69090196640671
-55.28032072657509
87.53906618917911
-159.78536788982953
82.15071549673317
44.241748070302016
-92.00587983288294
-48.21464245229972
75.28195062059113
39.93647930388955
-130.34397448745958
106.67112748262424
-30.865950964616612
-194.91121587452412
254.77732880127016
-35.72874622450506
-241.41350121467923
218.81913892140645
108.61387903369061
-22.227793104433445
59.66970742152369
-4.558180523720289
-14.592173932257355
30.306829183971217
18.652669966341428
106.74486677089412
133.39883482154258
-6.43716800342338
-22.57436718795058
102.65105256281525
39.01322981402567
20.979402039986134
25.65480021607408
37.9681115284036
28.00637554416562
6.600272486810119
6.683258103922952
-34.73732273330434
-34.49089680703308
243.96978190143142
-160.85610359331173
12.99708878395024
243.81061897045058
103.31872702347717
-68.1158456892839
-242.42919972520744
-42.78243733657636
140.0570844547994
-17.445175718298984
27.641793056441013
-99.0566496638344
72.68713230052761
-104.00638118946284
105.14973380118906
7.08890571861547
-171.95712757150721
1.4841183077979063
-62.54317920115301
38.96887886288937
90.4730901437948
-29.77205151042079
31.886009583352767
99.54488479300555
-102.7119267459041
-54.75746861230153
48.587518110197514
-140.08091822786199
66.80954749303845
-17.62305157553326
-148.09693046886912
-33.600390294846825
109.90737264323943
-36.2046573266609
-99.0441678181115
9.406043697837882
200.05633164907871
-56.48788173589261
-122.21552309951555
-219.50001825370458
356.7641894571934
140.35073572117776
24.418647663703705
35.885847737708175
-40.22639942909634
41.881208056703
177.0332942547314
-203.42574265386327
-2.0858996134551564
-104.0048674286318
-140.97568251005436
40.110189305411446
-59.92989917815445
-25.346250805132524
171.41473788128485
64.94057073175325
-7.854094717059655
-50.782654543459124
114.07062671563415
166.89333705196194
-92.33441829055187
-4.64043831030089
-328.4946983710578
-124.45987476978735
37.78946737193246
-40.956806305998576
-61.278731129089124
-32.695950082680305
-43.06318401183179
-122.98576598930109
24.040762140538163
110.00022293214637
-122.63980877893546
84.44757305245624
-39.148599823056195
-33.63547821239502
203.05322412460805
-77.47807630350576
-158.23018943387953
-117.93014726509938
-22.551829610246344
42.581497578329845
-134.12850474224032
-89.63343810345432
-216.4569172342047
81.09063933057719
-216.44324110875831
-85.85481288671049
-153.70121354103054
104.4350907872486
262.95761886041856
-46.68344679118522
46.35439488874728
186.08319393486525
-27.03290904552011
51.532157552655846
-135.31663251714352
89.27534336773033
100.36653798838873
-94.81887094043486
-92.78442054971009
-52.666406817107955
-72.76467635821213
-70.80844506931922
160.84410062363108
-29.56257329513215
-31.71799260233206
57.625227010008075
105.60987443281309
149.64470280707937
-146.02836597972026
-84.53857834577926
171.7354884580092
-68.44736603031544
88.56013533017992
104.07104828314209
-39.38275222204301
-54.31282326616642
27.023744430117787
-13.110336859865491
-149.3781458224715
72.74360781074463
-60.15813708749934
144.81848400756604
-108.13415808605603
13.675559747699241
26.103374797829353
-14.988732912234761
-160.6930136834821
44.38552804172597
-42.81296712022405
-68.54011396636622
13.903060065355186
-133.6775002685192
-127.5304715708345
17.379152809602182
-101.42675366620851
48.96258475499775
-137.90222955527977
78.13525425010695
69.78787932321549
68.19179644433798
103.19641310677841
