%%MatrixMarket matrix array real general
1000 1
-0.7570147175650044
-0.3274165287013822
0.5519176049341841
0.24271811726285125
0.7450086046370734
0.6347783808000651
0.23404839623134766
0.6766125149907115
0.00271963818450862
-0.38152541793768235
1.8466162396318002
-0.5567365966908545
-0.17639050048362262
0.4104003566234343
1.1630854167551736
0.5144499005660453
-0.3000147099666337
-0.037651950124331146
0.6617317589821684
-0.4797470075910778
0.15573351739509123
1.5333859925979927
-1.1683388558868648
-1.5460343500761258
1.1726597566979984
-0.06908318479760604
1.0294356468923906
1.1779548013909904
-0.5606174233295507
0.42178712468626234
-0.6988190994693649
-0.9333607024028654
-0.39070862908728776
-2.3967499209158567
0.24474064605274115
0.16112943767703203
0.1870654883730856
-0.3532081312258135
0.6880797856108968
-1.1066718931570372
-0.6355302131616253
-1.2474396945290176
-1.7162316102143658
0.9440238169272825
0.5215347355248542
-0.5384497466543956
-0.8678839371388416
-1.909212978953993
-0.17658779341314182
0.034893376207949155
0.4965690902986699
0.8200261402117398
0.537817348072238
-1.7547943509336281
-0.584767931422849
0.2035363911507541
-0.280942450882043
-0.8512610772066826
-0.8278763666968764
0.09076554328720574
-1.8077398681208519
1.376019423987241
-0.04101395016461995
-0.0315980848031259
0.7801271789907785
0.9233215933389793
1.4744459139398738
0.7854102495161616
-0.9088899495739434
1.8668365749309097
-0.8255955418800018
0.05957182083540623
-0.016243716362371808
0.38702231270880016
1.2479277674894749
0.9626157382573095
-1.1872993249688704
-0.17612662503458043
0.0119229541187537
-2.1636742281608443
-0.889416052426119
-0.218333998348689
-1.272988802600727
-0.5662547483062904
0.8014978558718981
-1.2657228892337213
-0.02368227905061301
-0.9129128380941057
-1.210881101763875
-0.11625577270793212
-0.1772173715062185
-0.8199630125834216
0.11196589073609442
-1.2449438845521628
0.4381221565923777
-0.5371516536810511
-0.15661516866256933
0.13522781824238025
-0.9459104490986525
2.7950895165350116
-0.6512077783335415
-0.46693406342813876
-0.6977907813512537
0.01594918920382552
1.9259897278064466
-1.602974978513316
-1.3422298993238113
-0.6275712138439995
0.06500416689643392
0.2684579147706057
2.212240677243472
-0.9472415789825143
-1.1066170968992155
1.0925259513321617
-1.1811492989814516
-0.10859735742160094
1.498038643231064
-0.9360643056677523
0.5334048663804486
0.21236633571770946
0.2686133169574552
1.0266028744858369
-0.12702361353346586
-0.6439479792057902
-0.5019190385125256
0.5354914899973428
1.101849302423032
0.29374805272181637
-0.20911499626880545
1.742419640155465
0.3672630172177749
-0.537362099470044
-0.45937945602673275
1.5604674235918956
-0.9791735246311389
0.7057939288009235
2.4687142796405306
-0.1511503190288782
-1.125289117280177
-0.24087145832305332
0.15426741845914352
1.7986992379889797
1.8480050795558118
-0.13879348277497777
0.14195889137600196
0.37020392814063185
-0.4621474247530519
-1.5748137279286203
1.624672256699595
0.1261402779804544
-1.0479625093791456
-0.1755146181058972
0.43647320195663253
0.5500500356473464
-0.1720641450593346
-1.244073909191759
-0.8269370287006589
0.3270041558782265
-0.9867172314396663
-0.8229435725545879
1.923394362376021
-1.3034741066297812
-0.07679403289885744
0.2535920603499968
-0.15591850626014986
-0.9366979054811656
-0.27937094033699794
0.7431596822367049
0.6584320943577705
0.19018288144028328
0.6908841617731883
0.3544442786495909
-0.9512930207623101
-0.4104663844165242
-1.7772162788225727
1.156973008521818
-2.5830973013856044
-1.9671435843583165
-0.07915629818202588
-0.9841320435916362
-0.19018913884642352
0.03873109480290897
0.19886816570674024
1.1922625580268793
1.047140794286022
1.6178495406704911
0.7398635911771729
-0.7036282203194676
0.6621597967343285
-0.544040805928249
0.4253407276422074
0.3622148690949254
-0.34041695105331393
-0.17557858665894338
1.66164298052893
-0.3444127134642738
0.8130635809937795
1.1550605169397192
1.1929009620110396
1.8407697197105661
-1.5580790586094535
-0.41961603617478066
-1.4793131468212493
0.04486148872035457
-0.8255273092697594
1.5707307228302907
0.529443609296728
0.24366186438879464
-1.406351331473113
0.6891047223821902
0.20237690384889973
-1.9468474012710186
-0.12324389941960136
-0.38530790066419945
-0.2866349195325781
-0.8266277195185203
-0.08436147424928916
0.35057179533931115
-1.2685136890572395
-1.1366929485831618
0.18957751033275694
-0.6410570588343827
0.39551871345286854
-0.08789836250726003
-0.7381682288254421
-0.4691722924049055
-0.9017261727092087
0.7730315322062888
0.30736935514851
1.0817400451510149
0.4302381854556125
1.813718612922271
-1.4042470643938891
0.619521703568767
0.7874551251213583
-0.14696176492166382
-0.839035271264346
-0.9007027303574942
-0.31657890753822215
-0.21032106811335427
-0.152707466401492
0.29558673808017705
1.0295712658015022
-0.307628794880802
1.3702588117443293
-0.40704597280167015
0.8814514005124849
0.3366316082969334
-0.7597162569011178
0.0837043359233184
-0.18930947649220764
-0.09956785013034548
-0.8907293921028677
0.9231671989237284
1.0686794093835414
-0.6131886563546152
1.5014002047131085
-0.5455859204331974
-0.38579870477210476
0.05628273801863592
0.03714930990874004
-0.2378011607057711
-0.9980497852943347
0.05991184028286381
-0.7002582836415586
-0.48705038350175955
-2.8135170763524235
1.7387446036759793
-1.0134116096055625
-0.31139121319765717
0.9788627234759582
1.0675675646400273
-0.011243302349302087
-0.1449487589546221
1.6636776370206745
-0.4802901491207602
0.10367369417627795
1.0954391687072444
0.4466901481756562
-1.7652038355801694
1.4919879460666765
0.09497090854000512
-1.667098878037793
-1.143585430384802
-0.015182321999215025
0.9822236295550247
-0.35863407449311946
-1.6284067228932688
-0.7361127986099213
1.190811341586138
2.444868487574659
0.41370459318853586
-0.006007242470267713
0.6648487430382206
0.3951618618001876
1.7787588028788142
0.906024372424949
1.2042318409548352
1.6765063840492993
-2.6380640477374415
1.6360615190580514
-0.2705904015194128
-2.3316199702680858
0.48869438808625365
-0.3238185757357162
0.7756635626280994
-0.04704502579200048
0.4686670492619805
1.6131390964438777
-1.192977476114817
-0.4707532849911012
-2.365660292259353
-1.1408304342448687
-0.4920748305843371
-1.4131033838727267
-0.8056365308795996
-1.849568702664025
1.6426955034782897
-1.2791609933910513
0.5245657271614503
-1.5805315525011625
-0.6268979404411412
-0.9835160033561287
-0.052423299136165946
1.1719048792940794
-0.255768197792373
-0.15913428387338682
0.7099168548825606
2.081275554385612
-0.4699066218434639
-1.428826827133926
0.25420544837072934
1.7761400204250868
-0.33595401473297837
0.6287371989990979
1.501480445937296
0.4676443595996581
-0.08286570840515574
-0.23993322207237003
1.1302488814755245
1.0599280470354782
-1.1355990615195726
0.7103382301245649
0.4108315874984676
-0.8490879195927719
0.4732497125992283
1.1176581524705824
0.16886494211627917
0.794520612788827
-0.11971555917916822
0.7371787097391593
1.4905539287984262
-3.12675208183261
0.6347519653519619
-1.7836695354940209
-1.4114444844926646
0.9317775282998456
-0.46306648200717043
1.1977619436102267
-0.6001727821136806
-0.4214506518113086
0.3811344650742965
0.20100954724362413
1.3254223590483525
0.8204532378258597
-0.9484276763145616
-0.5094330630456912
2.12903674818179
0.23969995437671598
-0.6308075911750046
-0.5773239304151583
1.2257904533814292
0.2767485669571403
-0.5353691356487701
0.6476839350443256
-1.4936384934087519
1.1851550138397777
-1.1801314450429758
1.4154586113061807
-1.2890745701689628
-0.7725733372619438
-0.4628843836836981
-1.3649282536635132
-0.13140007281145571
1.810676523869128
1.5515190948757478
0.1209436809738772
0.2747813008798844
0.4928194942792337
-1.9431693810924962
0.8366179958330757
0.19380723388079293
-2.06953409645975
1.087638656675678
0.2648282415700647
1.5304786030049051
-0.19816120718936148
-0.9000090023863857
-0.06598251695932768
0.7253528056285377
-0.6688530458218747
0.5309520580741649
0.17809791218319057
0.646842771995259
-0.7962830460562563
0.617242294998098
-0.35854476585035416
-0.9640909567414142
0.47481590701739346
-0.029860937114827308
-0.39937894898836257
-0.0850266283800541
0.781145862539214
1.547666754611565
-0.5427155362355104
-1.5997024652335958
0.8594881332504742
0.40716288021403013
1.2636036104956814
-0.6848916071514388
-1.2382123070432811
0.9822666114329587
0.7343380158477685
0.7567214974447979
0.7818654526401281
0.33763749360087486
0.06554803106653861
-0.9428590277337894
-1.0090560546071414
1.902980770914237
0.0721285515773272
-0.5382771781275
-1.668093642103556
0.5834039415742832
-0.04970583820540436
-1.1389608691954292
0.26472260384030666
-1.3454976006574877
-0.7286637234885943
1.053136326920503
2.5500814648960595
0.8533592206225782
0.8874366515596582
1.266207581527961
-0.2415865069536197
-0.6115645800851148
0.8568699393481342
0.017310134869920925
-0.8511960897689667
1.157777264352614
1.6732740750918413
-0.12788689550871185
-0.42236467188792737
-0.6636790819395381
-0.5274507210880571
-1.6235829148811927
-0.04346024169452521
-0.15507669378302713
-0.44976278921235363
-2.1859210149379384
2.085503069882742
0.6976335817864073
1.8392972621943886
0.0841713944783964
1.452347449810777
1.0095462444999177
-1.9498077568288859
-0.2656686042847628
-0.2075935089059572
0.3467312338055466
-0.6806899367350643
0.1485937987870798
1.031092745685696
-0.8114784881804568
0.04037228534619425
1.2817483673600765
-0.6048076839097697
1.064112110519988
0.07983549588400078
1.389827885857905
0.6612979076294002
0.6319501909493698
-0.25745176015214977
-0.7056689771259343
1.0657804094057497
-0.4510179474287864
-0.3378610308619486
0.6962835531067121
-0.24024937758332662
2.6568776323004974
-0.07935652871181852
-1.0040246807154782
0.7178213899724576
-0.7646582079903258
0.8362920434759148
-0.946770750947866
0.27873413247249473
-1.7835109270094347
0.9359648961839655
-1.0825505056627605
-0.07000112913385315
0.15940205149223996
-0.8066697578784202
-0.9259452509084052
0.1413275281225689
-0.41825574936087795
-0.1534057566597172
0.6800795707531344
0.3183822687726643
-0.263849096047419
1.481027155662001
0.07176137228453885
0.45252033750206855
0.1251199716898345
-0.9365285897844463
0.3687348075461887
-0.4940574076778703
1.8577712345132706
-0.4606815473272228
0.3035558518339875
0.9829319655625121
1.1077127133443505
-1.735857205318157
-0.5473991541479971
0.007434922727812144
0.10281674983929191
0.8573644970703198
0.7366072182192006
0.08119720961609173
1.4627570599192725
-0.23422373444304243
-1.2092567761446866
1.5179886282886712
2.1109318551652363
-1.0683655300826866
0.471584089601556
-0.3349555785807425
1.6049405749302994
0.01704359773048411
1.512120639310638
0.19348178820668407
0.7747828157352622
2.360602490546503
-0.9877023882693211
-1.134470523670338
1.0080547801990303
1.4367487743060885
1.5496467885074954
-0.126369507426912
1.345171859597275
-0.6524795603981288
-2.251803393091277
3.0244977455476754
0.031705725943775645
-0.9173669417346171
-0.45014180065946363
0.8844816825046096
0.673159976845851
0.5350081336380431
0.22212851468551073
-0.8750556833072258
0.4338563481290408
-0.7990041943142507
0.14306871453886452
-0.7525547083412466
-0.9391502874130806
-0.7317329301734021
-1.6442123542450828
-2.093279599536859
0.959773228214485
-1.6568018027602784
-0.7326035741327828
-0.1451955361256936
0.8169122489522479
0.7574326871256531
-1.4097989023220894
0.3108252689585934
-0.9936650570717221
1.0728765975658905
-1.4421982499896264
0.9376466654637715
-0.12342797740533547
2.0511850372943066
-1.040131981795126
-1.2591472510549084
-0.7636305703495192
1.6567660169066933
2.0092802208393072
-1.7013573673883553
-1.8876620162999949
0.11577232008313795
-0.2654603824572549
0.5426286990347364
0.1573955100578399
1.564769343877518
1.8754325097266655
-0.015129951454689042
1.0261443968679895
-0.08743771621994881
-1.546871600378352
2.174996755371973
0.4566638607202484
1.5101350247394256
1.9692251796016227
0.3949996415355011
0.20374008815648992
-0.314532042985924
-0.07342130141266805
1.097082144208861
0.6864782843310154
-1.1282100631900875
0.02580711614525231
-0.8800229067007228
0.3396980718912266
0.8700556661914483
0.3865960317241805
0.4720659628384072
-0.05306684815793028
-0.7905646365000382
-0.4030594467242319
-0.6505861553248105
0.08151069716169973
-1.7011770182087487
-0.10820097337769104
0.9249956515388378
-0.16979238100902144
0.1408821209011422
0.6918180488890008
-1.0360829545165804
-0.6780009161164767
-0.6157502060536413
0.7982925432411003
0.6311922921970269
0.92158557970979
0.18136443330319424
0.7283506955734514
1.305129389688931
0.8525877536859328
1.0417427388655136
-1.164313932315746
1.4348741915697945
0.08828762401826955
0.38594893189037216
1.1091121031699138
-0.6143098268117708
-0.1922542260662705
1.0931878338562642
1.875600288841151
-0.12453582725740368
-1.1057857581715047
-0.26686725291285696
-1.1534798056934508
0.5235767325418584
1.6058305617327544
0.5826961503204093
1.7971892071009432
1.542672369911668
0.6961836190034385
-0.12084085353545072
-0.7124749458839692
0.25961665760897024
0.01519662205427494
-1.349538215623778
0.4918852171950188
-1.5313480033365516
1.5290950995799504
-1.6624783103994094
-0.27978414976443056
0.8732609673283461
-0.752542829688189
0.6291119889857043
0.5548875910399605
0.9145868919852231
-0.78938449417974
0.05802363209544671
1.0678819763722187
-2.656418415069306
-0.5581366544703286
0.41757200073191014
1.0556613283153573
0.14725180620882958
2.365002625728715
0.29234340042092266
0.5003604372437107
-0.44619324366648055
0.8193756204261761
-1.154197160810449
-0.3910855906427805
0.049152158172266563
-0.8472051074140118
-0.6182912383420267
1.0481533585843839
0.0571927349931244
-1.3269136161906778
2.0215462149600945
-1.4955303727337959
-1.6991391719930249
-0.954010497940461
0.38282955686230263
-2.0816561412467687
0.2287136844467317
-0.20414403328352118
-0.008442329894290852
1.224166736694201
0.2864466926204533
-0.3372468075107822
-1.5075457558914058
0.18620553958376324
-0.06081789013239362
-2.495971999756247
-1.2849185686620173
1.9547058169169238
-0.0753836381188934
-1.343313395142264
0.47095122923056126
0.22676708417875147
-0.3651444562310022
-0.059990546307355716
-0.43910034818578014
0.04393879986417588
-0.07373534203105983
0.9618110068710395
0.04907972231945286
-1.1977419537223626
-0.3834999882228632
1.570543043049987
-0.351504704563309
-1.755115126342228
-1.927484075793322
-0.4164534150901654
0.06830886123711893
-0.4313521845390886
-1.352188792657958
1.1609688760464705
-1.5193928091563182
1.0034070979859584
-0.8500023987430648
1.7998942269936662
-0.9058525803087489
0.2703257470240208
-0.5749735465045094
0.6145027273252996
-0.46575107027496315
-0.6251974113342188
-1.7191725076841977
-0.607789447793953
-0.6594321504810858
-0.06677818691840659
-0.5637797092390401
-0.6922560784997613
1.2187844679490425
-1.2173471735329835
0.9775267742786823
-0.44552847299977016
0.08551418906013038
-0.5819717247268158
0.6468487316211122
-1.3778673367824041
1.2703104907794076
0.8347157962284217
-0.563921629432476
2.107206044692228
0.44412858116789455
0.39734017960943213
-0.4957575028772737
-1.6741295109004648
-0.5472538300934587
-0.31014937529828096
-0.31836144420383233
0.10359173799731192
1.7844685073621434
-0.7501108267360947
-0.15067720523598915
0.8756643138579782
-1.2744810215614586
0.15048977086771148
-0.357155308228514
1.7356734610904598
-0.820004230500266
-1.1468787543902694
-0.8099200966586158
0.24204467693413087
-0.17472896111821534
1.0996829156369774
0.1136157196088228
0.1397245042775356
0.9990963412813733
-0.1509942016705454
-0.4130417500271909
-1.653073052799819
-1.2731410275346082
1.166543281804088
0.9755994980818995
0.5861299588844189
-0.48625472247072077
1.0733905011924163
0.9992159574568396
-1.385247695621954
0.9706585344107862
-0.8615790393374527
0.12940672220374683
-0.007016531002054859
1.1650070579570073
-0.6711826733034998
-0.8795838310074701
1.3233859877928418
0.08114504418560646
0.08068720010742599
0.31068349093346975
-2.1667286262242316
1.0848920664104151
0.4653832906151792
-1.2842512741760193
-0.9954808279900563
0.9179250185344535
-0.05682454964884087
-0.8848871792093205
1.0108377219795128
-0.7680129019790527
1.0476068082749361
0.5078600576469681
0.4066256174532176
-2.0455363496676155
-0.43902800239164375
-0.6501471868874552
-2.175468441750612
-1.2304980703492134
0.9882907787709484
-1.567112900553161
0.5160374890113146
-0.4447397983874173
0.3119391888966269
0.25813221434150035
-0.8583334854952488
0.4746164500009338
0.7978038012859123
-0.06332544439685776
0.39329159904999716
-0.44451761455515415
-0.3837715597815057
0.4273371681397136
1.3452267747775528
0.7906476101068084
-0.4848694575937851
-1.538873474482259
-0.9443477432283642
0.35613899173405433
-0.3975765850430831
0.18165608983204487
1.305575370592593
-1.1055086178775393
-0.24225970699844487
-1.2242530568912973
0.024420171583589643
0.19489383505885347
0.23776021734198458
-0.15148374174129897
-2.004196787434371
-1.3114435286031008
-2.403123698305322
-0.6216279017298313
0.2627745573127051
-0.3542056609171648
-1.6697325847756435
1.9731182838152694
-1.013407342311267
0.6265165423621104
1.8723891414506222
0.464446389511009
-0.3237946591669835
0.5217921863959272
0.03430590749680794
1.0222070968178596
-0.6185194032202583
0.24033012425671785
-0.15380245373990614
0.0605407284599082
-0.7844467721271632
1.4880064726853193
-0.8206609576432435
-0.15402700928071125
1.0332155459702599
-0.20320887435190682
-0.4277328895274495
-1.0872335217112006
-0.8155257311543597
-0.26330459420889984
-0.11562117647329247
-0.6569285226864976
-0.19552932284351876
1.7959656035793545
1.5316425628946417
-1.3908354136096408
2.5399521973667634
0.9418376188021645
0.8906749786921967
1.4067808813811606
0.08416265158063564
1.489228369313463
-0.49874602062013684
0.8180566895144067
0.477802624725479
-0.5352216481643733
0.7245512408971079
0.5269845678302466
-0.11279123607903536
1.2857458841547165
-0.999823881685226
-1.490792805032171
-0.25973403648242166
-0.6742880942683156
0.11269259207723284
-1.8766283890749567
0.23111920140878012
-1.1448150605705396
0.1388996849909558
0.30890497423475527
-1.7339050598352175
-0.9809909210823741
0.3240901463622124
0.010709435741601419
0.10574874573555931
0.3078193792842293
-1.023371343997848
-0.7603142253358345
-0.8311881735318982
-0.5494671689416916
-0.37830031958666294
1.1136627215223047
-0.7151569433423792
-0.2801663712129661
0.04077345493377186
-0.33178699742454854
0.36708598885091254
-1.0409145825215822
-0.41750281088643826
-0.08093192716345783
-1.428759804507857
-0.23188082968636006
2.0285595213277894
0.4569980264917016
-0.07627954674989232
0.41999661644841924
0.023541619578059905
-1.1306171580354711
-0.5401981686383258
0.04608882637121698
-0.37251286102625375
0.4823413163618379
-0.7195720073370963
-1.1678744158754588
-0.9323272776077268
-1.7633715256700315
-0.7036799007028351
-1.2371010023848612
-0.08761455391298226
1.5157664334126182
-0.5239982920178695
-0.8558055660287431
0.06934516377475261
-1.1616512634272331
1.229167990060527
1.6520807952584076
-0.12040022685625008
0.6154936014564728
-0.6881021360133964
1.572359238202449
-1.6019782662762492
-0.5041038324102676
-0.6642914093698776
1.6674471674367284
1.3817081933745394
-0.3935990777387855
0.5699492017477362
-1.976784124935206
0.7546502417742108
-1.1053893806273434
-0.9860893368022768
0.50029019983968
1.4683879359635992
-2.3613824176387275
-1.9812754424285224
0.0911494295413458
-1.2535523999264504
-0.7805777040734905
0.4174200700651619
0.6355045524693465
0.530891969861183
1.2143819128227291
-1.8907491270424883
-0.5920148658362029
0.08566391288482118
2.0250244805913526
1.065578466301062
1.9942502424139001
1.6818835020711482
0.818241700333558
1.7794642713603412
-1.9077000261034525
-2.0806197038424443
