%%MatrixMarket matrix array real general
1000 1
-1746.8451743047601
2793.218779062974
1983.7042784335936
528.7628974131479
-303.67140480170724
2299.647648001987
-1496.7287472409193
1793.040781752538
3319.5344534970945
918.4263059849258
-837.0678423458527
225.54894769851853
-3201.2875746947016
4723.698458131364
5037.294183388718
-1273.6540259122355
394.4812269256088
-187.94486163701046
-2826.1628858210747
1018.2624277232594
2155.894910591257
-5303.516692042962
2131.471048301152
-1063.7782354959656
493.09352731995676
3504.6863023795268
2293.5018045149973
-20.284030133118485
-450.68471413459304
-575.0184786534849
2544.564745649756
-2166.823974216693
-3823.63517693742
-56.02942561855801
770.200482714028
-1314.5659563211975
-2663.2716127300782
-1853.3553416077923
-1355.4949501729452
3590.6338253468584
242.33409343119413
-1986.8637955495683
-446.1207418006972
1929.5539775417476
1989.7067094507095
2101.7359349490434
2230.4976077461733
-31.12050722723138
5848.022048498389
1672.6260260356341
-1003.3352488829734
2711.8146713353285
905.8214093837177
2164.6131144129463
1612.14111966274
2668.125792578237
7292.852496218644
-891.8293711029585
34.92712723921641
-5806.588110371598
-56.75930788481679
2868.1877246383433
4044.3204392884263
-6837.5515949452
-10.170395840090249
-2635.189735096789
1207.6291927921313
1533.070450199159
2332.60753834858
3717.387013343857
2318.678516104666
310.20309342675745
-3383.9174256316387
127.73270528991885
2058.572766858683
-3679.9368105714625
303.8826598086016
-1443.6036077920385
-959.572950927072
1524.7076794027366
1044.973965680788
2756.1148285021372
1122.6656618526229
-4776.13059609965
-175.71170671878033
-3442.0206854447224
1816.908332900449
-927.4661165190967
-3908.539994204991
947.9987193700119
-1231.0934213258868
4745.642778157793
-3286.9338398866935
3681.872720500554
-2160.939045688974
-4407.784373042449
-3339.7046661007716
2906.9453601856903
3058.612318088505
282.44004082481905
975.0890765619948
-2076.807251211456
-4202.8038354081355
-146.45285493656718
-989.5214973684457
3188.6173323256035
-4246.90415599289
-500.85103527343773
1353.3420222445382
1004.4699021684258
6017.664777462995
1698.5745801826115
-597.6981936306709
-1547.6964711575934
-1750.2958685941844
1459.885207376392
119.57721266465119
-17.844066188925364
367.6428361638615
-2180.9660282236277
-126.11802483889235
3099.243417767865
-3143.6613945130916
5263.315362205049
2172.551627351806
-545.6581490733155
-5009.012657327328
-2087.6415813527574
1347.7143772889945
-380.7315514147953
3191.531637416471
685.7561707707291
-2214.995976546298
3027.271365035237
3969.9992687893287
3189.6365344151814
-3891.629761240702
2214.954414990571
1574.0930471769357
-5350.442948991354
-3148.577277072255
-4417.795523156519
1317.9825489034986
-3112.2748752442617
-6450.709605724189
-129.46253078531288
-693.545249380983
76.5510908338167
853.7935926061618
4426.201966407572
223.11538884340095
-889.4986657743597
1473.7339413868438
784.0453095174829
126.60268003870046
1765.1985092977884
-3179.9089845166404
-3825.0701923566385
-2914.2379866572182
-2329.1940918638397
934.6327857830545
455.76395689207527
2546.894663357693
-3204.705263730293
-233.6135052445876
-2779.8699872280217
2225.479278611453
2542.2204270147345
-8.578349150842975
-1410.4299170594352
-453.3239893289752
615.0242097659427
892.2707129299956
3151.2929095033987
-843.1768166127592
-493.9016781793434
-3013.862662405235
-1502.054872965734
634.050634418435
3043.0796735347426
383.08964529654787
1427.3997755994435
-3018.835384607178
-2539.9081609729838
-4282.381190157124
-429.57019990008826
-2331.6345660471266
-2270.918742200724
-3266.979908625742
1528.8536791707638
1096.3996537225323
2212.2447887749604
1051.1919925712036
2402.711606162596
4314.513050728532
-650.5854944561642
-113.06068036090072
1376.5927125349006
2125.6706227721766
719.1274092437947
-2424.689461751761
-640.436685412734
-2406.817837487847
2987.5814156026995
3564.4885281921124
1838.3686245336332
-1423.5102283626056
2805.9271265656353
4170.128938079973
4984.478974756074
-382.2073060004457
-1508.584391414719
-2200.191572670559
780.9593257120797
786.1141012397512
2804.2744495509446
846.6988277400609
4393.061968008053
-31.996519740947438
1251.914873414878
2156.682993672997
2971.170553334684
-3092.3985761692265
-167.8570696949759
-3343.4654651141723
417.1564740681322
-467.4992781138592
5442.798449737256
-676.6451594971006
690.2541143038752
862.3225514165468
237.70914363000452
409.44230707559836
1447.5739197894795
2663.863010145935
-518.1352730142262
-728.3130079830285
-3012.981713640352
1239.5262124248552
-2004.5729656474332
-3426.5533605945297
-920.8918883643428
-2436.501698385561
-3342.300770336545
356.9087109336437
-2726.858194883662
3179.064163824871
-468.22958775982204
5513.978358589027
2537.483709058321
-1697.4759597906611
-1726.499848328008
-4414.779620008894
-91.01013719227751
-347.8792335610892
-3111.731858027789
2983.65857090928
-464.3922092843063
1027.313024732539
491.04458173639017
2384.854160139754
-1240.9819947809256
3413.6195134020954
-2686.055783859736
-2441.2577325369575
-1509.3599523725447
-718.8852894548884
-690.6635802717979
3305.265003164782
-25.03310971349356
7960.234374361488
1163.2680429717411
2490.112503154358
-4086.2116528662586
2750.6607987233965
-3490.2922423161413
1182.5602426355413
1005.9958541264443
2331.3643417632447
421.23859065089135
3483.580154845963
-1405.3145390126233
3305.533237403324
1619.6241985133079
-2405.83364470064
-3152.998881020103
2155.360673714334
-1812.6877442178456
-1461.2098983628705
2316.698712519656
-2718.7609636612383
-2674.690990685899
-494.68877837471996
-1785.6632917826487
-3886.3166489536975
198.40633501226515
119.46691224953601
-1380.84076485326
-3086.44641211204
1001.8251406243851
-214.29145802620502
-2510.7192811110363
342.3858630877786
-522.3026529752015
401.50158432653467
-586.5422600962117
-1554.9522573623829
-1595.178460917991
-1915.5957172433632
2955.8245673748415
390.32465793443083
2033.2838868737235
-4458.02782920145
-120.78371324489324
738.7788019845899
6506.189230640208
-3782.529987438166
282.38040554263824
-1476.4489823927283
-6660.124812073666
-5176.357834910985
421.09597383676055
2177.0681538900553
-2125.841768945264
4847.013519664684
759.6586621641742
-7466.91553735328
1831.2234468665904
-2053.0720269252124
-2795.8623612877404
-2833.324458624206
1580.1042706137387
-4582.506439921835
269.85117690346647
1876.3389843327059
3018.558270075766
3449.4096770308674
1049.1948734993616
1919.8975334831703
-2929.618700660617
-478.296262441992
-92.00955958445202
-191.49925067295274
-3260.370341127074
-974.505663066312
-1037.339050603134
179.23919483169823
561.6713003965782
-2093.787984627583
-4132.420268213486
1099.284839840562
1102.3669551476246
-6783.048600305041
1893.676208220558
963.7080731644783
-2635.3603871590544
-1269.7455546086785
-1627.851781970468
-3649.429913201459
1957.8539361070775
76.00647809159096
1392.896067143744
-486.0584670373201
-995.7137361061576
-564.0789593130069
-5605.702344278092
326.1285483667717
-914.7782305911356
3842.228855895398
-1433.2088607153498
-4371.9633066565175
-415.90832896607685
714.8403912271074
1089.482894958131
3403.1084583451398
-1855.4395992066823
-2708.8775261270016
-3633.38803975497
-359.1646742231654
473.5555429836465
799.1588328063765
5635.420608046801
-4473.046510964328
-2356.5927508814757
2676.730752238672
-538.6851613725898
1600.1794176245314
-1649.7228486360657
-4327.187080987776
-725.8868087859958
-2338.409290931577
-2560.208863599442
175.65645005839062
-982.8496937423891
-651.5323652825907
-4498.59416923113
2219.3236563952905
579.9083182941936
754.498584957364
141.49521681628414
731.0378361133041
1999.0354932406372
-2599.5909664315795
-3297.7151428244897
3426.6399645339366
-948.9278540968203
1150.2792703116183
-69.75991005597024
-412.19709597313437
-3506.7141580582716
3301.44539001902
-2163.9056364697835
-2075.402808852667
-295.85663103318973
-562.9691038166443
3144.4183154356006
-3919.7336046790506
299.5766317027356
2169.296957697464
-2071.2528937807497
-574.3238507755207
1972.3268532637603
305.08779896117557
192.54882037926842
-1066.8125027246153
447.97375419392864
-296.12678156667266
999.6723494310697
965.5921631430629
4399.326441191497
5421.641184609256
-1605.7184536478112
-986.9661292954704
1350.37374234013
-2541.8698237714366
4073.516343794239
1793.3078598508519
760.7109838541613
4309.575032467712
4320.952817405525
-3405.668506284225
4792.799798463418
-223.28341862600195
1661.5032849476372
653.9026505332686
1176.8257180744756
-7010.330048366003
-2510.8007942704207
-4171.80359680121
-2558.0429413542533
-1047.961967210767
2402.651185681491
-1107.7761245028107
1071.8258838904476
-1885.6779324333197
1685.0802359290149
-883.224037748831
1220.0812455011185
-193.97436464229276
-2673.3844075678035
1074.236841187734
2415.722337065908
-2823.31208474951
-1826.8130669060647
2761.649376015347
-2983.3596746657836
-754.6939983783601
1004.5663719472391
-1330.516858194434
-367.0557451605452
3713.605322271284
-2765.2886107499085
1785.3098851754721
-2059.6279773754814
1417.1151599584603
4174.651044915973
1221.5504354359518
704.402795730951
-3601.8530074797504
4985.709982050846
-2548.195545761014
-863.4312558064435
2492.240615795147
-706.7812277381742
-332.8308699168237
-1065.850451944782
747.2161952478898
941.4196092495338
3282.057186249915
1509.5026900027535
-2080.5843234290614
3264.0472077591103
3958.8512972619537
434.2403626867938
1012.37208217171
-1497.7249461598278
-398.04950809683874
144.6386062943594
-3780.8778799687625
-772.3893444168696
-1224.25687200442
3114.666320447786
4778.651790460072
6028.3444586177875
1758.3302494603465
659.9972499224014
1990.0073094908971
1936.739835749905
4072.0631314738916
1415.2207603788577
1131.70079108764
-4605.6727163473215
-40.340431077190225
3565.081121065059
960.4687858916095
-2796.5186093152165
-624.1441724531103
-1237.6435986456
-2425.647849041818
5358.826290979002
1738.9203500206117
-806.9469736602131
474.1346554701569
1911.154080897047
7946.670693956702
-95.4202262335235
-3111.13583241516
751.1177467700677
-2875.3966783993183
-185.48570175513115
2042.5574184566233
-966.38593988342
-1641.165197332313
-189.13088468124118
633.8969657421832
59.94867130426168
-1426.0954090805485
-9142.517827315623
650.1631870753293
496.74334443392286
3521.6686247648263
-2914.3662159658606
-753.3583552114027
-2170.19131140465
-2896.363860560487
-979.5312449550551
1857.655649275181
3883.7995176878653
453.60279624233357
1727.623201464151
-2435.6255853575635
-1984.5338885594522
-1059.934460765405
-2618.1153543581536
-1241.9604833983353
-2685.5640697292856
-1243.4805227687355
-1636.1041856000043
763.5704616733741
1188.0864109264141
-2849.4094583523433
756.9120418553134
-5270.73435565432
-2950.599946801815
1694.6462403704504
1299.1082124306363
3686.0909076090547
2178.914604673737
-2434.3832553878215
-1305.3390738358678
2174.824000973202
4538.202416883479
-4707.395214786371
3157.321295196764
1438.911569935659
-258.0021676134487
718.1351793396752
1236.366108364605
-3806.0710734524987
2822.6115916031317
-1226.4875430357001
71.02428174430239
-1730.8632379375686
999.7806844114298
1585.3237471304856
4344.034204563172
-605.0844423592675
368.6014120059863
2812.1960638931437
35.02676708895086
874.8374777802986
1042.274277608782
2971.6842743160196
1898.2024298608626
722.1589871387116
-3251.7463732793744
474.44516381009805
4866.100114284268
1162.0728964286998
2302.590498019448
3045.791176817759
-4230.398860189311
-692.4504291213784
-66.35146453129397
-846.3572396967029
-3448.4740440812197
1994.6763099340499
-4774.568987292771
917.5573368303365
871.1265747493682
970.1427425407956
-1132.2880789954124
-417.8274394882997
-1472.7410931267952
-4967.4067049217365
379.8332628882895
-1162.2508118642581
-217.89685833920262
3433.5834578144277
1234.2301188172999
-3397.81892797284
115.77896727061636
-1859.611549774342
1970.27283673206
564.7224002468403
449.10566395977924
-28.1288984859005
19.622642250322322
1194.4054628371205
-570.5108592329619
934.7742439523284
-1770.7151223631517
1169.235654848924
977.1612049502478
-325.0873065228472
1022.2494584862857
4477.860860133209
753.5645438227963
3194.2702684921746
741.2791991021156
1814.029060370448
1528.1355007317964
-1362.1271234416301
-2293.0359687238306
3873.2035879688383
-2154.48222268505
-1284.3275939120292
3601.757949076321
90.21394049679574
2044.7489961009296
-42.97870904420278
-2270.8167009201343
-2647.2781635973324
486.10654737630324
-1690.0519716659244
757.5253533455351
292.03489273808685
340.9831671813163
-506.2566394469756
1245.3162438091963
1996.9186930599885
1680.8359928477378
2324.196087146341
2411.290256585075
-620.7134905738986
-1589.7571618946881
3772.4653312345185
-771.8874646377758
-3568.9759798744253
6588.437779076712
341.25036072893016
-1027.813326287072
2707.5391496673974
3754.3362354921146
-42.1541112710233
-1177.8626897162835
646.2344634295075
2709.5616331710485
271.8372444430565
2353.5345479382804
484.6924021003294
2704.321823178696
2731.4356474348956
1585.016971384167
1270.6616019264122
4808.0811707195335
1743.2127543148843
3721.448915104272
-4388.675839806396
763.5720363095054
2627.5502618857995
2545.2217684771413
-2332.1720413638777
-3191.0826507585325
-3805.4378945984945
-6490.210503383229
-3682.820971709812
-6469.140188969547
-661.0214554044829
583.6988625282046
948.9693421968617
-1068.4678129164006
3626.802172785581
-365.7975285029425
515.9540069578654
920.1861770799949
854.8552900080568
-530.4438422321844
-2284.9360921327566
-3217.2810417589344
-2900.1327829831566
-3343.945052373818
2079.126893888451
4580.314608406061
-220.12249497828836
-1064.0675641592074
881.5271012110506
2661.3727880223596
1446.6072740426234
171.75937410372714
-1913.3617415815588
3011.150518344582
1493.093268295268
-2346.1642555521207
4416.07950621124
-1151.548386950989
703.4331222064386
-1318.2231224852442
-1193.428082630752
-575.2429326481124
-1987.098283493915
-672.6949702355289
-28.2416590849409
-2364.131618529267
-4007.3344992203924
3127.028986172527
-2061.747036935331
2226.609967486917
2973.9711876845945
-3326.228535334109
-288.5906885119771
843.0104424262606
603.5032350095645
-395.8534830229299
-2620.0906301605414
-750.8529085926651
997.2024286924084
-1481.493144390137
-311.61752561070693
-1394.6839878604571
978.6580790720855
4743.355800329533
2226.79175069802
403.70650093525194
-1420.5289362954818
1535.642421660766
-418.7009749554073
-2887.2129956255403
-1835.25545765296
-789.7247645069883
-3655.4811364731663
1028.7869822910632
-1937.4237780069311
701.8168459997105
1932.8562107103103
851.8451563149188
1344.0747052824931
277.4316176085684
179.96754289610016
-489.5060583023956
1958.1048972412318
-1434.5428475702038
1911.6871167201423
-3797.178526330592
-3947.4044667026583
-3042.838198065879
-271.010448290846
1782.9258385187659
3422.5924688737205
-271.73540286390255
1911.70819048366
-4970.673947820925
604.7291705831103
1808.345945171837
2415.556654231867
-2280.5279461972755
699.9094877273981
-471.01972626653065
-261.9584078236982
-247.67112781195095
-267.7212041842352
-4333.7394262229645
-4497.756528833782
4931.474559884411
879.2672290008366
-1186.61231667202
2045.5002185866883
698.9547466524823
-843.6558892733087
-3521.128254879856
3792.35701022452
-5419.991140695728
-4.165333136148527
-2684.12130290937
-839.3267594738303
-688.9781832520339
-2296.5007561828043
717.8051549758961
-2036.9338551954795
3258.030969817711
-2386.5390012755574
1365.2246519890932
-2091.518309119997
-1934.9177362676774
-748.0976206181649
-911.0413883401485
-2373.597947071376
-462.9307226386278
-3253.9100139904854
1661.3055553999675
-2808.721006438023
1386.6197316817806
-3455.677468728264
4403.341247034815
3000.5391173130583
55.95251937772398
-1386.9150528941984
640.2466921299696
-2966.908501576564
2043.5016126229025
-2136.8199680795833
-743.104794756515
-985.7541560758483
1848.1795330851746
-418.87582875794106
3352.2029803367104
-1298.3788419338434
2415.32897259815
204.07547602347825
1942.977449447081
67.9704372666258
-199.39805606770346
1480.7299968135353
-1873.1827011295695
47.52334215062521
-4825.091066564945
-3603.452639846391
-382.4207266038823
-2163.858107808367
729.6989522043725
-3042.8091275910692
-2036.3156216093817
1981.3701223494638
3925.188590155001
803.6831545453679
2938.350352888453
-724.7301943808964
-2215.9812323965552
1706.0970990166413
-1269.5471071638462
365.0497658578326
-246.5562517904632
-427.9138306112541
-1676.0948287832678
79.36554908104284
-1674.51775762505
-605.4775257539198
-1674.8220371927273
-1708.971791145524
3527.522035836765
-2277.8080869854816
-1112.3912658057857
2086.323888113624
1167.2030713937488
-605.4691040496454
-487.9101661911084
-1411.1085008191878
-495.91886562506676
-1895.1598696924757
-785.3884996501698
-210.10354267453414
-2262.5004767046285
922.3596334188082
2250.446281904037
-1573.4999371281133
2010.8720171332438
-543.3539430699639
3207.0542238795124
-611.5276318421579
816.0871909565477
-2377.2110850788526
3795.7014830516296
-1394.048299925722
-478.8015700421145
1535.5246202159756
-3390.307761139963
-951.1248710721844
1645.1500639776568
1819.8419052528627
-1131.6709336994281
-3004.095017183772
-1022.4318881521525
2334.607544438137
-1511.4468867635746
737.214901420919
2860.0384264936215
-3432.4057685783587
-3373.093499352041
-3426.9997337099344
-942.8000417747024
474.6285532179398
1341.2308682753003
-2919.3764079129755
899.2398991025964
-1133.5160584431121
106.19582823909211
1363.723773440523
578.0389189146455
-788.7820564585871
562.5905114834783
140.66197043049303
-2045.935678067573
520.1294759690845
-1729.290646427839
-273.45314241438325
-3782.0935777855893
2431.107829555977
2597.6169001495623
-406.11204356739563
2382.0972738430105
2482.4135117661212
-352.4650126426656
2279.0186654071
-2591.680015282297
-2639.739687214318
2124.0054477743706
-1877.7110415057066
2635.955153515652
444.3944110163484
2228.348075632374
221.94624815354632
1191.0564772280748
-1313.4232769865407
-2131.675375788688
-6222.986800243648
-1264.7133308397545
756.5182720518633
-1148.1168797537837
1258.5739056143852
-4021.509382591278
-2788.3416492623824
1001.6325228510557
797.0167251254913
-1700.5190897941843
1462.982390477801
2106.923129402049
-795.2582102880848
3225.520794294848
2572.5076444111787
396.10201683803837
2221.2485736738017
-2728.982355944802
736.9347687715278
-2577.6078205694134
807.6370882479671
2921.7444512363245
-859.7834926255458
-15.149426723741856
-5094.599439699043
1643.5181598913803
-1015.7415975698685
-1241.7814476522422
1761.93992644572
-153.05333304749425
-210.53279947872983
-2024.8115616546838
1931.8374853136088
4307.529374485749
-235.04260631068695
-5149.429674560814
-1346.3932894625057
-547.885901092048
6879.775828228497
-40.86735682391235
2841.6557689210954
1355.4413958103703
-504.0391409690557
1100.6420723635044
3493.3392650920073
1777.6611021034869
3070.623931343144
-787.6728716995727
2093.1407903385425
-1022.3400339888141
-587.1549364919407
-1280.3902037528105
1843.8039540772143
4119.962173751572
-715.1813074865717
-501.56743902643683
