%%MatrixMarket matrix array real general
1000 1
-0.5426967121518796
0.7442572851496545
0.680730203786722
0.5221965286999465
-0.03518913923941229
0.8156052537508909
-0.9404980706993036
0.7034387462237386
1.0143161912056402
0.4153242649513483
-0.29107621714916915
-0.10981491140132306
-1.5061418053485163
1.850488244636935
1.962303689010264
-0.6194021653943241
0.38371879998084074
-0.16563084959039287
-1.058190190078976
0.49463033278038354
0.803332429019641
-1.5499024404160557
0.9591352820677577
-0.39879816542599417
0.09886891124463291
1.425787573241158
0.5880131208603722
-0.10607744502326252
-0.2936471514723784
-0.11548688411461244
1.1017898844834786
-0.6557807690993604
-1.2780985405441672
-0.040808058450424955
0.5543835770246979
-0.844109509997225
-0.9685523789783825
-0.5292619555642883
-0.5815859408067244
1.2932012024308723
-0.15202603573883966
-0.9049448569180325
-0.19480921141804297
0.7427747751330092
1.292740714540611
1.0246379047041219
0.7146377338345551
-0.05928606259864192
2.4260988886340544
0.6820032295925239
-0.43053078454237725
1.4987695133696455
0.1544293173599075
1.1460520891822634
0.47391488689040834
1.320373693122203
2.3874143524405436
-0.3922443873254999
0.3069104184141217
-2.2859515858704156
-0.010267517002727065
1.1444541349585966
1.4124558244544811
-2.75888488769482
0.24861484857143284
-0.9159770011365433
0.2856759533030901
0.3898978367001183
0.9402612891089048
1.5252869024594167
0.9617967623861086
0.22609635170077325
-1.3859917479617503
0.001520964519437805
0.7189892960845796
-1.432319871843509
0.10208846845198034
-0.4391811367050947
-0.22336998834704686
0.7148308355792351
0.6444591048433539
1.0054369830339953
0.392916438292086
-1.7231150832410373
-0.1295572766509045
-1.3082489563862647
0.4572680488627338
-0.4295718995034536
-1.1393948228400264
0.25070392194183677
-0.6933916712246646
1.7017562747406492
-1.4651773082982564
1.5395408553022556
-0.7420938355453585
-1.9506303269628111
-1.060668561959949
1.385091085844828
1.1620123461945011
0.280129348933963
0.4132558277440477
-0.5081770933270522
-1.8274583607640853
-0.04041338318687682
-0.5453424249694782
1.4334153287233198
-2.094095672434477
-0.25566886589857135
0.6531353171860238
0.5112160990196074
1.7680467715533543
0.9606262158464367
-0.15223212798469193
-0.7780056303489833
-0.7847947070590614
0.5786038317966805
-0.276449513165525
0.083925667087124
0.059589919866685145
-0.8849081733952239
-0.21885352290625076
1.9242693072739978
-1.4436428086581221
2.329820855392496
0.8376791412778979
-0.13864805253816578
-1.8981256332230774
-0.9423426336629317
0.5454826837932384
-0.1726154167862431
1.1820235001111052
0.0924838717709776
-0.6833294459427893
1.897980005393078
1.5383185726019633
0.9865728664100717
-1.4258053856377044
1.0521588498151815
0.6193681285996971
-2.8283486658649846
-1.0603268009621172
-2.1215100542727843
0.5482794778175828
-0.8039571389189132
-2.509282393037125
0.09100367000512934
-0.34221570505773136
-0.12779843456016066
0.8017341889194323
2.0135755457687132
0.22492205120300512
-0.5675474948944952
0.8196892294293726
0.4265463069534419
-0.041497766759321666
0.8804387832084655
-1.5770569158772936
-1.689495938426232
-1.085018420574432
-0.754495127082793
0.3468860057040851
0.06410788604089261
0.8602327837114063
-1.7816036742525458
-0.0459819954145857
-0.9291382978012406
0.902767215393001
1.127429879864027
-0.027950656831726116
-0.44641805562757836
0.0762634836918596
0.4509843828713181
0.3681151697348356
1.0643244071103792
-0.10132663596881412
-0.025338513181977728
-1.0712236989661341
-0.21520889176277458
0.4438994486495721
1.2635397449779038
-0.016551801701358018
0.3739323353926737
-1.1604764703289503
-0.9331508307221171
-1.4535149309359594
0.02150359515021759
-0.8296724732196652
-0.8017772401917256
-1.2940799083617784
0.30130716634868276
0.72008359843935
0.9611628121134923
0.6634286666037229
0.9303915097592955
2.1377807444295507
-0.3298727134236909
0.027706511003276216
0.6714528179006946
0.5462819480174503
0.15053471559712472
-1.2211613092167868
-0.21417204068073942
-1.1459860620453797
1.4043041896003259
1.498612818847935
0.8966248425286558
-0.6347268463370543
1.1649050417078928
1.662480774565826
1.8004977345689124
-0.5122647389302812
-0.6075408082335245
-1.0913781021616906
0.19365682478357932
0.2503505515086603
1.0285689602144925
0.3405029854306702
1.7732076852372691
-0.018104015363564936
0.3261476753406492
0.8604099810590418
1.3680441875539575
-1.488663887924242
0.05435198026411686
-1.2560850684219387
0.049635339059856426
-0.4519676923498734
1.797524986688612
-0.22209840744784293
0.3451668375121564
0.12504693024839036
0.03220108417435623
0.05791768696821675
0.4937445494503632
1.2346921471399575
-0.26957601576913465
-0.1828624354635175
-0.9525179293965861
0.4776688490439855
-0.8557979023509267
-1.1915551780037827
-0.34195193402818763
-0.7216366456616462
-1.5265470146871112
-0.03870835875010185
-0.9073404232091166
1.0501697115821855
-0.26353776403696155
2.0750226700907595
0.9929371019600299
-0.615974710614068
-0.9692257155104439
-1.4397494126609776
0.023329615364362066
-0.2029961375930857
-1.6416291826766187
1.2401109328926776
-0.22668832881831014
0.44744700477089955
0.17427435203029462
1.0495343633946033
-0.37970742098801763
1.263768676013756
-1.0795618598005228
-0.9863499812617468
-0.6209913660616951
-0.3078001291885337
-0.28391990069808326
1.1114853795526785
-0.12116711700531886
2.6085429718019935
0.6311279985140495
0.9754724762401685
-1.3960840581607705
0.9597097373207262
-1.2869211516642893
0.6517033455746052
0.05487215263176873
1.0564449497316701
0.363006061536628
1.0383563688029909
-0.8088593689211289
1.205316485577938
0.8973695491759113
-1.1418822551493066
-1.2881978647464623
1.1839118657347318
-0.7483191735434377
-0.3617425400661155
1.0004070217047878
-1.1695920878307882
-1.1628033524422277
-0.28654721066942046
-0.6905880994758214
-1.2220027047932889
0.07511388411528579
0.17700955994546663
-0.5211327416409642
-1.1921655145469456
0.24931948475857052
-0.08221162155860755
-1.0610631398411947
0.2933474926105219
-0.2793870354259864
-0.008312705591836937
-0.28464580347999896
-0.6909720946526635
-0.5045325202542079
-0.7196941501329971
1.0805211321641544
0.086297814026412
0.7045942551140243
-1.6444746209871093
-0.3111956916943261
0.27796877995781005
2.2088678561750603
-1.3173292513747243
0.03857441061109977
-0.708469837337844
-2.853345592561535
-2.0483604889303635
-0.0028837583487564405
0.7584765455392178
-0.8912734832869993
2.2281992604467584
0.4653391779562857
-2.3924032472142853
0.7116562817867881
-0.7784463442627405
-1.4607165456703548
-1.026892750349018
0.6344484318050955
-1.5561423761792565
0.03915756592762282
1.1911505934995568
1.3290967505926403
1.4104997555777157
0.6071986012105288
0.7750848154323623
-1.2777590208984095
-0.14856345864146064
-0.052052906867447485
0.1190339141091906
-1.4942910232517144
-0.7457861752243778
-0.5120365815084458
-0.037008021228374655
0.24914279776253645
-0.8760720509404951
-1.4014130898554171
0.7345552710135551
0.3303556534800254
-2.7936691255080315
1.0215323889815744
0.5581576813634487
-1.4824883023905253
-0.6320124473309133
-0.9656090326089236
-1.2222109958813419
0.6740290697979806
-0.0564376947315945
0.618898290050136
-0.29446862831340537
-0.611609713952929
-0.13826645915905
-2.184639431258839
0.4015696393234717
-0.4177224118310303
2.0672421876546894
-0.44031023673582054
-1.5512612027035872
-0.16686878922307663
0.08432940298263196
0.6277396273736847
1.3555198778641833
-0.9273620844563812
-0.8493188996516823
-1.6528323988694695
-0.003867908423196613
0.10055532140011202
0.2283238939640731
1.8692201742264172
-1.9350672716095738
-0.7524139662248549
0.7962847666806203
-0.27426906121533406
0.7985931666791976
-0.7455575839798405
-1.394303054742461
-0.3614787625675353
-0.7642655342003912
-1.2347547596055577
0.27937975823081235
-0.4490401349229232
-0.15524034236967743
-2.0188044860242402
0.8820702699027835
0.28409699682225176
0.3846147656596147
0.09556565068874377
0.3629164571568843
0.6704451669341666
-1.0238126624139976
-1.3128294935484763
1.7713181199024188
-0.7248792295996819
0.6180623239037112
0.1787995774974867
-0.017212858074665938
-1.109826748931381
1.1695303841208757
-0.9137047332288423
-0.9581433815444292
-0.1112991604304274
-0.04744670705566009
1.5240084143608856
-1.5769769435952474
0.15721556885329757
0.7046322667540584
-0.8761308961629478
-0.4998012766657788
0.6724933373104399
0.2857440012966183
-0.1710028480242317
-0.6267796688665939
0.4511730018442757
-0.21956049764790825
0.3441883109763359
0.3799308935647107
1.3856311141143292
1.6277399854771095
-0.7567192446428848
-0.5739967797336076
0.6565636209885314
-1.2536993521538176
1.6321763257588489
0.6810524642336426
0.42406501582331146
1.4740368531726464
1.5797472126935879
-1.1627196410846792
1.5925670314529796
-0.009615489353573169
0.7030801670197623
0.29136582749913964
0.2432620909366764
-2.3630113563692237
-0.9384627494624742
-1.8171210976456833
-1.0403556142095944
-0.34032078237431623
1.2006327662938523
-0.19237300834435722
0.3983507854779893
-0.5956191517955329
0.6415729068075915
-0.3220782850407195
0.3281882907686576
-0.19587914881855067
-1.185736234591688
0.2189426401308172
0.7550604706258229
-0.928776092353347
-0.6411184492691698
1.2822384135965073
-1.2978110969426833
-0.1965825293379111
0.4684519382836541
-0.6896388515244514
-0.08923574176296187
1.3369957722022252
-0.8291179819819783
0.7424421827086889
-0.542400057214926
0.5017913584447884
1.9150866144569902
0.42492205966634555
0.38358184234976955
-1.3642297725862604
1.4856109657049776
-1.1661327086494275
-0.2756122926502115
1.2896713827067532
-0.2518595658048519
-0.3672454191314735
-0.3919415217960078
0.20111747255648704
0.4053587980290639
1.1107395290072715
0.48627268370565785
-0.6853066881318073
1.6187913441039143
1.6743343186635007
0.11687902571573229
0.2519230499469696
-0.6283665578500844
-0.14950304068612608
-0.008338379087363922
-1.619152307394031
-0.7604832037269337
-0.5644354231841829
0.844925043134005
1.612653325982085
2.514133818750735
0.4036263224967804
0.25918347750647247
0.9462734794785282
0.7569404734829941
1.5218835188045456
0.4547517090170106
0.49519246266656586
-1.729976365086809
-0.04008058323856919
1.1386059931590111
0.2920434502842245
-1.3302283890221036
-0.20285617231787112
-0.34533866258188284
-0.9993675734048493
2.260098290269939
0.47713653903766323
-0.42988400406865646
0.12552697740241187
0.7249959038403386
2.9017954879492214
0.07827078531982191
-1.2686964337576354
0.3925312541071981
-1.2873830516568499
-0.22522521786618677
0.8056979693608041
-0.6346035529246811
-0.9947759860045736
-0.030753382447619854
0.340390593663599
0.08984586167210067
-0.6923250343531508
-3.5259873045094032
0.29609920136547757
0.3201528635621205
1.064899886855854
-1.2352370539732764
-0.2985420163922897
-0.9114479797691329
-1.2331211606280892
-0.3540733118493127
0.7291041743905922
1.328196163350927
0.3858272013969098
0.5426964128935822
-1.0615029466297339
-0.6695628428249808
-0.4381528471153282
-1.1172326357757965
-0.41040404476677095
-0.9826516658707306
-0.6735572668475291
-0.9479950757495913
0.36244947695170865
0.45732838761464395
-1.168123755280278
0.3201509019292565
-2.3228834742944233
-1.1487453787530761
0.7749140783504684
0.5524571037337396
1.603053195559496
1.1386149234002745
-0.8644318993685225
-0.695421448407154
0.8104071636993644
2.0388078803253364
-1.9318089788934663
1.3713874692967278
0.9715785836163788
-0.31679876011828695
0.6087369034862439
0.39528480946009226
-1.5806101127439258
0.9819136165733229
-0.5841023231479354
-0.016193478411304536
-0.6394559976713636
0.15477997213670341
0.5731771638485686
1.4336840788810674
-0.40470270515085927
0.2935483110412389
0.796434536066514
0.05844475833682802
0.38889201732251705
0.25974897426553245
1.0664850657050355
0.96709899284279
0.16567541218294812
-0.9991921517680353
0.024948571891517668
2.042550900116062
0.319895972209791
1.2073149779164398
1.1319496579109096
-1.6703180067762597
-0.34138976583415015
0.021749123030385287
-0.3853724880777505
-1.1001007698908618
0.8799585559142895
-1.5374345660492
0.12294106705892606
0.4528751793460451
0.3540589344177459
-0.3991592192726654
-0.1065595920230285
-0.7003592959953139
-2.0437799909462995
0.13626372933562264
-0.6615609068914625
0.10862037763667907
1.236373921392449
0.5565387090442118
-1.0435771424788467
0.28709261729070296
-0.6324553839104488
0.7374396638625064
0.3530364513351892
0.4502527212245348
-0.2526024599319855
0.17150753060374557
0.31687435178658174
-0.25992658456195955
0.34259447275814653
-0.5476941102749666
0.35660568018438715
0.40793032503665905
-0.36833506462880927
0.29069715259714435
1.5250473122231967
0.12450114060345278
1.081626021273617
0.4198308680857365
0.7223826489783617
0.6251060536391356
-0.5911119008019705
-0.7291284116698662
1.486669421997859
-0.87928797266757
-0.42019198325539003
1.2310666272286703
-0.031695818781575076
0.5814829718181743
0.008066544701938377
-0.9656117319704898
-1.4644786646382233
-0.03968632546287231
-0.8975798221032633
0.19837225046916074
0.29064297386913474
-0.07455756740223989
-0.2088575244698782
0.6415113603017941
0.9058381339954488
0.5414227768231729
0.6620294213413259
1.1130453792286716
-0.15886851927465812
-0.8744989153651173
1.3165146591864452
-0.24711753887487636
-1.2066274354295736
2.4486638304594437
-0.1469427150187303
-0.497946386706494
1.5306678036401513
1.0501254507049036
0.016737874130061947
-0.5477383279626719
0.03026754040647514
0.74706018989405
-0.27572290710773834
0.6978402991626532
0.32679648183180016
1.1294261149603673
1.3467754875691806
0.8092791316069563
0.5015868063475558
1.8625949627741207
0.9416779523949832
1.7529540962832793
-1.6470126289997546
0.34519030031508796
0.8949939829267505
1.029088564031912
-0.9470983586972064
-0.8229450839498113
-1.4219107357750824
-2.7463159522879765
-1.5939201408106505
-1.8441104884024753
-0.4378473282662736
0.07734614215126194
0.41167712264956285
-0.4524939061026141
1.1240102532016814
-0.07106318597077979
0.06665931398775318
0.11732925221699224
-0.03722498726708048
-0.0983653293404263
-0.7820839380058043
-1.5077528836093321
-1.316236071193808
-1.3167234539826145
1.079482556345501
1.8733181417880511
-0.041402850564120616
-0.5305511029297999
0.2960676655404445
1.1765706242036325
0.8139987257732978
0.08495219641779579
-0.7819611579256946
1.102808370826109
0.7990460390210223
-1.0510068225522078
1.544318046641876
-0.6131224204213878
0.422384764815692
-0.5264117845372386
-0.318599533519978
-0.21995367736344812
-0.9444015168990297
-0.2774592566138978
-0.029848627508703464
-1.180111424400284
-1.0689024481023375
1.4190419258670195
-0.6582086379170667
0.9540203165488155
0.8078280760365025
-1.4085717915241238
0.054914924837152934
0.09198623476730534
0.2066704284159313
-0.10400012556864148
-0.9820205634574256
-0.21401418638007363
0.321406728875176
-0.46169462870490413
-0.3025802642725116
-0.8827889156237215
0.4598037768428583
1.919003454628128
0.952375677167647
-0.13413825952529845
-0.49296336252833567
0.6281675647164321
-0.00817893254321797
-0.681383706374099
-0.49744239042691746
-0.39891852948083945
-1.922086419637838
0.4026883237928266
-0.9856790613829932
0.6423419083481834
1.305678346054166
0.5028564737689302
0.2590515724925242
0.015770568781904998
0.05991562425321034
-0.15660961547428048
0.9934779750078373
-0.5921234316503866
0.9470513530629336
-1.4828203080303402
-1.016682832318102
-1.0312822504762202
-0.17726841559635334
0.6717617874691807
1.3978192628265869
0.05047216054080225
0.9108823857117924
-1.9829007226451427
0.030167094903686603
0.6206659902171167
0.8346526772999263
-0.7003688059240618
0.41721782761126547
-0.2413484202998224
-0.13961510841074476
-0.05346088765635524
-0.05549042316237883
-1.7995313355845457
-1.8756129982729906
2.0314022627681516
0.48953331707402
-0.6387834605545019
0.6875586268617097
0.6466127785739334
-0.17215012242055688
-1.3005501625680904
1.7538156450736615
-2.3546446590425907
0.07751869325511367
-1.0391609542655946
-0.3046869864285308
-0.31083153221915844
-1.1356830517569152
0.2582650165784328
-0.8332301453727795
1.4888632913723774
-0.9950518350806171
0.8772240820403289
-0.5524535585989845
-0.9692761115076414
-0.31684114958427967
-0.5898559577131312
-0.9063418296342384
-0.4511235251017941
-1.2967932092624679
0.26899489101614654
-1.0560351131352912
0.7974423964887469
-1.6186359817550175
1.455357044899486
1.4727458881770163
0.22861599857177123
-0.6432937846663711
0.2893687051493813
-1.1850327291794904
0.9068644645600433
-1.1458919982222555
-0.22223695088618234
-0.28202599564893494
0.4914713483406084
-0.12563682652642524
1.1336983143164499
-0.4183443704314381
1.240978761657107
0.09266721623092973
0.8495621496416446
-0.02248403099421805
0.09903569046065618
0.8477657451102905
-0.9200410592855943
-0.07068664852994463
-2.2101972636903944
-1.4794229021499838
-0.16790235637646678
-0.8357970480030242
0.5967576092386072
-1.207112931113159
-0.43482627537005547
0.678465528006844
1.4609368406310594
0.24941535804705
1.6846989466375122
0.06283405496355365
-0.7140188898566823
0.7683964467851873
-0.8790622955902122
0.2553659446078683
-0.00043061803877986887
-0.1422626490217866
-0.5388982032176777
-0.286631929536339
-0.6763740248012026
-0.41434872324775407
-0.48357846317960845
-0.7428935399465922
1.6878547530934338
-0.6027089185136445
-0.3299472033031708
0.9545902403977224
0.5518724181153166
-0.3691508439619028
0.092209346717595
-0.3295537208201546
-0.3168671257123355
-0.650012872691381
-0.4897603387149603
0.03897003035703983
-0.9089442011306648
0.34371992939253143
0.9463452143012426
-0.45795124525648434
0.7957466544962125
-0.1517257023877337
1.6601568605916066
-0.6528018453469286
0.39311767453154606
-1.0247463175193348
1.225587354995252
-0.5458770091114772
-0.41240400164796537
0.7510883765601964
-1.5949266028305913
-0.39457750301410544
0.5879883825462264
0.9548288954218203
-0.6386339939730084
-1.3421935862932926
-0.30786606478035355
0.7356230388534061
-0.7276957596764099
0.16024348035385388
1.1922895654273475
-1.193127513584624
-1.0232152608855187
-1.2251255896858728
-0.06105718010552117
0.20464160027847866
0.5424671920589799
-1.4863445710615688
0.3165621766449763
-0.2564033357232417
-0.029418354750981757
0.6418697027633258
0.2594390829007516
-0.6523684714411078
0.09976902523962254
0.13506029178072104
-0.9258395978016435
0.03429222409808916
-0.43721777285367536
0.14208147355167905
-1.18276459734453
1.153728387972773
0.781484851119053
-0.21711448675472578
0.5926080814375991
1.1329076795733386
0.008732216886644488
0.9390373463795152
-1.1768086479800477
-0.7987965460422967
0.7358423911422621
-0.859626872443844
1.5402627409676284
0.4574331571213191
0.9523018568087538
0.2441309273936335
0.40726764829151474
-0.6533672123775853
-1.3411003419814913
-2.416246301039109
-0.7305116940810156
0.12446689770685652
-0.6310259787726763
0.686050059802111
-1.597898870104024
-0.9339764492287491
0.7612491393597988
0.013749049691306386
-0.6137265341887657
0.3021966400909891
1.173979208875423
-0.21153403202517096
1.6162138498627197
1.0501777055438686
0.20620872003591917
0.6852821080141847
-0.6741555225991457
0.0855813096075229
-1.2233932627473396
0.42923802686771223
1.2495621484550994
-0.537175860043393
-0.22425473211626967
-1.773087383904216
0.8626286445157632
-0.23982923126098432
-0.5354530236571199
0.6678882345481605
-0.03825077985244281
0.13538903044307965
-1.004838438538129
0.4211665715376969
1.8086375262315109
-0.05097249260066473
-2.205351806190275
-0.4779994978023076
-0.1893994353614828
2.7063830148351076
-0.025033346067384023
1.3989951401034217
0.501818382409363
-0.2083309625508175
0.46615714267976976
1.4864905134706918
0.9185109125426058
1.3024383115187737
-0.19980803668063568
1.094236313048887
-0.6873110424155897
-0.28529475092210493
-0.3138525130731507
0.8606837956274195
1.4748218669865194
-0.42495322614162434
-0.09579515011173975
