%%MatrixMarket matrix array real general
1000 1
-4.74839498723317
0.4032681734128501
4.348545388035776
1.3723827825566459e9
0.12955490600737457
-1.3723827824712605e9
-16.125222771635904
0.36682999838711744
16.831820317483896
3566.564917036976
0.8873381041107525
-3569.3363614892987
-571891.636168016
-2.967553147037796
571897.459311133
-85.24532578572855
-0.5394070535052475
83.5322767658214
2.7287733876803442e11
-0.595942386797952
-2.7287733876789087e11
-10429.019652977953
-0.7194211354389052
10430.426565286114
7.925241741244193e6
4.586904030135699
-7.925247200879939e6
-362.4287686196646
-0.5557531754769909
363.6281369062432
-728.4036481571266
-0.5691282768914376
730.8068575479465
-6.805860909137384e8
2.0706018190442563
6.805860872074771e8
-4.010774763184952e7
0.12253632287267263
4.0107747323146634e7
-640357.1899990402
1.019059036158729
640356.1419137402
-98507.58573928948
-1.0557107165887045
98510.15034347655
-6.261470146817964e7
2.5971196450400655
6.26146972254744e7
264.07418126962557
2.4313545265824903
-266.9591747666258
1.074230387095659e9
-4.155857509176677
-1.0742303824133272e9
-3.4303852634884747e10
0.289100902155828
3.4303852633678326e10
62343.983950674534
-2.013244294433521
-62340.275601646346
6.417878241562083e12
1.1898592381861666
-6.417878241564742e12
1.4506392457551695e7
-3.487055406223882
-1.450638839998071e7
617.1098899977309
0.20409664385726628
-618.7283949080089
331.98742817176105
-1.1565018378949514
-329.2407230320749
6.604383857252748e6
-0.03196525900809957
-6.604383839389219e6
-2.1782977146726474e7
-1.4447702486861667
2.178297867115031e7
4.845426831457689e10
-1.6524869657913934
-4.845426831305188e10
1.4237753953451742e6
-1.9296656988315908
-1.4237733970085527e6
749647.5098901585
0.5653687001261399
-749648.7767150569
181.89815994417842
-1.0984432701687201
-180.30115074743517
276381.278763439
-1.381150767013365
-276379.409544317
-3.89267902816924e7
1.6089674248302737
3.892678758519341e7
606838.991561035
-0.051698897513603764
-606838.1433966039
-2.069381430565291e11
-3.3798011559361973
2.0693814305980267e11
4.4874051248223595e7
-2.1479570219647948
-4.487404909258637e7
1.1329628503473923e9
-3.5274797895422276
-1.1329628469506497e9
2.0927815956044438e12
1.2473689083861548
-2.0927815956062527e12
14.205821202769556
-0.09167391466347413
-12.97747050984049
-7.323471795491076e8
-1.1758843765415772
7.323471813874042e8
-61560.25718819594
0.5470098554957455
61558.427681150526
13.25031096093647
-1.7340653709402192
-11.252016564582748
-8.0098146191654825e9
-2.8850142085663255
8.009814622788338e9
3.921773750584752e10
0.789766927140675
-3.921773750792292e10
1.135265787647525e9
-3.0767626903054848
-1.1352657836161067e9
-338622.86760547245
1.103537257077818
338621.41021234123
-2.2684685730322266e10
-1.8257368999897703
2.2684685732496063e10
4.5268255421281055e11
-1.6208471281461208
-4.526825542121895e11
4.436037170768778
0.42223842007760237
-2.3876426146367153
-13095.446563214042
1.2814353159973422
13092.663372802757
-8.57653286602257e10
-0.10006787121284383
8.576532866000471e10
15.398052545413348
0.05781816598674172
-16.411897164943944
-37521.42795996006
-0.40775478766070516
37522.75402356308
14867.809942353058
0.1336239042506751
-14868.084391411143
-718.4954604029163
0.360933825477739
718.4121918590326
-2.547287412994246e8
0.0806060037856345
2.5472874034442025e8
-1.1971880073611055e8
-0.6149746953710263
1.1971880320867114e8
82.15220576913649
0.229107057753409
-85.29846465695162
9.387515413607621e7
0.2441220310072
-9.387515255249596e7
1.9044367892243624e8
0.294605411686986
-1.9044368055846322e8
-5.27224381197722e10
-0.4341230612928579
5.272243812157229e10
9.203135089822622e9
-0.8130001464648161
-9.203135089290897e9
-4.714769911463838e11
0.3985751749548418
4.714769911463805e11
-7.925849099854729e6
0.8330972235371314
7.925848622982314e6
9.566821263790468e9
0.39205579695383863
-9.566821265150732e9
7.083061210558412e6
1.5123702935809253
-7.083062350681486e6
861.4043628213404
0.39527388760576815
-861.7019002900927
-627.8318558399981
-0.09420676492608576
629.698923284791
-5.624189037535102
-0.5493391221599931
4.352529874052409
-2.1986842740552563e12
0.3857617258392448
2.1986842740549138e12
-22.57895389360963
-1.2034502743703432
24.138212580620383
-5.368752906970948e8
-1.4015363925309248
5.368752926816142e8
-100171.41529260793
-1.1104295973080103
100171.5678873104
-14.285446567048858
-0.5385407609015042
16.799689898656936
-1.7336017479084924e7
2.0828354793670845
1.7336013265235156e7
31725.793772385947
-3.4965615089582807
-31722.082947135867
-8.633690139255352e7
-0.4030546210364815
8.63369011081328e7
35.20376946618737
1.0643994811694328
-35.675290354329434
-6.3370547468852125e7
-1.4840493860784012
6.337054765252616e7
142535.3042730055
-1.4834738811384296
-142532.5729867101
1.21672741770669e10
1.0605228113759557
-1.216727417874083e10
-2.708012455788779e8
-1.1452038730478808
2.708012482407773e8
-1071.283008975141
0.3932718526702785
1070.050753175277
13782.858381702317
0.34571683267609865
-13783.253804077784
2.8003050616973296e7
0.4120074946062628
-2.8003050907585993e7
-61.153005241002724
2.298352720425505
57.22667668668169
-3.9379269186255634e11
-7.6850839474391215
3.937926918742436e11
6.921582479314749e7
2.3332427949182613
-6.921582954621556e7
7.060371772284509e11
1.42498916543765
-7.060371772316387e11
18005.139708261897
-2.116925378174441
-18001.473032035035
2.494497850396202
-1.813158672661172
-1.2057844495559833
40.84626160492445
0.47150583220898684
-40.82056679981419
4.8992426650324345e7
0.6697980659997697
-4.8992427471994296e7
5201.123225536832
-2.9314115221270267
-5198.172428195693
3.2381759755826187
-0.47588757997243514
-3.5504121431843183
2.8226939596213565e9
-1.1111371438396234
-2.8226939574855185e9
868214.538707039
-0.6835579252363834
-868213.2245901992
7.323371332144823e11
1.1819662040018284
-7.323371332166251e11
-4.603200464491261e10
0.5228601571666238
4.6032004645827705e10
-1.1475084926879625e8
5.983083232679288
1.14750841695758e8
4.716692383419983e7
-0.2677905699809047
-4.716692356822763e7
-6.880145670953166
0.44741725663782533
7.238161865430267
-6.713746832861648e8
-2.090658310733973
6.713746852564493e8
-2.3387752279838036e10
-0.10724962783415729
2.338775228066534e10
-1.3363965390512065e12
-0.9283616652831695
1.3363965390518696e12
-7.022420680732661e9
-0.18579999888711496
7.022420680107255e9
6549.179578257435
0.6691363626917824
-6549.105655936229
-179584.08659237006
1.0673096280105547
179582.3824195628
3.662930259611417e6
-0.5723823805386584
-3.6629295680199824e6
-1.463861073450539e8
-2.226763315599956
1.4638610947558817e8
443.09161572034714
-1.895251556154202
-441.78038649847167
1.822452539305729
-1.8570342409969582
1.0247314214211363
-3929.628475668086
0.024957231936535942
3928.8949959047713
1.4536242530084467e8
1.0571310354729153
-1.4536242688905096e8
13.073980126230412
-2.640583620889605
-9.881923845310578
886.0222842172453
-2.2899361224456976
-882.7536770586329
-11.071620075369218
-0.1343850743283328
10.537354120188219
9.121564821149544e10
0.5281529941100916
-9.121564821178667e10
21.18042508979092
0.5621325905382991
-22.192223370848733
-0.214217267415248
-2.2466033796449927
2.8465480388124846
2.4196697089086825e8
-2.1174823447668594
-2.4196696884583086e8
10563.090195111527
2.0084688187705506
-10564.980116212017
1.6117966234412974e12
0.8917243277962827
-1.6117966234438472e12
33096.21341628812
-0.2918343091461152
-33094.079027124906
-10.084956229136955
0.21946426979448014
10.155215954049147
-1.3998011012021764e6
0.49839401121244137
1.3998002131046958e6
66371.31354769228
0.3087857979564654
-66371.8724278287
-4.854718888417597e9
-0.2913651694476577
4.854718890411483e9
-5577.221162692293
0.6287838992972706
5576.187628574754
-3.308387788956782e12
-1.25758898008077
3.3083877889575728e12
-3.881822813582213e11
0.23513275272923412
3.88182281357347e11
-8.09760245864118e7
1.311463920653518
8.097602326253085e7
429.4559821734517
3.371559943131888
-433.9835782616184
37.9233350422355
-0.2239181868490076
-37.44466649434039
4.777999645863122e9
-2.96373261273469
-4.777999641834951e9
2.102400517463612e11
1.7895783904323794
-2.102400517484096e11
-2.498630942492176e12
-1.8402349831405043
2.498630942494438e12
-4.5903943760425884e8
0.2368011925265426
4.59039436990581e8
-102943.22666809477
-1.9187251035335213
102945.11423191588
-1523.7825058862911
-0.9910740109448627
1524.8543871425334
-2.828773937192449e11
-1.8669601245260494
2.828773937211162e11
6.345179760113251e6
0.7931583350096846
-6.345180655612974e6
1.9979114800603125e11
0.09983403391874837
-1.9979114800619443e11
2655.735237444257
0.12163755249201247
-2655.244057168548
2.7803371176384597
1.961185824286032
-6.02344059809229
33.33326885767404
2.010565908728597
-34.64539955498052
-15293.596873608454
0.11125901438789154
15293.701830686405
-754.4540060561997
-3.142205023658031
757.4261696099699
-2.7119945834483388
-1.3191337280945181
4.028784619054655
-1.3074234700918837e9
0.27319363008047154
1.3074234700411718e9
-178764.40035460575
-0.1328842973616621
178764.7357643623
2.442631853837671e10
2.981040019117992
-2.442631854204286e10
1.0820534649255615e8
-1.7821280895795975
-1.0820534436585274e8
1.9232747073011694e12
1.4357148121341243
-1.923274707303123e12
-494.8349905029936
0.08313805984758424
496.0737199106888
-66081.54902587918
1.7393646187997587
66080.65572022286
-2.6847906454126826e6
1.7630735162676703
2.684788419379363e6
-1.7584383966360497e10
-0.6777310442069805
1.7584383965929127e10
6751.551121812349
-0.07623435049984567
-6752.88208466271
1.882917684102933e9
0.0246007527378041
-1.882917682869021e9
1.1618582502961316e11
0.8305532552136803
-1.1618582503049945e11
-4.724599993920423e7
1.5755406325968022
4.724599853303058e7
5.0997594733006716e8
-0.29284236201600183
-5.0997594782565135e8
2.1851837525350696e8
1.6731983140593478
-2.1851837804512584e8
3.3239821940196484e8
1.7176978039264832
-3.323982213216097e8
3.043980700525173
-0.9118950326157357
-0.1908903726945156
-63.820169380245126
0.01744233334892957
62.59127874150332
2.10304376709544e6
-1.7376475394773467
-2.1030407924648076e6
-95.30287009431275
0.19060385193745172
97.42916705637396
-1.0869127800067498e6
2.0803600682829737
1.0869088510276198e6
-5.109709596324586e10
0.4774335193126578
5.109709596180824e10
1.042673098821821e9
-2.506873363940212
-1.042673095816872e9
-16.92862959350541
-0.0654906238282596
18.662002047855506
-2.8303886695985077e10
-0.13228065263433403
2.8303886696818554e10
-2.1176189284963977e8
2.072257661210845
2.1176188906465784e8
-734113.1944688825
0.20138053056580135
734112.2422136781
72025.47233925818
-1.3673222077415026
-72025.61966719445
1.1050221318565501e8
-0.4840918347941012
-1.1050221138434236e8
-9546.906011298877
-0.4322549661356751
9547.689039733204
1360.8961559988934
0.5049053203970171
-1362.4124974714214
-8.837325278463194e9
-0.5623753729533575
8.837325281121729e9
1.1921294462910271e6
0.1907924316330022
-1.1921311022341673e6
-2.0992862178956246e9
-3.025839501068286
2.0992862204862504e9
35.12013486665359
-0.9248808711598714
-33.03584233372014
-2.1235825367629476e7
-0.7962003065622523
2.1235826474312864e7
-72.19169899933671
-1.0442675530995589
72.8104792482997
3.864536339246889e6
0.21690164383537472
-3.8645377088440447e6
163631.69950498897
0.9799526209531708
-163631.96893264717
-225474.59229161922
-0.15826250511557555
225475.21478073284
5.535237730919086e8
-0.4541354712193909
-5.535237735967754e8
2878.6204678031086
-0.4990496122397268
-2876.2862104265073
-1.7611149706434212e9
0.6115950280798178
1.7611149688232005e9
1830.086068811523
-0.8922561116143872
-1830.1594431278127
44963.095800516785
-0.9527884977383297
-44961.1572398395
96.31678726796207
-0.7880084281037413
-95.53519511076263
-3.4903222663691436
1.1895639594244494
2.021181383397544
4.6723923654866874e7
-1.0392848725464496
-4.672392064623211e7
-48321.71727850961
3.4957895127100063
48315.048086215174
115083.13359490201
1.4579897964032724
-115083.4392465614
1360.0397818622782
-1.881189025739996
-1358.553513248984
26901.542373793705
-0.6472686604645731
-26899.969045639715
1.9524034592210054e6
-0.19636782345576104
-1.952404040407236e6
121.83294278729896
0.7923039310865624
-122.91736604767837
6.332258258504335e10
1.2163077953426424
-6.3322582586122696e10
-1.903187378630094e9
0.431405129696746
1.9031873787354836e9
7.656076492283807e8
-0.7284568212518818
-7.656076482473633e8
3.643396544356846e10
0.29445557123196914
-3.643396544396418e10
-274.7372420797461
-1.0122141320518887
276.0567985671802
2.0212193580278285e7
4.893022529834161
-2.0212199148434833e7
-1.3011083895051698e8
0.06167910759632009
1.3011084004737122e8
-1.029368247000605e8
-0.19874431969643097
1.0293682402089573e8
-2401.9787211371276
-0.3215057277592013
2402.913525082645
-6.876438785601941e11
-1.1027249440055056
6.876438785607771e11
-42435.692157641635
-1.111557492971306
42437.11003530608
-8.887622319469598e7
0.7957070152995896
8.887622211329165e7
-230330.48532863992
2.4883847808949997
230329.6563142523
-1.5137403123374297e12
0.25870724013745133
1.5137403123355322e12
1215.418117027496
0.7484732537403554
-1216.179006288549
-1.8432590298743255e6
-0.210201822386555
1.843259776958328e6
-5.48827701320088e6
-2.1209834808584738
5.488279525836496e6
37339.44703010836
0.3467997797850358
-37342.233657281155
2.262971589527286e7
1.0939040125287824
-2.2629715489155415e7
267.8709554894794
1.011453003530921
-269.3362984302418
3.566799582733061e10
-0.7871042920843189
-3.566799582667418e10
519.7623971680598
-1.647920503196291
-517.9475204134159
-4.933945001743795e8
-0.20323800935426375
4.933945001957498e8
1.3966234595201297e9
0.7175642667706498
-1.3966234596715019e9
-235.44110102375748
0.533388963361337
234.90522140723454
1834.646974464356
-0.6676546677343763
-1833.9352654589704
0.14277025017205952
0.5197684165010008
-0.7657602402026756
-5.526580311335166
-0.8211971339761583
9.796543976953295
-1.9369108439322705e11
0.7932076917855225
1.936910843887653e11
-53948.825311552864
-2.4847971108460545
53952.719941550684
-1.6564693487685472e6
-0.6987083018140032
1.6564696603018523e6
81584.02947617756
2.233886527115831
-81587.3770066734
672620.7140010073
-0.46367339822648185
-672620.6206921274
123.67429463818785
-0.29689300687400877
-123.2971313894229
5.709027699010011e9
0.7577147505203312
-5.709027698957948e9
-1.555996895802878e9
3.9565043320555606
1.555996891749107e9
4.845737810999129e9
0.3738718638142857
-4.845737812013343e9
2.144921114629831
-1.3557071411150268
-0.1871037521342116
-6.191187254902306e7
-0.507394006295371
6.1911873628724314e7
-17689.21087709819
-1.1368759163698492
17691.496256046477
-2.6658352872348657e11
0.48044182914209443
2.66583528721537e11
-1.1471177089721415e10
0.3178080687939813
1.1471177089918877e10
-16445.631877424818
2.732661070152449
16442.44680456223
-1.3755229100998236e11
0.1582577906860816
1.3755229100942844e11
239.69829501554312
-0.11501022685029377
-238.89152798257462
-5.258135630429729e6
-0.08048251399539846
5.258135568770046e6
0.7702951287603501
0.11145412916994335
-1.5916351011165029
0.07573734982707994
0.9677540457494948
-1.4093855495897356
4.951495143265173e7
-1.4838009234556162
-4.951494887932704e7
-32264.480691547786
-2.045870058708704
32266.28534756727
-1087.4879966613935
-1.1150439984080487
1088.5575270768309
-0.27250175725854736
0.6661416101314779
-0.28998226390674164
4.266370705199384e10
0.8724543819213112
-4.266370705397536e10
0.18466355623995473
0.7119142619667441
-0.5337011683337084
599.1203449548964
1.6919628675935043
-602.0388558916432
986.2396684193181
-0.5625278769131652
-983.3473839605118
-1.0060977107884217e7
-1.2317834334157118
1.0060978966107652e7
1.5798899866250024e11
1.0700015821625
-1.5798899866455847e11
-1.2917559475332437e9
4.485606561797203
1.2917559411305356e9
1.4653771501149926e8
-2.068059278625518
-1.4653771131711382e8
288.6095422090388
-0.18083399894690327
-287.7304482584536
-1.5445959195317328e7
0.7645976998303795
1.5445957631285094e7
1.2575798638232803e7
0.8632507873469465
-1.2575800964341091e7
-2.048694683002612e7
0.9950681335699237
2.0486948368536733e7
-2620.1225368855676
-0.03264373145079988
2619.609622328084
-16304.39350765502
-1.21026711258308
16305.301372235745
8.583597636040302e7
-1.8265604750655358
-8.583597486324283e7
-1.7186579991495166
-1.069665939381777
3.14658215989182
-1.301535248049119e8
0.8179641441085873
1.3015352372246718e8
36493.772244952605
0.2710306826575743
-36493.8466937662
4193.25802481057
-0.0020443880359512787
-4193.919974609692
4.448456081887251e6
-0.6547152434377798
-4.448454810516803e6
1.5989445161154563e7
-0.9540691778042
-1.598944608247201e7
1.696087650882853e9
-3.0299024501926284
-1.696087643970364e9
-1.1527813836658837e8
1.758160227986251
1.152781367710348e8
-2.516319484451754e12
-0.06246399700189437
2.5163194844497856e12
-3.297963010686584e6
-1.025800564140584
3.297963933131995e6
1.0089632002597748e10
-2.362017713524789
-1.008963200058973e10
802.4765919202127
-0.5505230721506569
-801.5363751392161
-1136.545202372331
-0.6113394667973356
1137.1197146498314
4.34617952992658
1.6066287497126372
-6.032987490451317
-1.960569842429233e9
-0.030781563209483317
1.9605698425298822e9
-4.852261634794943e6
-1.0069394325217476
4.85226466932934e6
-5.056296185800881
0.33769826144839427
1.6318319952431868
45.40781586171847
-1.7258223205466625
-43.479468850011585
6.502323808358907e9
1.248581653359501
-6.502323809873395e9
-4.99942978613212e8
-0.8275726625843971
4.9994298123675185e8
1.7373991615406506e7
-1.471435051454078
-1.7373991068879697e7
36134.42654269236
1.0219554948486094
-36135.58981545927
183431.94234334704
0.6484778822297017
-183433.61771247652
1.2525601752275742e11
-1.2008334807157108
-1.2525601752012404e11
-9.097372734434733e11
0.17789916686712004
9.097372734440375e11
-4.99472249562214e10
-1.2958913644628898
4.994722495692492e10
-2.0108002550600776
-2.3296146023772333
4.517593042817298
526.8495736177447
2.878013404501872
-530.068327685624
-23.33960724808011
-0.0712358347285666
23.711684193548724
87667.82334791221
1.3323333476426302
-87669.50127736019
2.2016098835766106e10
1.5223515592987777
-2.2016098835816425e10
-4.3336044365088595
0.1455728090421331
2.8793101282763636
-6594.850510888527
-3.456007312538205
6599.641059189107
-1.1041857738024302e9
-0.1804990259968155
1.1041857726726623e9
-9.99065506342266e8
-0.8489434007638256
9.990655073331431e8
701.7482845505788
0.0084283586555262
-703.6364778456835
14.836227015558965
-0.27260203733130484
-12.780620877141304
-1244.9179967827713
-2.2944749401676643
1245.783737545915
9.92813366678648e12
-1.879302906306768
-9.92813366678343e12
-2.1648930570717067e6
-0.9275609331276525
2.1648939511521915e6
9.905289200131704e9
0.24930013689654154
-9.905289200246912e9
5.1560787970913833e8
1.0136555081819107
-5.1560788148904324e8
11574.313240749098
-0.6736885326137717
-11573.100841605024
26.03205609508334
0.40344123203554244
-26.25701938528525
118629.05082273032
0.7434340120881994
-118629.94156397998
-2678.7201959247654
-0.47039340054390916
2679.389707945653
-293.4098274140308
-1.381048039425857
295.2752315985597
-4275.297155149716
0.3316129760550605
4274.976022137831
81916.11288715378
0.03568156663483246
-81917.43166393513
-22.458279564504004
-1.4420545837858725
25.355184526153927
-13774.47517048756
3.2513582931355742
13770.486326813847
5.412641386016832e10
0.25542707075568816
-5.4126413860239525e10
-6.09396516279789e6
1.493932414688214
6.093963196814335e6
1.6491558204057276e8
-1.86944444015506
-1.649155800254836e8
158.50803767033818
0.6459380368669672
-160.082427727834
375575.18793355173
1.3939796044324868
-375575.5421126372
-1.0575619447170345e9
-0.8515643167963678
1.0575619464422343e9
2.3761524416944376e11
-1.0910634605274703
-2.376152441679784e11
-820122.3991841153
0.920038678084382
820119.8984953216
-5.346548844091211e9
-0.21924088450896706
5.346548844247948e9
6.66856895552172e8
-2.222291512929577
-6.668568942077667e8
-202.62313195948926
0.483134620712438
203.0472785677246
3.641148530006053e6
-2.3854324448369715
-3.6411457413456435e6
877877.2114058058
2.3682788041707243
-877879.4885609593
-0.05010888158348239
